positions
=========

                   SiII    CaII    SiII    SiII    SII     SII     SiII    CII     CII     OI      CaII
  date    epoch    3858    3951    4130    5051    5455    5640    6355    6580    7234    7774    8578
----------------------------------------------------------------------------------------------------------
09/04/15   -9.3    3730            4022    4898    5321            6168    6368    7002    7531
09/04/16   -8.4    3735            4026    4900    5324            6168    6370    7009    7535
09/04/17   -7.3    3736    3852    4029    4909    5326            6172    6375    7015    7542
09/04/21   -3.5    3739    3853    4033    4919    5339    5511    6182    6395    7045    7556    8351
09/04/27    2.6    3754    3858    4045    4926    5356    5521    6196    6422    7082    7562    8371
09/04/29    4.6    3757    3861    4048    4929    5359    5526    6200    6429    7092    7571    8369
09/05/01    6.7    3766    3860    4048    4928    5361    5531    6204    6437    7091    7571    8358
09/05/03    8.5    3776    3862    4055    4934    5368    5540    6206    6440    7096    7577    8358
09/05/04    9.5    3774    3860    4052    4932    5373    5539    6206    6440            7583    8347
09/05/06   11.6    3773    3861    4060    4936    5387    5548    6214    6446            7585    8352
09/05/12   17.7    3771    3857    4068    4934                    6220                    7592    8343
09/05/17   22.7    3776    3859            4933                    6228                    7587    8342
09/05/27   32.5                            4932                    6237                    7590    8350
09/05/31   36.6            3853            4929                    6236                    7592    8349
09/06/19   55.6            3856            4934                    6242                    7597
09/06/26   62.5            3858            4939                    6242                    7596    8341



velocities
==========

                   SiII    CaII    SiII    SiII    SII     SII     SiII    CII     CII     OI      CaII
  date    epoch    3858    3951    4130    5051    5455    5640    6355    6580    7234    7774    8578
----------------------------------------------------------------------------------------------------------
09/04/15   -9.3    9953            7845    9087    7369            8828    9666    9621    9377
09/04/16   -8.4    9565            7554    8969    7204            8828    9574    9331    9223
09/04/17   -7.3    9487    7517    7337    8434    7094            8639    9347    9082    8953
09/04/21   -3.5    9253    7441    7046    7840    6379    6862    8167    8435    7838    8413    7939
09/04/27    2.6    8087    7062    6174    7424    5445    6330    7506    7204    6304    8181    7239
09/04/29    4.6    7854    6834    5956    7246    5280    6064    7317    6884    5889    7834    7309
09/05/01    6.7    7154    6910    5956    7305    5170    5798    7128    6520    5930    7834    7694
09/05/03    8.5    6376    6758    5448    6949    4785    5319    7034    6383    5723    7602    7694
09/05/04    9.5    6532    6910    5666    7068    4510    5372    7034    6383            7371    8079
09/05/06   11.6    6610    6834    5085    6830    3740    4894    6656    6109            7294    7904
09/05/12   17.7    6765    7137    4504    6949                    6373                    7023    8219
09/05/17   22.7    6376    6986            7009                    5995                    7216    8254
09/05/27   32.5                            7068                    5570                    7101    7974
09/05/31   36.6            7441            7246                    5618                    7023    8009
09/06/19   55.6            7213            6949                    5334                    6830
09/06/26   62.5            7062            6652                    5334                    6869    8289
