FILTER Phase FILTER FMAG FERR
0 -15.100000000093132 B 14.394 0.05
4 -14.100000000093132 B 13.687999999999999 0.05
8 -13.100000000093132 B 12.88 0.04
12 -12.100000000093132 B 12.203 0.02
16 -11.100000000093132 B 11.738 0.02
20 -10.100000000093132 B 11.327 0.02
24 -9.100000000093132 B 11.054 0.04
28 -7.100000000093132 B 10.48 0.05
32 -6.100000000093132 B 10.299000000000001 0.03
36 -5.100000000093132 B 10.141 0.04
40 -3.1000000000931323 B 9.955 0.14
44 0.8999999999068677 B 10.027000000000001 0.06
48 1.8999999999068677 B 10.005 0.07
52 2.8000000002793968 B 10.078 0.08
56 3.8000000002793968 B 10.062999999999999 0.05
60 4.800000000279397 B 10.136000000000001 0.07
64 5.899999999906868 B 10.096 0.06
68 6.899999999906868 B 10.211 0.05
72 7.899999999906868 B 10.138 0.07
76 11.899999999906868 B 10.575 0.06
80 13.899999999906868 B 10.799000000000001 0.02
84 14.899999999906868 B 10.956 0.02
88 15.899999999906868 B 11.11 0.05
92 16.899999999906868 B 11.181 0.03
96 17.899999999906868 B 11.263 0.02
100 20.800000000279397 B 11.689 0.02
104 22.800000000279397 B 11.907 0.04
108 24.800000000279397 B 12.075999999999999 0.06
112 29.899999999906868 B 12.744000000000002 0.07
116 34.8000000002794 B 12.960999999999999 0.02
120 38.8000000002794 B 13.082 0.06
124 42.200000000186265 B 13.253 0.21
128 48.3000000002794 B 13.329 0.02
132 52.8000000002794 B 13.43 0.02
136 57.200000000186265 B 13.442 0.02
140 58.3000000002794 B 13.450999999999999 0.02
144 63.200000000186265 B 13.572000000000001 0.1
148 67.3000000002794 B 13.605 0.08
152 74.20000000018626 B 13.710999999999999 0.12
156 75.20000000018626 B 13.690999999999999 0.05
160 80.3000000002794 B 13.743 0.05
3 -15.100000000093132 I 13.985 0.05
7 -14.100000000093132 I 13.167 0.05
11 -13.100000000093132 I 12.514000000000001 0.04
15 -12.100000000093132 I 12.039000000000001 0.02
19 -11.100000000093132 I 11.607000000000001 0.02
23 -10.100000000093132 I 11.245999999999999 0.02
27 -9.100000000093132 I 10.953 0.04
31 -7.100000000093132 I 10.519 0.05
35 -6.100000000093132 I 10.412 0.03
39 -5.100000000093132 I 10.328 0.04
43 -3.1000000000931323 I 10.219 0.14
47 0.8999999999068677 I 10.309000000000001 0.06
51 1.8999999999068677 I 10.383 0.07
55 2.8000000002793968 I 10.37 0.08
59 3.8000000002793968 I 10.448 0.05
63 4.800000000279397 I 10.525 0.07
67 5.899999999906868 I 10.485 0.06
71 6.899999999906868 I 10.493 0.05
75 7.899999999906868 I 10.562000000000001 0.07
79 11.899999999906868 I 10.879000000000001 0.06
83 13.899999999906868 I 10.921 0.02
87 14.899999999906868 I 10.918 0.02
91 15.899999999906868 I 10.934000000000001 0.05
95 16.899999999906868 I 10.873 0.03
99 17.899999999906868 I 10.856 0.02
103 20.800000000279397 I 10.785 0.02
107 22.800000000279397 I 10.735999999999999 0.04
111 24.800000000279397 I 10.602 0.06
115 29.899999999906868 I 10.78 0.07
119 34.8000000002794 I 11.06 0.02
123 38.8000000002794 I 11.386 0.06
127 42.200000000186265 I 11.579 0.21
131 48.3000000002794 I 11.837 0.02
135 52.8000000002794 I 12.067 0.02
139 57.200000000186265 I 12.225 0.02
143 58.3000000002794 I 12.305 0.02
147 63.200000000186265 I 12.501 0.1
151 67.3000000002794 I 12.68 0.08
155 74.20000000018626 I 12.964 0.12
159 75.20000000018626 I 13.027000000000001 0.05
163 80.3000000002794 I 13.182 0.05
2 -15.100000000093132 R 13.982000000000001 0.05
6 -14.100000000093132 R 13.23 0.05
10 -13.100000000093132 R 12.58 0.04
14 -12.100000000093132 R 12.069 0.02
18 -11.100000000093132 R 11.655999999999999 0.02
22 -10.100000000093132 R 11.264000000000001 0.02
26 -9.100000000093132 R 10.958 0.04
30 -7.100000000093132 R 10.509 0.05
34 -6.100000000093132 R 10.372 0.03
38 -5.100000000093132 R 10.276 0.04
42 -3.1000000000931323 R 10.042 0.14
46 0.8999999999068677 R 10.107999999999999 0.06
50 1.8999999999068677 R 10.037 0.07
54 2.8000000002793968 R 10.08 0.08
58 3.8000000002793968 R 10.042 0.05
62 4.800000000279397 R 10.104 0.07
66 5.899999999906868 R 10.091000000000001 0.06
70 6.899999999906868 R 10.08 0.05
74 7.899999999906868 R 10.162 0.07
78 11.899999999906868 R 10.487 0.06
82 13.899999999906868 R 10.659 0.02
86 14.899999999906868 R 10.73 0.02
90 15.899999999906868 R 10.735 0.05
94 16.899999999906868 R 10.717 0.03
98 17.899999999906868 R 10.774000000000001 0.02
102 20.800000000279397 R 10.763 0.02
106 22.800000000279397 R 10.794 0.04
110 24.800000000279397 R 10.795 0.06
114 29.899999999906868 R 11.113 0.07
118 34.8000000002794 R 11.395 0.02
122 38.8000000002794 R 11.67 0.06
126 42.200000000186265 R 11.805 0.21
130 48.3000000002794 R 12.052 0.02
134 52.8000000002794 R 12.23 0.02
138 57.200000000186265 R 12.341 0.02
142 58.3000000002794 R 12.374 0.02
146 63.200000000186265 R 12.537 0.1
150 67.3000000002794 R 12.661 0.08
154 74.20000000018626 R 12.904000000000002 0.12
158 75.20000000018626 R 12.932 0.05
162 80.3000000002794 R 13.095 0.05
1 -15.100000000093132 V 14.079 0.05
5 -14.100000000093132 V 13.277000000000001 0.05
9 -13.100000000093132 V 12.603 0.04
13 -12.100000000093132 V 12.175999999999998 0.02
17 -11.100000000093132 V 11.761 0.02
21 -10.100000000093132 V 11.418 0.02
25 -9.100000000093132 V 11.050999999999998 0.04
29 -7.100000000093132 V 10.595 0.05
33 -6.100000000093132 V 10.479000000000001 0.03
37 -5.100000000093132 V 10.317 0.04
41 -3.1000000000931323 V 10.179 0.14
45 0.8999999999068677 V 10.094 0.06
49 1.8999999999068677 V 10.113 0.07
53 2.8000000002793968 V 10.081 0.08
57 3.8000000002793968 V 10.049 0.05
61 4.800000000279397 V 10.078 0.07
65 5.899999999906868 V 10.02 0.06
69 6.899999999906868 V 9.995 0.05
73 7.899999999906868 V 10.058 0.07
77 11.899999999906868 V 10.33 0.06
81 13.899999999906868 V 10.505 0.02
85 14.899999999906868 V 10.565999999999999 0.02
89 15.899999999906868 V 10.63 0.05
93 16.899999999906868 V 10.654000000000002 0.03
97 17.899999999906868 V 10.744000000000002 0.02
101 20.800000000279397 V 10.909 0.02
105 22.800000000279397 V 10.968 0.04
109 24.800000000279397 V 11.009 0.06
113 29.899999999906868 V 11.432 0.07
117 34.8000000002794 V 11.762 0.02
121 38.8000000002794 V 11.972000000000001 0.06
125 42.200000000186265 V 12.085 0.21
129 48.3000000002794 V 12.242 0.02
133 52.8000000002794 V 12.452 0.02
137 57.200000000186265 V 12.505 0.02
141 58.3000000002794 V 12.571 0.02
145 63.200000000186265 V 12.714 0.1
149 67.3000000002794 V 12.84 0.08
153 74.20000000018626 V 12.932 0.12
157 75.20000000018626 V 13.032 0.05
161 80.3000000002794 V 13.145 0.05
