FILTER Phase FILTER FMAG FERR
1 -12.850000000093132 B 12.98 .02
5 -12.050000000279397 B 12.73 .01
7 -11.930000000167638 B 12.712 .016
11 -11.900000000372529 B 12.80 .02
13 -11.06000000005588 B 12.46 .01
16 -10.940000000409782 B 12.449 .016
21 -10.040000000037253 B 12.362 .016
25 -9.03000000026077 B 12.06 .01
28 -9.03000000026077 B 12.152 .016
32 -7.0 B 11.78 .01
35 -3.0 B 11.748 .016
39 -1.0600000000558794 B 11.719 .016
44 -0.05000000027939677 B 11.720 .016
49 0.9899999997578561 B 11.741 .016
53 1.9199999999254942 B 11.694 .016
60 5.0 B 11.832 .016
64 5.899999999906868 B 11.836 .016
68 5.899999999906868 B 11.857 .016
71 6.96999999973923 B 11.912 .016
75 6.9799999999813735 B 11.919 .016
80 7.879999999888241 B 11.959 .016
84 7.879999999888241 B 11.971 .016
90 9.929999999701977 B 12.137 .016
94 10.849999999627471 B 12.208 .016
95 10.849999999627471 B 12.248 .016
100 12.869999999646097 B 12.408 .016
104 14.799999999813735 B 12.603 .016
109 14.799999999813735 B 12.600 .016
114 17.919999999925494 B 12.965 .016
118 19.84999999962747 B 13.131 .016
120 19.859999999869615 B 13.149 .016
122 20.859999999869615 B 13.39 .01
125 20.859999999869615 B 13.48 .01
128 29.889999999664724 B 14.071 .016
132 29.889999999664724 B 14.071 .017
137 38.919999999925494 B 14.302 .016
141 38.919999999925494 B 14.307 .016
143 44.77000000001863 B 14.556 .016
147 51.96999999973923 B 14.77 .01
154 55.79000000003725 B 14.770 .017
159 55.79000000003725 B 14.746 .017
161 62.799999999813735 B 14.863 .016
164 63.77000000001863 B 14.919 .016
168 63.77000000001863 B 14.931 .016
172 64.75999999977648 B 14.897 .016
176 64.75999999977648 B 14.917 .016
181 66.77999999979511 B 14.888 .016
186 69.77000000001863 B 14.934 .017
188 83.79000000003725 B 15.115 .016
192 93.80999999959022 B 15.42 .02
195 217.75999999977648 B 16.95 .06
198 217.75999999977648 B 16.98 .06
201 218.75999999977648 B 17.06 .06
204 222.09999999962747 B 17.20 .03
208 227.75999999977648 B 17.04 .06
211 253.12999999988824 B 17.496 .019
214 254.12999999988824 B 17.513 .018
217 278.1999999997206 B 17.66 .05
221 282.1199999996461 B 17.74 .04
224 282.95999999996275 B 17.75 .04
229 306.07999999960884 B 18.02 .06
232 310.7599999997765 B 18.25 .10
238 312.7599999997765 B 18.25 .10
244 316.07999999960884 B 18.445 .018
248 316.96999999973923 B 18.42 .07
251 345.06999999983236 B 18.834 .023
255 355.929999999702 B 18.916 .078
257 367.09999999962747 B 19.00 .03
261 370.98999999975786 B 18.99 .05
266 400.82999999960884 B 19.654 .078
270 400.839999999851 B 19.773 .097
274 401.09999999962747 B 19.43 .03
278 453.96999999973923 B 19.97 .10
4 -12.850000000093132 I 12.87 .02
24 -10.040000000037253 I 12.215 .017
37 -3.0 I 11.693 .017
42 -1.0600000000558794 I 11.690 .017
47 -0.05000000027939677 I 11.676 .017
56 1.9199999999254942 I 11.664 .017
59 4.989999999757856 I 11.805 .018
63 5.0 I 11.788 .017
67 5.899999999906868 I 11.847 .017
70 5.899999999906868 I 11.846 .017
74 6.96999999973923 I 11.915 .017
78 6.9799999999813735 I 11.917 .017
83 7.879999999888241 I 11.966 .017
87 7.879999999888241 I 11.967 .017
89 9.919999999925494 I 12.049 .017
93 9.929999999701977 I 12.051 .017
98 10.849999999627471 I 12.087 .017
107 14.799999999813735 I 12.076 .017
112 14.799999999813735 I 12.062 .017
117 17.919999999925494 I 12.022 .017
131 29.889999999664724 I 12.098 .017
135 29.889999999664724 I 12.111 .017
140 38.919999999925494 I 12.421 .017
146 44.77000000001863 I 12.819 .017
157 55.79000000003725 I 13.386 .017
163 62.799999999813735 I 13.712 .017
167 63.77000000001863 I 13.749 .017
171 63.77000000001863 I 13.738 .017
175 64.75999999977648 I 13.821 .017
179 64.75999999977648 I 13.790 .017
184 66.77999999979511 I 13.778 .017
191 83.79000000003725 I 14.538 .017
207 222.09999999962747 I 17.34 .08
213 253.12999999988824 I 17.939 .040
216 254.12999999988824 I 17.951 .046
228 302.07999999960884 I 18.367 .045
237 312.14999999990687 I 18.489 .026
243 313.09999999962747 I 18.43 .05
247 316.07999999960884 I 18.489 .031
253 345.06999999983236 I 18.952 .034
260 367.09999999962747 I 18.81 .09
264 370.98999999975786 I 19.00 .08
269 400.82999999960884 I 19.374 .119
273 400.839999999851 I 19.359 .113
277 401.09999999962747 I 19.08 .12
3 -12.850000000093132 R 12.67 .02
9 -11.930000000167638 R 12.526 .015
15 -11.06000000005588 R 12.32 .01
18 -10.940000000409782 R 12.299 .015
19 -10.050000000279397 R 12.159 .015
23 -10.040000000037253 R 12.134 .015
27 -9.03000000026077 R 11.97 .01
30 -9.03000000026077 R 11.971 .015
34 -7.0 R 11.70 .01
36 -3.0 R 11.533 .015
41 -1.0600000000558794 R 11.511 .015
46 -0.05000000027939677 R 11.509 .015
51 0.9899999997578561 R 11.475 .015
55 1.9199999999254942 R 11.435 .015
58 4.989999999757856 R 11.479 .015
62 5.0 R 11.466 .015
66 5.899999999906868 R 11.518 .015
69 5.899999999906868 R 11.501 .015
73 6.96999999973923 R 11.565 .015
77 6.9799999999813735 R 11.552 .015
82 7.879999999888241 R 11.589 .015
86 7.879999999888241 R 11.585 .015
88 9.919999999925494 R 11.729 .015
92 9.929999999701977 R 11.730 .015
97 10.849999999627471 R 11.811 .015
102 12.869999999646097 R 11.917 .015
106 14.799999999813735 R 11.982 .015
111 14.799999999813735 R 11.976 .015
116 17.919999999925494 R 12.029 .015
124 20.859999999869615 R 12.32 .01
130 29.889999999664724 R 12.378 .015
134 29.889999999664724 R 12.379 .015
139 38.919999999925494 R 12.820 .015
145 44.77000000001863 R 13.102 .015
149 51.96999999973923 R 13.51 .01
152 51.96999999973923 R 13.45 .01
156 55.79000000003725 R 13.527 .015
166 63.77000000001863 R 13.824 .015
170 63.77000000001863 R 13.830 .015
174 64.75999999977648 R 13.859 .001
178 64.75999999977648 R 13.872 .015
183 66.77999999979511 R 13.888 .015
190 83.79000000003725 R 14.407 .015
193 93.80999999959022 R 14.78 .02
194 104.79000000003725 R 15.29 .02
197 217.75999999977648 R 17.59 .06
200 217.75999999977648 R 17.62 .06
203 218.75999999977648 R 17.65 .06
206 222.09999999962747 R 17.65 .05
210 227.75999999977648 R 17.68 .06
219 278.1999999997206 R 18.54 .05
223 282.1199999996461 R 18.56 .04
226 282.95999999996275 R 18.52 .06
231 306.07999999960884 R 18.97 .05
234 310.7599999997765 R 19.00 .08
236 312.14999999990687 R 19.086 .022
240 312.7599999997765 R 19.05 .08
242 313.09999999962747 R 19.05 .05
246 316.07999999960884 R 19.080 .025
250 316.96999999973923 R 19.07 .06
259 367.09999999962747 R 19.64 .08
263 370.98999999975786 R 19.58 .05
268 400.82999999960884 R 20.271 .102
272 400.839999999851 R 20.162 .097
276 401.09999999962747 R 20.03 .08
280 453.96999999973923 R 20.57 .05
0 -12.850000000093132 U 12.26 .02
10 -11.900000000372529 U 12.04 .02
20 -10.040000000037253 U 11.610 .026
38 -1.0600000000558794 U 11.282 .026
43 -0.05000000027939677 U 11.270 .026
48 0.9899999997578561 U 11.233 .026
52 1.9199999999254942 U 11.329 .026
79 7.879999999888241 U 11.652 .026
99 12.869999999646097 U 12.381 .026
103 14.799999999813735 U 12.750 .026
108 14.799999999813735 U 12.778 .026
113 17.919999999925494 U 13.222 .026
136 38.919999999925494 U 14.610 .026
142 44.77000000001863 U 14.862 .026
153 55.79000000003725 U 15.032 .030
158 55.79000000003725 U 15.070 .030
180 66.77999999979511 U 15.265 .026
265 400.82999999960884 U 20.346 .250
2 -12.850000000093132 V 12.84 .02
6 -12.050000000279397 V 12.61 .01
8 -11.930000000167638 V 12.618 .016
12 -11.900000000372529 V 12.74 .02
14 -11.06000000005588 V 12.34 .01
17 -10.940000000409782 V 12.362 .016
22 -10.040000000037253 V 12.256 .016
26 -9.03000000026077 V 12.00 .01
29 -9.03000000026077 V 12.061 .016
31 -8.050000000279397 V 11.89 .01
33 -7.0 V 11.80 .01
40 -1.0600000000558794 V 11.573 .016
45 -0.05000000027939677 V 11.537 .016
50 0.9899999997578561 V 11.527 .016
54 1.9199999999254942 V 11.511 .016
57 4.989999999757856 V 11.529 .016
61 5.0 V 11.525 .016
65 5.899999999906868 V 11.535 .016
72 6.96999999973923 V 11.577 .016
76 6.9799999999813735 V 11.575 .016
81 7.879999999888241 V 11.605 .016
85 7.879999999888241 V 11.583 .016
91 9.929999999701977 V 11.643 .016
96 10.849999999627471 V 11.764 .016
101 12.869999999646097 V 11.873 .016
105 14.799999999813735 V 11.974 .016
110 14.799999999813735 V 11.971 .016
115 17.919999999925494 V 12.150 .016
119 19.84999999962747 V 12.223 .016
121 19.859999999869615 V 12.247 .016
123 20.859999999869615 V 12.32 .01
126 20.859999999869615 V 12.29 .01
127 20.859999999869615 V 12.45 .01
129 29.889999999664724 V 12.731 .016
133 29.889999999664724 V 12.735 .016
138 38.919999999925494 V 13.123 .016
144 44.77000000001863 V 13.423 .016
148 51.96999999973923 V 13.60 .01
150 51.96999999973923 V 13.59 .01
151 51.96999999973923 V 13.66 .01
155 55.79000000003725 V 13.744 .016
160 55.79000000003725 V 13.754 .016
162 62.799999999813735 V 13.936 .016
165 63.77000000001863 V 14.018 .016
169 63.77000000001863 V 13.986 .016
173 64.75999999977648 V 14.059 .016
177 64.75999999977648 V 14.058 .016
182 66.77999999979511 V 14.045 .016
185 69.75999999977648 V 14.139 .016
187 69.77000000001863 V 14.143 .016
189 83.79000000003725 V 14.476 .016
196 217.75999999977648 V 17.01 .05
199 217.75999999977648 V 17.01 .05
202 218.75999999977648 V 17.10 .06
205 222.09999999962747 V 17.13 .03
209 227.75999999977648 V 17.07 .06
212 253.12999999988824 V 17.484 .018
215 254.12999999988824 V 17.475 .018
218 278.1999999997206 V 17.95 .05
220 281.89999999990687 V 17.88 .07
222 282.1199999996461 V 17.96 .03
225 282.95999999996275 V 17.94 .08
227 302.07999999960884 V 18.116 .022
230 306.07999999960884 V 18.34 .05
233 310.7599999997765 V 18.27 .06
235 312.14999999990687 V 18.343 .017
239 312.7599999997765 V 18.35 .06
241 313.09999999962747 V 18.35 .03
245 316.07999999960884 V 18.357 .019
249 316.96999999973923 V 18.42 .07
252 345.06999999983236 V 18.765 .022
254 355.9199999999255 V 19.010 .052
256 355.929999999702 V 18.947 .047
258 367.09999999962747 V 19.05 .03
262 370.98999999975786 V 19.12 .05
267 400.82999999960884 V 19.662 .057
271 400.839999999851 V 19.684 .063
275 401.09999999962747 V 19.49 .03
279 453.96999999973923 V 20.27 .05
