FILTER Phase FILTER FMAG FERR
0 -11.0 B 14.737 0.018
5 -10.8 B 14.629 0.010
9 -7.3 B 13.974 0.014
13 -6.2 B 13.820 0.024
18 -5.8 B 13.719 0.018
23 -4.0 B 13.589 0.021
27 -1.9 B 13.496 0.010
31 -1.0 B 13.489 0.012
35 0.0 B 13.489 0.019
39 1.1 B 13.506 0.015
43 3.1 B 13.566 0.010
48 4.2 B 13.605 0.010
53 5.1 B 13.643 0.011
57 7.2 B 13.764 0.010
62 8.2 B 13.845 0.011
67 9.1 B 13.908 0.010
72 10.1 B 14.004 0.014
76 10.7 B 14.066 0.018
80 15.8 B 14.596 0.013
84 17.1 B 14.722 0.023
88 18.0 B 14.833 0.014
92 19.0 B 14.942 0.012
96 20.0 B 15.043 0.011
98 21.0 B 15.146 0.014
105 26.1 B 15.648 0.010
110 31.2 B 16.041 0.011
114 34.7 B 16.363 0.085
121 39.7 B 16.472 0.036
125 45.1 B 16.606 0.021
130 51.1 B 16.727 0.011
134 52.7 B 16.745 0.023
138 54.6 B 16.753 0.039
142 58.7 B 16.835 0.016
153 63.1 B 16.924 0.011
161 72.0 B 17.082 0.015
165 87.0 B 17.319 0.010
169 108.0 B 17.618 0.030
172 109.0 B 17.688 0.011
177 132.9 B 17.961 0.022
182 136.0 B 18.059 0.012
187 143.0 B 18.114 0.021
191 199.2 B 18.660 0.100
194 200.3 B 18.990 0.060
197 202.2 B 18.900 0.040
200 208.3 B 19.020 0.070
204 220.4 B 19.304 0.016
208 227.4 B 19.384 0.010
212 370.2 B 21.476 0.019
217 371.2 B 21.531 0.011
221 413.4 B 22.100 0.044
225 463.0 B 22.771 0.027
3 -11.0 I 14.798 0.017
8 -10.8 I 14.756 0.021
12 -7.3 I 14.052 0.017
16 -6.2 I 13.936 0.024
21 -5.8 I 13.921 0.021
26 -4.0 I 13.834 0.023
30 -1.9 I 13.841 0.010
34 -1.0 I 13.857 0.011
38 0.0 I 13.870 0.010
42 1.1 I 13.927 0.016
46 3.1 I 14.009 0.010
51 4.2 I 13.982 0.016
55 5.1 I 14.017 0.010
60 7.2 I 14.205 0.018
65 8.2 I 14.271 0.010
70 9.1 I 14.352 0.015
75 10.1 I 14.443 0.011
79 10.7 I 14.448 0.010
83 15.8 I 14.588 0.017
87 17.1 I 14.626 0.031
91 18.0 I 14.611 0.010
95 19.0 I 14.594 0.010
101 21.0 I 14.464 0.018
103 22.8 I 14.451 0.014
108 26.1 I 14.410 0.027
113 31.2 I 14.451 0.019
117 34.7 I 14.540 0.035
120 38.7 I 14.829 0.024
124 39.7 I 14.929 0.018
128 45.1 I 15.265 0.010
133 51.1 I 15.584 0.022
137 52.7 I 15.633 0.038
141 54.6 I 15.715 0.039
145 58.7 I 15.920 0.022
148 60.0 I 16.026 0.019
151 62.7 I 16.096 0.029
156 63.1 I 16.138 0.017
157 63.7 I 16.194 0.045
160 66.8 I 16.270 0.030
164 72.0 I 16.477 0.012
168 87.0 I 17.010 0.011
175 109.0 I 17.756 0.018
180 132.9 I 18.454 0.075
185 136.0 I 18.329 0.020
190 143.0 I 18.570 0.067
207 220.4 I 19.673 0.031
211 227.4 I 19.910 0.033
215 370.2 I 21.192 0.029
220 371.2 I 21.320 0.030
224 413.4 I 21.720 0.038
227 466.0 I 22.212 0.048
2 -11.0 R 14.728 0.010
7 -10.8 R 14.672 0.010
11 -7.3 R 13.963 0.015
15 -6.2 R 13.852 0.010
20 -5.8 R 13.754 0.010
25 -4.0 R 13.639 0.022
29 -1.9 R 13.592 0.010
33 -1.0 R 13.569 0.010
37 0.0 R 13.575 0.011
41 1.1 R 13.590 0.018
45 3.1 R 13.600 0.010
50 4.2 R 13.600 0.010
59 7.2 R 13.786 0.011
64 8.2 R 13.838 0.010
69 9.1 R 13.908 0.011
74 10.1 R 13.979 0.010
78 10.7 R 14.040 0.011
82 15.8 R 14.342 0.011
86 17.1 R 14.332 0.012
90 18.0 R 14.350 0.016
94 19.0 R 14.361 0.012
100 21.0 R 14.392 0.012
102 22.8 R 14.493 0.031
107 26.1 R 14.453 0.019
112 31.2 R 14.658 0.010
116 34.7 R 14.881 0.018
119 38.7 R 15.140 0.013
123 39.7 R 15.187 0.018
127 45.1 R 15.415 0.017
132 51.1 R 15.613 0.011
136 52.7 R 15.679 0.018
140 54.6 R 15.776 0.032
144 58.7 R 15.874 0.011
147 60.0 R 15.926 0.010
150 62.7 R 16.010 0.017
155 63.1 R 16.036 0.011
159 66.8 R 16.140 0.020
163 72.0 R 16.275 0.010
167 87.0 R 16.719 0.011
171 108.0 R 17.309 0.028
174 109.0 R 17.379 0.014
179 132.9 R 18.040 0.023
184 136.0 R 18.077 0.029
189 143.0 R 18.330 0.062
193 199.2 R 19.090 0.120
196 200.3 R 19.210 0.110
199 202.2 R 19.330 0.110
202 208.3 R 19.370 0.120
206 220.4 R 19.899 0.041
210 227.4 R 19.979 0.044
214 370.2 R 22.202 0.044
219 371.2 R 22.190 0.028
223 413.4 R 23.010 0.052
4 -10.8 U 14.382 0.011
17 -5.8 U 13.193 0.034
22 -4.0 U 13.077 0.015
47 4.2 U 13.234 0.014
52 5.1 U 13.316 0.040
56 7.2 U 13.597 0.021
61 8.2 U 13.651 0.017
66 9.1 U 13.749 0.017
71 10.1 U 13.838 0.021
97 21.0 U 15.144 0.017
104 26.1 U 15.809 0.023
109 31.2 U 16.172 0.033
129 51.1 U 16.796 0.023
152 63.1 U 17.004 0.026
176 132.9 U 18.763 0.079
181 136.0 U 18.844 0.032
186 143.0 U 19.140 0.072
203 220.4 U 20.688 0.038
216 371.2 U 22.638 0.079
1 -11.0 V 14.854 0.014
6 -10.8 V 14.774 0.010
10 -7.3 V 14.072 0.022
14 -6.2 V 13.920 0.012
19 -5.8 V 13.860 0.010
24 -4.0 V 13.712 0.027
28 -1.9 V 13.614 0.018
32 -1.0 V 13.595 0.019
36 0.0 V 13.566 0.025
40 1.1 V 13.575 0.014
44 3.1 V 13.587 0.021
49 4.2 V 13.620 0.016
54 5.1 V 13.642 0.017
58 7.2 V 13.712 0.010
63 8.2 V 13.758 0.010
68 9.1 V 13.795 0.011
73 10.1 V 13.842 0.010
77 10.7 V 13.862 0.010
81 15.8 V 14.186 0.010
85 17.1 V 14.268 0.028
89 18.0 V 14.302 0.014
93 19.0 V 14.350 0.013
99 21.0 V 14.463 0.017
106 26.1 V 14.724 0.010
111 31.2 V 15.018 0.014
115 34.7 V 15.223 0.047
118 38.7 V 15.477 0.131
122 39.7 V 15.473 0.011
126 45.1 V 15.676 0.010
131 51.1 V 15.859 0.015
135 52.7 V 15.892 0.012
139 54.6 V 15.924 0.018
143 58.7 V 16.046 0.019
146 60.0 V 16.088 0.016
149 62.7 V 16.159 0.036
154 63.1 V 16.173 0.010
158 66.8 V 16.290 0.020
162 72.0 V 16.410 0.015
166 87.0 V 16.769 0.011
170 108.0 V 17.266 0.026
173 109.0 V 17.281 0.012
178 132.9 V 17.780 0.021
183 136.0 V 17.851 0.017
188 143.0 V 17.956 0.043
192 199.2 V 18.670 0.100
195 200.3 V 18.930 0.060
198 202.2 V 18.950 0.050
201 208.3 V 19.090 0.100
205 220.4 V 19.313 0.012
209 227.4 V 19.419 0.011
213 370.2 V 21.453 0.020
218 371.2 V 21.493 0.018
222 413.4 V 22.010 0.026
226 463.0 V 22.827 0.026
