This file contains the LC params of SN2011by in filter-B

#-----------------------------#

#-----------------------------#
Jd at maximum in B band is: 2455691.072419 +/- 0.192302
Magnitude at maximum in B band is: 12.915614 +/- 0.011317
#-----------------------------#
#-----------------------------#
JD after 15-days from B band maximum is: 2455706.072419
Magnitude after 15-days from B band maximum is: 13.996401 +/- 0.017020
Estimated value of dm15 is: 1.080787 +/- 0.020440
Secondary maximum is not applicable for this band
The magnitudes are not k-corrected
Interpolated Light Curve through GP

#-----------------------------#

  JD                 MAG           MERR

2455671.466200           15.962474       0.195484

2455671.522378           15.953770       0.193919

2455671.578557           15.945022       0.192356

2455671.634735           15.936228       0.190797

2455671.690913           15.927390       0.189241

2455671.747091           15.918508       0.187689

2455671.803270           15.909581       0.186139

2455671.859448           15.900609       0.184593

2455671.915626           15.891593       0.183051

2455671.971805           15.882533       0.181511

2455672.027983           15.873429       0.179976

2455672.084161           15.864280       0.178444

2455672.140339           15.855088       0.176915

2455672.196518           15.845852       0.175390

2455672.252696           15.836572       0.173869

2455672.308874           15.827248       0.172352

2455672.365052           15.817880       0.170839

2455672.421231           15.808470       0.169329

2455672.477409           15.799015       0.167823

2455672.533587           15.789518       0.166321

2455672.589766           15.779978       0.164824

2455672.645944           15.770394       0.163330

2455672.702122           15.760768       0.161841

2455672.758300           15.751099       0.160355

2455672.814479           15.741387       0.158874

2455672.870657           15.731633       0.157397

2455672.926835           15.721837       0.155925

2455672.983014           15.711999       0.154457

2455673.039192           15.702118       0.152993

2455673.095370           15.692196       0.151534

2455673.151548           15.682232       0.150080

2455673.207727           15.672226       0.148630

2455673.263905           15.662180       0.147184

2455673.320083           15.652091       0.145744

2455673.376261           15.641962       0.144308

2455673.432440           15.631792       0.142877

2455673.488618           15.621582       0.141451

2455673.544796           15.611330       0.140030

2455673.600975           15.601039       0.138614

2455673.657153           15.590707       0.137203

2455673.713331           15.580336       0.135797

2455673.769509           15.569924       0.134397

2455673.825688           15.559473       0.133001

2455673.881866           15.548983       0.131611

2455673.938044           15.538453       0.130226

2455673.994223           15.527885       0.128847

2455674.050401           15.517278       0.127473

2455674.106579           15.506632       0.126104

2455674.162757           15.495948       0.124741

2455674.218936           15.485227       0.123384

2455674.275114           15.474467       0.122032

2455674.331292           15.463669       0.120687

2455674.387470           15.452835       0.119347

2455674.443649           15.441963       0.118013

2455674.499827           15.431054       0.116684

2455674.556005           15.420109       0.115362

2455674.612184           15.409127       0.114046

2455674.668362           15.398109       0.112736

2455674.724540           15.387055       0.111432

2455674.780718           15.375966       0.110135

2455674.836897           15.364842       0.108843

2455674.893075           15.353682       0.107559

2455674.949253           15.342488       0.106280

2455675.005432           15.331259       0.105008

2455675.061610           15.319996       0.103743

2455675.117788           15.308700       0.102484

2455675.173966           15.297369       0.101232

2455675.230145           15.286006       0.099986

2455675.286323           15.274609       0.098747

2455675.342501           15.263180       0.097516

2455675.398679           15.251719       0.096291

2455675.454858           15.240225       0.095073

2455675.511036           15.228700       0.093862

2455675.567214           15.217144       0.092658

2455675.623393           15.205556       0.091462

2455675.679571           15.193938       0.090273

2455675.735749           15.182290       0.089091

2455675.791927           15.170611       0.087916

2455675.848106           15.158904       0.086749

2455675.904284           15.147166       0.085589

2455675.960462           15.135400       0.084437

2455676.016641           15.123606       0.083293

2455676.072819           15.111784       0.082156

2455676.128997           15.099933       0.081028

2455676.185175           15.088056       0.079907

2455676.241354           15.076152       0.078793

2455676.297532           15.064221       0.077688

2455676.353710           15.052264       0.076591

2455676.409888           15.040281       0.075502

2455676.466067           15.028273       0.074422

2455676.522245           15.016240       0.073349

2455676.578423           15.004183       0.072285

2455676.634602           14.992102       0.071229

2455676.690780           14.979997       0.070182

2455676.746958           14.967870       0.069143

2455676.803136           14.955719       0.068113

2455676.859315           14.943547       0.067092

2455676.915493           14.931353       0.066079

2455676.971671           14.919137       0.065075

2455677.027850           14.906901       0.064081

2455677.084028           14.894645       0.063095

2455677.140206           14.882369       0.062118

2455677.196384           14.870074       0.061150

2455677.252563           14.857759       0.060192

2455677.308741           14.845427       0.059242

2455677.364919           14.833077       0.058303

2455677.421097           14.820710       0.057372

2455677.477276           14.808326       0.056451

2455677.533454           14.795926       0.055540

2455677.589632           14.783510       0.054638

2455677.645811           14.771080       0.053746

2455677.701989           14.758635       0.052864

2455677.758167           14.746176       0.051992

2455677.814345           14.733704       0.051129

2455677.870524           14.721219       0.050277

2455677.926702           14.708721       0.049435

2455677.982880           14.696213       0.048603

2455678.039059           14.683693       0.047781

2455678.095237           14.671163       0.046970

2455678.151415           14.658623       0.046169

2455678.207593           14.646074       0.045379

2455678.263772           14.633517       0.044599

2455678.319950           14.620952       0.043830

2455678.376128           14.608379       0.043071

2455678.432307           14.595800       0.042323

2455678.488485           14.583215       0.041587

2455678.544663           14.570625       0.040861

2455678.600841           14.558031       0.040146

2455678.657020           14.545432       0.039442

2455678.713198           14.532830       0.038750

2455678.769376           14.520226       0.038068

2455678.825554           14.507620       0.037398

2455678.881733           14.495014       0.036740

2455678.937911           14.482406       0.036092

2455678.994089           14.469800       0.035457

2455679.050268           14.457194       0.034832

2455679.106446           14.444590       0.034220

2455679.162624           14.431989       0.033619

2455679.218802           14.419392       0.033030

2455679.274981           14.406798       0.032452

2455679.331159           14.394210       0.031886

2455679.387337           14.381627       0.031332

2455679.443516           14.369051       0.030790

2455679.499694           14.356483       0.030260

2455679.555872           14.343922       0.029741

2455679.612050           14.331371       0.029235

2455679.668229           14.318829       0.028740

2455679.724407           14.306299       0.028258

2455679.780585           14.293779       0.027787

2455679.836763           14.281273       0.027328

2455679.892942           14.268779       0.026881

2455679.949120           14.256300       0.026446

2455680.005298           14.243836       0.026022

2455680.061477           14.231387       0.025610

2455680.117655           14.218956       0.025210

2455680.173833           14.206542       0.024822

2455680.230011           14.194147       0.024445

2455680.286190           14.181772       0.024079

2455680.342368           14.169416       0.023725

2455680.398546           14.157083       0.023382

2455680.454725           14.144771       0.023050

2455680.510903           14.132483       0.022729

2455680.567081           14.120218       0.022419

2455680.623259           14.107979       0.022119

2455680.679438           14.095766       0.021830

2455680.735616           14.083579       0.021552

2455680.791794           14.071421       0.021283

2455680.847972           14.059291       0.021024

2455680.904151           14.047190       0.020775

2455680.960329           14.035121       0.020536

2455681.016507           14.023082       0.020305

2455681.072686           14.011077       0.020084

2455681.128864           13.999104       0.019872

2455681.185042           13.987166       0.019668

2455681.241220           13.975263       0.019472

2455681.297399           13.963396       0.019285

2455681.353577           13.951567       0.019105

2455681.409755           13.939775       0.018932

2455681.465934           13.928022       0.018767

2455681.522112           13.916309       0.018609

2455681.578290           13.904636       0.018457

2455681.634468           13.893005       0.018312

2455681.690647           13.881417       0.018172

2455681.746825           13.869872       0.018039

2455681.803003           13.858372       0.017911

2455681.859181           13.846917       0.017788

2455681.915360           13.835507       0.017670

2455681.971538           13.824145       0.017557

2455682.027716           13.812831       0.017448

2455682.083895           13.801565       0.017343

2455682.140073           13.790349       0.017242

2455682.196251           13.779184       0.017145

2455682.252429           13.768069       0.017051

2455682.308608           13.757007       0.016960

2455682.364786           13.745998       0.016872

2455682.420964           13.735043       0.016787

2455682.477143           13.724142       0.016704

2455682.533321           13.713297       0.016623

2455682.589499           13.702508       0.016544

2455682.645677           13.691776       0.016467

2455682.701856           13.681102       0.016392

2455682.758034           13.670487       0.016318

2455682.814212           13.659931       0.016246

2455682.870390           13.649435       0.016174

2455682.926569           13.639001       0.016104

2455682.982747           13.628627       0.016034

2455683.038925           13.618317       0.015965

2455683.095104           13.608069       0.015896

2455683.151282           13.597885       0.015828

2455683.207460           13.587765       0.015761

2455683.263638           13.577711       0.015693

2455683.319817           13.567722       0.015625

2455683.375995           13.557800       0.015558

2455683.432173           13.547945       0.015490

2455683.488352           13.538158       0.015423

2455683.544530           13.528439       0.015355

2455683.600708           13.518789       0.015287

2455683.656886           13.509209       0.015218

2455683.713065           13.499698       0.015149

2455683.769243           13.490259       0.015080

2455683.825421           13.480890       0.015010

2455683.881599           13.471593       0.014939

2455683.937778           13.462369       0.014868

2455683.993956           13.453217       0.014797

2455684.050134           13.444139       0.014725

2455684.106313           13.435134       0.014652

2455684.162491           13.426204       0.014579

2455684.218669           13.417348       0.014505

2455684.274847           13.408568       0.014431

2455684.331026           13.399863       0.014356

2455684.387204           13.391234       0.014281

2455684.443382           13.382681       0.014205

2455684.499561           13.374205       0.014128

2455684.555739           13.365807       0.014051

2455684.611917           13.357486       0.013974

2455684.668095           13.349242       0.013896

2455684.724274           13.341077       0.013818

2455684.780452           13.332990       0.013739

2455684.836630           13.324983       0.013660

2455684.892809           13.317054       0.013581

2455684.948987           13.309204       0.013502

2455685.005165           13.301435       0.013422

2455685.061343           13.293745       0.013343

2455685.117522           13.286135       0.013263

2455685.173700           13.278606       0.013183

2455685.229878           13.271157       0.013103

2455685.286056           13.263789       0.013024

2455685.342235           13.256502       0.012944

2455685.398413           13.249295       0.012865

2455685.454591           13.242171       0.012786

2455685.510770           13.235127       0.012708

2455685.566948           13.228165       0.012630

2455685.623126           13.221285       0.012552

2455685.679304           13.214486       0.012475

2455685.735483           13.207769       0.012398

2455685.791661           13.201134       0.012323

2455685.847839           13.194581       0.012248

2455685.904018           13.188109       0.012173

2455685.960196           13.181720       0.012100

2455686.016374           13.175413       0.012028

2455686.072552           13.169188       0.011956

2455686.128731           13.163045       0.011886

2455686.184909           13.156983       0.011817

2455686.241087           13.151004       0.011749

2455686.297265           13.145107       0.011683

2455686.353444           13.139291       0.011617

2455686.409622           13.133558       0.011554

2455686.465800           13.127906       0.011491

2455686.521979           13.122335       0.011430

2455686.578157           13.116847       0.011371

2455686.634335           13.111439       0.011313

2455686.690513           13.106113       0.011257

2455686.746692           13.100868       0.011203

2455686.802870           13.095704       0.011150

2455686.859048           13.090620       0.011099

2455686.915227           13.085617       0.011049

2455686.971405           13.080695       0.011002

2455687.027583           13.075853       0.010956

2455687.083761           13.071091       0.010912

2455687.139940           13.066408       0.010869

2455687.196118           13.061805       0.010829

2455687.252296           13.057282       0.010790

2455687.308474           13.052837       0.010754

2455687.364653           13.048472       0.010719

2455687.420831           13.044185       0.010685

2455687.477009           13.039976       0.010654

2455687.533188           13.035845       0.010624

2455687.589366           13.031791       0.010597

2455687.645544           13.027815       0.010571

2455687.701722           13.023916       0.010546

2455687.757901           13.020094       0.010524

2455687.814079           13.016348       0.010503

2455687.870257           13.012678       0.010484

2455687.926436           13.009084       0.010466

2455687.982614           13.005565       0.010450

2455688.038792           13.002122       0.010436

2455688.094970           12.998752       0.010424

2455688.151149           12.995458       0.010413

2455688.207327           12.992236       0.010403

2455688.263505           12.989089       0.010395

2455688.319683           12.986014       0.010389

2455688.375862           12.983012       0.010384

2455688.432040           12.980083       0.010380

2455688.488218           12.977225       0.010378

2455688.544397           12.974439       0.010377

2455688.600575           12.971724       0.010377

2455688.656753           12.969079       0.010379

2455688.712931           12.966505       0.010382

2455688.769110           12.964000       0.010387

2455688.825288           12.961565       0.010392

2455688.881466           12.959198       0.010399

2455688.937645           12.956900       0.010407

2455688.993823           12.954670       0.010416

2455689.050001           12.952507       0.010426

2455689.106179           12.950412       0.010437

2455689.162358           12.948383       0.010449

2455689.218536           12.946420       0.010462

2455689.274714           12.944523       0.010476

2455689.330892           12.942691       0.010491

2455689.387071           12.940923       0.010507

2455689.443249           12.939220       0.010524

2455689.499427           12.937581       0.010542

2455689.555606           12.936005       0.010560

2455689.611784           12.934492       0.010579

2455689.667962           12.933041       0.010599

2455689.724140           12.931652       0.010620

2455689.780319           12.930324       0.010642

2455689.836497           12.929057       0.010664

2455689.892675           12.927851       0.010687

2455689.948854           12.926704       0.010711

2455690.005032           12.925617       0.010735

2455690.061210           12.924589       0.010760

2455690.117388           12.923619       0.010786

2455690.173567           12.922707       0.010812

2455690.229745           12.921853       0.010839

2455690.285923           12.921056       0.010867

2455690.342102           12.920315       0.010895

2455690.398280           12.919630       0.010924

2455690.454458           12.919001       0.010953

2455690.510636           12.918427       0.010983

2455690.566815           12.917908       0.011014

2455690.622993           12.917442       0.011045

2455690.679171           12.917031       0.011077

2455690.735349           12.916672       0.011110

2455690.791528           12.916367       0.011143

2455690.847706           12.916113       0.011176

2455690.903884           12.915912       0.011211

2455690.960063           12.915762       0.011246

2455691.016241           12.915663       0.011281

2455691.072419           12.915614       0.011317

2455691.128597           12.915615       0.011354

2455691.184776           12.915666       0.011392

2455691.240954           12.915766       0.011430

2455691.297132           12.915915       0.011469

2455691.353311           12.916113       0.011508

2455691.409489           12.916358       0.011548

2455691.465667           12.916651       0.011589

2455691.521845           12.916991       0.011630

2455691.578024           12.917377       0.011672

2455691.634202           12.917810       0.011715

2455691.690380           12.918289       0.011758

2455691.746558           12.918814       0.011802

2455691.802737           12.919383       0.011847

2455691.858915           12.919998       0.011892

2455691.915093           12.920657       0.011937

2455691.971272           12.921360       0.011983

2455692.027450           12.922107       0.012030

2455692.083628           12.922898       0.012077

2455692.139806           12.923731       0.012125

2455692.195985           12.924607       0.012173

2455692.252163           12.925526       0.012221

2455692.308341           12.926487       0.012270

2455692.364520           12.927490       0.012319

2455692.420698           12.928534       0.012368

2455692.476876           12.929620       0.012418

2455692.533054           12.930746       0.012468

2455692.589233           12.931913       0.012518

2455692.645411           12.933121       0.012569

2455692.701589           12.934369       0.012619

2455692.757767           12.935656       0.012670

2455692.813946           12.936983       0.012720

2455692.870124           12.938350       0.012771

2455692.926302           12.939755       0.012822

2455692.982481           12.941199       0.012873

2455693.038659           12.942682       0.012924

2455693.094837           12.944203       0.012974

2455693.151015           12.945762       0.013025

2455693.207194           12.947359       0.013075

2455693.263372           12.948994       0.013126

2455693.319550           12.950666       0.013176

2455693.375729           12.952375       0.013226

2455693.431907           12.954121       0.013276

2455693.488085           12.955903       0.013325

2455693.544263           12.957722       0.013374

2455693.600442           12.959578       0.013423

2455693.656620           12.961469       0.013472

2455693.712798           12.963397       0.013520

2455693.768976           12.965360       0.013568

2455693.825155           12.967358       0.013616

2455693.881333           12.969392       0.013663

2455693.937511           12.971461       0.013710

2455693.993690           12.973564       0.013757

2455694.049868           12.975703       0.013803

2455694.106046           12.977876       0.013849

2455694.162224           12.980083       0.013894

2455694.218403           12.982325       0.013939

2455694.274581           12.984600       0.013983

2455694.330759           12.986909       0.014027

2455694.386938           12.989252       0.014070

2455694.443116           12.991628       0.014113

2455694.499294           12.994038       0.014155

2455694.555472           12.996481       0.014197

2455694.611651           12.998957       0.014238

2455694.667829           13.001465       0.014279

2455694.724007           13.004006       0.014319

2455694.780185           13.006580       0.014359

2455694.836364           13.009186       0.014398

2455694.892542           13.011824       0.014437

2455694.948720           13.014494       0.014474

2455695.004899           13.017196       0.014512

2455695.061077           13.019930       0.014548

2455695.117255           13.022695       0.014584

2455695.173433           13.025492       0.014619

2455695.229612           13.028320       0.014654

2455695.285790           13.031179       0.014688

2455695.341968           13.034069       0.014722

2455695.398147           13.036990       0.014754

2455695.454325           13.039942       0.014786

2455695.510503           13.042925       0.014818

2455695.566681           13.045937       0.014848

2455695.622860           13.048981       0.014878

2455695.679038           13.052054       0.014907

2455695.735216           13.055157       0.014936

2455695.791394           13.058291       0.014963

2455695.847573           13.061454       0.014990

2455695.903751           13.064647       0.015016

2455695.959929           13.067870       0.015042

2455696.016108           13.071122       0.015066

2455696.072286           13.074403       0.015090

2455696.128464           13.077714       0.015113

2455696.184642           13.081054       0.015136

2455696.240821           13.084422       0.015157

2455696.296999           13.087820       0.015178

2455696.353177           13.091247       0.015198

2455696.409356           13.094702       0.015218

2455696.465534           13.098186       0.015236

2455696.521712           13.101698       0.015254

2455696.577890           13.105239       0.015271

2455696.634069           13.108808       0.015287

2455696.690247           13.112405       0.015302

2455696.746425           13.116030       0.015317

2455696.802604           13.119683       0.015331

2455696.858782           13.123364       0.015345

2455696.914960           13.127072       0.015357

2455696.971138           13.130808       0.015369

2455697.027317           13.134572       0.015381

2455697.083495           13.138363       0.015391

2455697.139673           13.142181       0.015401

2455697.195851           13.146026       0.015411

2455697.252030           13.149898       0.015420

2455697.308208           13.153798       0.015428

2455697.364386           13.157723       0.015436

2455697.420565           13.161676       0.015443

2455697.476743           13.165655       0.015450

2455697.532921           13.169661       0.015457

2455697.589099           13.173693       0.015463

2455697.645278           13.177751       0.015469

2455697.701456           13.181835       0.015474

2455697.757634           13.185944       0.015479

2455697.813813           13.190080       0.015484

2455697.869991           13.194241       0.015489

2455697.926169           13.198428       0.015493

2455697.982347           13.202640       0.015497

2455698.038526           13.206878       0.015501

2455698.094704           13.211140       0.015505

2455698.150882           13.215427       0.015509

2455698.207060           13.219739       0.015513

2455698.263239           13.224076       0.015517

2455698.319417           13.228437       0.015521

2455698.375595           13.232823       0.015524

2455698.431774           13.237232       0.015528

2455698.487952           13.241665       0.015532

2455698.544130           13.246123       0.015537

2455698.600308           13.250604       0.015541

2455698.656487           13.255108       0.015545

2455698.712665           13.259635       0.015550

2455698.768843           13.264186       0.015555

2455698.825022           13.268759       0.015560

2455698.881200           13.273356       0.015566

2455698.937378           13.277974       0.015571

2455698.993556           13.282615       0.015577

2455699.049735           13.287279       0.015583

2455699.105913           13.291964       0.015590

2455699.162091           13.296671       0.015597

2455699.218269           13.301399       0.015604

2455699.274448           13.306149       0.015612

2455699.330626           13.310920       0.015619

2455699.386804           13.315713       0.015628

2455699.442983           13.320526       0.015636

2455699.499161           13.325359       0.015645

2455699.555339           13.330213       0.015654

2455699.611517           13.335088       0.015664

2455699.667696           13.339982       0.015674

2455699.723874           13.344897       0.015684

2455699.780052           13.349831       0.015694

2455699.836231           13.354784       0.015705

2455699.892409           13.359757       0.015717

2455699.948587           13.364749       0.015728

2455700.004765           13.369761       0.015740

2455700.060944           13.374790       0.015752

2455700.117122           13.379839       0.015764

2455700.173300           13.384906       0.015777

2455700.229478           13.389992       0.015790

2455700.285657           13.395095       0.015803

2455700.341835           13.400216       0.015816

2455700.398013           13.405356       0.015829

2455700.454192           13.410513       0.015843

2455700.510370           13.415687       0.015856

2455700.566548           13.420879       0.015870

2455700.622726           13.426088       0.015884

2455700.678905           13.431313       0.015898

2455700.735083           13.436556       0.015913

2455700.791261           13.441815       0.015927

2455700.847440           13.447091       0.015941

2455700.903618           13.452384       0.015955

2455700.959796           13.457692       0.015970

2455701.015974           13.463017       0.015984

2455701.072153           13.468358       0.015998

2455701.128331           13.473714       0.016013

2455701.184509           13.479086       0.016027

2455701.240687           13.484474       0.016041

2455701.296866           13.489877       0.016055

2455701.353044           13.495296       0.016069

2455701.409222           13.500730       0.016083

2455701.465401           13.506178       0.016097

2455701.521579           13.511642       0.016111

2455701.577757           13.517121       0.016125

2455701.633935           13.522614       0.016138

2455701.690114           13.528122       0.016151

2455701.746292           13.533645       0.016165

2455701.802470           13.539181       0.016178

2455701.858649           13.544733       0.016191

2455701.914827           13.550298       0.016203

2455701.971005           13.555878       0.016216

2455702.027183           13.561472       0.016228

2455702.083362           13.567079       0.016240

2455702.139540           13.572701       0.016252

2455702.195718           13.578336       0.016263

2455702.251896           13.583985       0.016275

2455702.308075           13.589648       0.016286

2455702.364253           13.595324       0.016296

2455702.420431           13.601014       0.016307

2455702.476610           13.606717       0.016317

2455702.532788           13.612434       0.016328

2455702.588966           13.618164       0.016338

2455702.645144           13.623907       0.016347

2455702.701323           13.629663       0.016357

2455702.757501           13.635432       0.016366

2455702.813679           13.641215       0.016375

2455702.869858           13.647010       0.016384

2455702.926036           13.652818       0.016392

2455702.982214           13.658639       0.016401

2455703.038392           13.664473       0.016409

2455703.094571           13.670320       0.016417

2455703.150749           13.676179       0.016425

2455703.206927           13.682051       0.016433

2455703.263106           13.687935       0.016441

2455703.319284           13.693831       0.016448

2455703.375462           13.699741       0.016456

2455703.431640           13.705662       0.016463

2455703.487819           13.711596       0.016471

2455703.543997           13.717542       0.016478

2455703.600175           13.723500       0.016486

2455703.656353           13.729470       0.016493

2455703.712532           13.735452       0.016501

2455703.768710           13.741446       0.016508

2455703.824888           13.747452       0.016516

2455703.881067           13.753470       0.016524

2455703.937245           13.759499       0.016531

2455703.993423           13.765540       0.016539

2455704.049601           13.771593       0.016548

2455704.105780           13.777657       0.016556

2455704.161958           13.783733       0.016565

2455704.218136           13.789820       0.016573

2455704.274315           13.795918       0.016582

2455704.330493           13.802027       0.016592

2455704.386671           13.808148       0.016601

2455704.442849           13.814279       0.016611

2455704.499028           13.820421       0.016621

2455704.555206           13.826574       0.016631

2455704.611384           13.832738       0.016642

2455704.667562           13.838913       0.016653

2455704.723741           13.845097       0.016664

2455704.779919           13.851293       0.016676

2455704.836097           13.857498       0.016688

2455704.892276           13.863714       0.016700

2455704.948454           13.869939       0.016712

2455705.004632           13.876175       0.016725

2455705.060810           13.882420       0.016738

2455705.116989           13.888675       0.016752

2455705.173167           13.894940       0.016766

2455705.229345           13.901214       0.016780

2455705.285524           13.907497       0.016794

2455705.341702           13.913790       0.016809

2455705.397880           13.920091       0.016824

2455705.454058           13.926402       0.016839

2455705.510237           13.932721       0.016855

2455705.566415           13.939048       0.016870

2455705.622593           13.945384       0.016886

2455705.678771           13.951728       0.016903

2455705.734950           13.958081       0.016919

2455705.791128           13.964441       0.016935

2455705.847306           13.970809       0.016952

2455705.903485           13.977185       0.016969

2455705.959663           13.983568       0.016986

2455706.015841           13.989958       0.017003

2455706.072019           13.996355       0.017020

2455706.128198           14.002760       0.017037

2455706.184376           14.009171       0.017055

2455706.240554           14.015588       0.017072

2455706.296733           14.022012       0.017089

2455706.352911           14.028442       0.017106

2455706.409089           14.034878       0.017124

2455706.465267           14.041320       0.017141

2455706.521446           14.047768       0.017158

2455706.577624           14.054221       0.017175

2455706.633802           14.060679       0.017191

2455706.689980           14.067142       0.017208

2455706.746159           14.073610       0.017225

2455706.802337           14.080082       0.017241

2455706.858515           14.086559       0.017257

2455706.914694           14.093040       0.017273

2455706.970872           14.099526       0.017289

2455707.027050           14.106015       0.017304

2455707.083228           14.112507       0.017320

2455707.139407           14.119003       0.017335

2455707.195585           14.125502       0.017350

2455707.251763           14.132005       0.017364

2455707.307942           14.138510       0.017379

2455707.364120           14.145017       0.017393

2455707.420298           14.151527       0.017407

2455707.476476           14.158040       0.017421

2455707.532655           14.164554       0.017434

2455707.588833           14.171070       0.017447

2455707.645011           14.177587       0.017460

2455707.701189           14.184106       0.017473

2455707.757368           14.190626       0.017485

2455707.813546           14.197147       0.017497

2455707.869724           14.203669       0.017509

2455707.925903           14.210191       0.017521

2455707.982081           14.216714       0.017533

2455708.038259           14.223237       0.017544

2455708.094437           14.229760       0.017555

2455708.150616           14.236283       0.017566

2455708.206794           14.242805       0.017577

2455708.262972           14.249327       0.017588

2455708.319151           14.255847       0.017598

2455708.375329           14.262367       0.017609

2455708.431507           14.268886       0.017619

2455708.487685           14.275403       0.017630

2455708.543864           14.281919       0.017640

2455708.600042           14.288433       0.017650

2455708.656220           14.294945       0.017660

2455708.712398           14.301455       0.017670

2455708.768577           14.307963       0.017681

2455708.824755           14.314469       0.017691

2455708.880933           14.320971       0.017701

2455708.937112           14.327471       0.017712

2455708.993290           14.333968       0.017723

2455709.049468           14.340462       0.017733

2455709.105646           14.346952       0.017744

2455709.161825           14.353439       0.017756

2455709.218003           14.359923       0.017767

2455709.274181           14.366402       0.017779

2455709.330360           14.372878       0.017791

2455709.386538           14.379349       0.017804

2455709.442716           14.385816       0.017817

2455709.498894           14.392279       0.017830

2455709.555073           14.398737       0.017844

2455709.611251           14.405190       0.017858

2455709.667429           14.411638       0.017873

2455709.723608           14.418082       0.017889

2455709.779786           14.424520       0.017905

2455709.835964           14.430953       0.017922

2455709.892142           14.437380       0.017939

2455709.948321           14.443801       0.017957

2455710.004499           14.450217       0.017977

2455710.060677           14.456627       0.017996

2455710.116855           14.463031       0.018017

2455710.173034           14.469429       0.018039

2455710.229212           14.475820       0.018061

2455710.285390           14.482206       0.018085

2455710.341569           14.488584       0.018110

2455710.397747           14.494956       0.018135

2455710.453925           14.501321       0.018162

2455710.510103           14.507679       0.018189

2455710.566282           14.514030       0.018218

2455710.622460           14.520374       0.018248

2455710.678638           14.526711       0.018279

2455710.734817           14.533041       0.018312

2455710.790995           14.539363       0.018345

2455710.847173           14.545677       0.018380

2455710.903351           14.551984       0.018416

2455710.959530           14.558283       0.018453

2455711.015708           14.564574       0.018492

2455711.071886           14.570857       0.018532

2455711.128064           14.577132       0.018573

2455711.184243           14.583399       0.018615

2455711.240421           14.589658       0.018659

2455711.296599           14.595908       0.018704

2455711.352778           14.602150       0.018751

2455711.408956           14.608384       0.018798

2455711.465134           14.614609       0.018847

2455711.521312           14.620825       0.018898

2455711.577491           14.627032       0.018950

2455711.633669           14.633231       0.019003

2455711.689847           14.639420       0.019057

2455711.746026           14.645601       0.019113

2455711.802204           14.651773       0.019170

2455711.858382           14.657935       0.019228

2455711.914560           14.664088       0.019288

2455711.970739           14.670231       0.019348

2455712.026917           14.676366       0.019410

2455712.083095           14.682490       0.019474

2455712.139273           14.688605       0.019538

2455712.195452           14.694711       0.019604

2455712.251630           14.700807       0.019670

2455712.307808           14.706893       0.019738

2455712.363987           14.712969       0.019807

2455712.420165           14.719035       0.019876

2455712.476343           14.725091       0.019947

2455712.532521           14.731137       0.020019

2455712.588700           14.737172       0.020092

2455712.644878           14.743198       0.020165

2455712.701056           14.749213       0.020239

2455712.757235           14.755218       0.020315

2455712.813413           14.761213       0.020390

2455712.869591           14.767197       0.020467

2455712.925769           14.773170       0.020544

2455712.981948           14.779133       0.020622

2455713.038126           14.785085       0.020701

2455713.094304           14.791026       0.020780

2455713.150482           14.796956       0.020859

2455713.206661           14.802876       0.020939

2455713.262839           14.808785       0.021019

2455713.319017           14.814682       0.021100

2455713.375196           14.820569       0.021181

2455713.431374           14.826444       0.021262

2455713.487552           14.832309       0.021343

2455713.543730           14.838162       0.021425

2455713.599909           14.844004       0.021506

2455713.656087           14.849834       0.021588

2455713.712265           14.855653       0.021670

2455713.768444           14.861461       0.021751

2455713.824622           14.867257       0.021833

2455713.880800           14.873042       0.021914

2455713.936978           14.878815       0.021995

2455713.993157           14.884577       0.022076

2455714.049335           14.890327       0.022156

2455714.105513           14.896065       0.022236

2455714.161691           14.901791       0.022316

2455714.217870           14.907506       0.022395

2455714.274048           14.913209       0.022473

2455714.330226           14.918899       0.022551

2455714.386405           14.924578       0.022628

2455714.442583           14.930246       0.022705

2455714.498761           14.935901       0.022781

2455714.554939           14.941544       0.022856

2455714.611118           14.947175       0.022930

2455714.667296           14.952793       0.023004

2455714.723474           14.958400       0.023076

2455714.779653           14.963995       0.023148

2455714.835831           14.969577       0.023218

2455714.892009           14.975147       0.023288

2455714.948187           14.980705       0.023356

2455715.004366           14.986251       0.023423

2455715.060544           14.991784       0.023490

2455715.116722           14.997305       0.023555

2455715.172901           15.002814       0.023618

2455715.229079           15.008310       0.023681

2455715.285257           15.013794       0.023742

2455715.341435           15.019266       0.023802

2455715.397614           15.024725       0.023861

2455715.453792           15.030171       0.023918

2455715.509970           15.035606       0.023974

2455715.566148           15.041027       0.024029

2455715.622327           15.046437       0.024082

2455715.678505           15.051833       0.024134

2455715.734683           15.057218       0.024185

2455715.790862           15.062589       0.024234

2455715.847040           15.067949       0.024281

2455715.903218           15.073295       0.024327

2455715.959396           15.078630       0.024372

2455716.015575           15.083951       0.024415

2455716.071753           15.089260       0.024457

2455716.127931           15.094557       0.024497

2455716.184110           15.099841       0.024536

2455716.240288           15.105112       0.024574

2455716.296466           15.110371       0.024610

2455716.352644           15.115618       0.024644

2455716.408823           15.120852       0.024677

2455716.465001           15.126073       0.024709

2455716.521179           15.131282       0.024739

2455716.577357           15.136479       0.024768

2455716.633536           15.141663       0.024796

2455716.689714           15.146835       0.024822

2455716.745892           15.151994       0.024847

2455716.802071           15.157141       0.024870

2455716.858249           15.162275       0.024892

2455716.914427           15.167397       0.024913

2455716.970605           15.172507       0.024933

2455717.026784           15.177604       0.024951

2455717.082962           15.182690       0.024968

2455717.139140           15.187762       0.024984

2455717.195319           15.192823       0.024999

2455717.251497           15.197872       0.025012

2455717.307675           15.202908       0.025024

2455717.363853           15.207932       0.025036

2455717.420032           15.212944       0.025046

2455717.476210           15.217944       0.025055

2455717.532388           15.222933       0.025063

2455717.588566           15.227909       0.025070

2455717.644745           15.232873       0.025076

2455717.700923           15.237825       0.025081

2455717.757101           15.242766       0.025085

2455717.813280           15.247695       0.025088

2455717.869458           15.252612       0.025091

2455717.925636           15.257518       0.025092

2455717.981814           15.262412       0.025093

2455718.037993           15.267294       0.025092

2455718.094171           15.272165       0.025091

2455718.150349           15.277024       0.025090

2455718.206528           15.281873       0.025087

2455718.262706           15.286709       0.025084

2455718.318884           15.291535       0.025080

2455718.375062           15.296350       0.025075

2455718.431241           15.301153       0.025070

2455718.487419           15.305945       0.025064

2455718.543597           15.310727       0.025058

2455718.599775           15.315497       0.025051

2455718.655954           15.320257       0.025044

2455718.712132           15.325006       0.025036

2455718.768310           15.329744       0.025027

2455718.824489           15.334471       0.025018

2455718.880667           15.339188       0.025009

2455718.936845           15.343894       0.024999

2455718.993023           15.348590       0.024989

2455719.049202           15.353276       0.024979

2455719.105380           15.357951       0.024968

2455719.161558           15.362616       0.024957

2455719.217737           15.367271       0.024946

2455719.273915           15.371915       0.024934

2455719.330093           15.376550       0.024922

2455719.386271           15.381174       0.024910

2455719.442450           15.385789       0.024898

2455719.498628           15.390393       0.024886

2455719.554806           15.394988       0.024873

2455719.610984           15.399573       0.024861

2455719.667163           15.404149       0.024848

2455719.723341           15.408714       0.024835

2455719.779519           15.413270       0.024823

2455719.835698           15.417816       0.024810

2455719.891876           15.422353       0.024797

2455719.948054           15.426880       0.024785

2455720.004232           15.431398       0.024772

2455720.060411           15.435907       0.024759

2455720.116589           15.440406       0.024747

2455720.172767           15.444895       0.024735

2455720.228946           15.449376       0.024722

2455720.285124           15.453847       0.024710

2455720.341302           15.458309       0.024699

2455720.397480           15.462762       0.024687

2455720.453659           15.467205       0.024676

2455720.509837           15.471639       0.024664

2455720.566015           15.476064       0.024653

2455720.622193           15.480480       0.024643

2455720.678372           15.484887       0.024632

2455720.734550           15.489285       0.024622

2455720.790728           15.493674       0.024612

2455720.846907           15.498053       0.024603

2455720.903085           15.502424       0.024594

2455720.959263           15.506785       0.024585

2455721.015441           15.511137       0.024577

2455721.071620           15.515480       0.024569

2455721.127798           15.519815       0.024562

2455721.183976           15.524140       0.024555

2455721.240155           15.528456       0.024549

2455721.296333           15.532762       0.024543

2455721.352511           15.537060       0.024538

2455721.408689           15.541349       0.024533

2455721.464868           15.545628       0.024529

2455721.521046           15.549898       0.024525

2455721.577224           15.554160       0.024523

2455721.633403           15.558412       0.024521

2455721.689581           15.562654       0.024519

2455721.745759           15.566888       0.024519

2455721.801937           15.571112       0.024519

2455721.858116           15.575327       0.024521

2455721.914294           15.579532       0.024523

2455721.970472           15.583729       0.024526

2455722.026650           15.587916       0.024531

2455722.082829           15.592093       0.024536

2455722.139007           15.596261       0.024543

2455722.195185           15.600420       0.024551

2455722.251364           15.604569       0.024560

2455722.307542           15.608708       0.024570

2455722.363720           15.612838       0.024582

2455722.419898           15.616958       0.024596

2455722.476077           15.621069       0.024611

2455722.532255           15.625170       0.024628

2455722.588433           15.629261       0.024646

2455722.644612           15.633342       0.024666

2455722.700790           15.637413       0.024689

2455722.756968           15.641475       0.024713

2455722.813146           15.645526       0.024739

2455722.869325           15.649568       0.024768

2455722.925503           15.653599       0.024799

2455722.981681           15.657620       0.024833

2455723.037859           15.661631       0.024869

2455723.094038           15.665632       0.024907

2455723.150216           15.669622       0.024949

2455723.206394           15.673602       0.024994

2455723.262573           15.677572       0.025041

2455723.318751           15.681531       0.025092

2455723.374929           15.685480       0.025147

2455723.431107           15.689417       0.025204

2455723.487286           15.693344       0.025266

2455723.543464           15.697261       0.025331

2455723.599642           15.701166       0.025401

2455723.655821           15.705060       0.025474

2455723.711999           15.708944       0.025552

2455723.768177           15.712816       0.025634

2455723.824355           15.716677       0.025721

2455723.880534           15.720526       0.025813

2455723.936712           15.724365       0.025910

2455723.992890           15.728191       0.026012

2455724.049068           15.732007       0.026120

2455724.105247           15.735810       0.026233

2455724.161425           15.739602       0.026351

2455724.217603           15.743382       0.026476

2455724.273782           15.747149       0.026607

2455724.329960           15.750905       0.026744

2455724.386138           15.754649       0.026888

2455724.442316           15.758380       0.027038

2455724.498495           15.762099       0.027195

2455724.554673           15.765805       0.027360

2455724.610851           15.769499       0.027531

2455724.667030           15.773180       0.027710

2455724.723208           15.776848       0.027897

2455724.779386           15.780504       0.028091

2455724.835564           15.784146       0.028293

2455724.891743           15.787774       0.028504

2455724.947921           15.791390       0.028722

2455725.004099           15.794992       0.028949

2455725.060277           15.798581       0.029185

2455725.116456           15.802155       0.029429

2455725.172634           15.805716       0.029683

2455725.228812           15.809263       0.029945

2455725.284991           15.812796       0.030216

2455725.341169           15.816315       0.030497

2455725.397347           15.819820       0.030788

2455725.453525           15.823310       0.031088

2455725.509704           15.826785       0.031397

2455725.565882           15.830246       0.031717

2455725.622060           15.833692       0.032046

2455725.678239           15.837123       0.032385

2455725.734417           15.840539       0.032735

2455725.790595           15.843939       0.033094

2455725.846773           15.847325       0.033464

2455725.902952           15.850694       0.033844

2455725.959130           15.854049       0.034235

2455726.015308           15.857387       0.034636

2455726.071486           15.860710       0.035048

2455726.127665           15.864017       0.035471

2455726.183843           15.867308       0.035904

2455726.240021           15.870582       0.036348

2455726.296200           15.873840       0.036802

2455726.352378           15.877082       0.037267

2455726.408556           15.880307       0.037744

2455726.464734           15.883516       0.038231

2455726.520913           15.886708       0.038728

2455726.577091           15.889883       0.039237

2455726.633269           15.893040       0.039757

2455726.689448           15.896181       0.040287

2455726.745626           15.899305       0.040828

2455726.801804           15.902411       0.041381

2455726.857982           15.905499       0.041944

2455726.914161           15.908570       0.042518

2455726.970339           15.911624       0.043103

2455727.026517           15.914659       0.043698

2455727.082695           15.917677       0.044305

2455727.138874           15.920677       0.044922

2455727.195052           15.923658       0.045550

2455727.251230           15.926621       0.046189

2455727.307409           15.929566       0.046839

2455727.363587           15.932493       0.047499

2455727.419765           15.935401       0.048170

2455727.475943           15.938291       0.048852

2455727.532122           15.941161       0.049544

2455727.588300           15.944013       0.050247

