This file contains the LC params of 2007af in filter-V

#-----------------------------#

#-----------------------------#
Jd at maximum in V band is: 2454176.911376 +/- 0.626130
Magnitude at maximum in V band is: 13.208741 +/- 0.014915
#-----------------------------#
#-----------------------------#
JD after 15-days from V band maximum is: 2454191.911376
Magnitude after 15-days from V band maximum is: 13.877358 +/- 0.014090
Estimated value of dm15 is: 0.668617 +/- 0.020518
Secondary maximum is not applicable for this band
The magnitudes are not k-corrected
Interpolated Light Curve through GP

#-----------------------------#

  JD                 MAG           MERR

2454154.325500           16.794370       0.217249

2454154.481265           16.764986       0.212343

2454154.637029           16.735254       0.207465

2454154.792794           16.705175       0.202618

2454154.948559           16.674752       0.197802

2454155.104323           16.643988       0.193019

2454155.260088           16.612886       0.188270

2454155.415853           16.581448       0.183556

2454155.571617           16.549679       0.178878

2454155.727382           16.517580       0.174238

2454155.883147           16.485157       0.169638

2454156.038911           16.452412       0.165077

2454156.194676           16.419350       0.160559

2454156.350441           16.385975       0.156083

2454156.506205           16.352292       0.151652

2454156.661970           16.318305       0.147267

2454156.817735           16.284020       0.142929

2454156.973499           16.249441       0.138640

2454157.129264           16.214574       0.134401

2454157.285029           16.179425       0.130214

2454157.440793           16.144000       0.126080

2454157.596558           16.108304       0.122000

2454157.752323           16.072345       0.117977

2454157.908087           16.036130       0.114011

2454158.063852           15.999665       0.110105

2454158.219617           15.962958       0.106260

2454158.375381           15.926016       0.102477

2454158.531146           15.888848       0.098758

2454158.686911           15.851462       0.095105

2454158.842675           15.813867       0.091520

2454158.998440           15.776071       0.088004

2454159.154205           15.738084       0.084559

2454159.309969           15.699916       0.081187

2454159.465734           15.661577       0.077890

2454159.621499           15.623077       0.074669

2454159.777263           15.584426       0.071528

2454159.933028           15.545637       0.068466

2454160.088793           15.506721       0.065488

2454160.244557           15.467689       0.062594

2454160.400322           15.428554       0.059787

2454160.556087           15.389329       0.057070

2454160.711851           15.350026       0.054444

2454160.867616           15.310661       0.051912

2454161.023381           15.271246       0.049476

2454161.179145           15.231797       0.047138

2454161.334910           15.192328       0.044901

2454161.490675           15.152855       0.042768

2454161.646439           15.113394       0.040741

2454161.802204           15.073961       0.038821

2454161.957969           15.034574       0.037011

2454162.113733           14.995249       0.035313

2454162.269498           14.956006       0.033728

2454162.425263           14.916862       0.032258

2454162.581027           14.877836       0.030902

2454162.736792           14.838950       0.029661

2454162.892557           14.800221       0.028533

2454163.048321           14.761672       0.027517

2454163.204086           14.723323       0.026610

2454163.359851           14.685194       0.025808

2454163.515615           14.647308       0.025107

2454163.671380           14.609684       0.024502

2454163.827145           14.572345       0.023986

2454163.982909           14.535312       0.023552

2454164.138674           14.498604       0.023194

2454164.294439           14.462244       0.022904

2454164.450203           14.426250       0.022673

2454164.605968           14.390644       0.022494

2454164.761733           14.355445       0.022361

2454164.917497           14.320671       0.022264

2454165.073262           14.286341       0.022199

2454165.229027           14.252471       0.022158

2454165.384791           14.219080       0.022135

2454165.540556           14.186182       0.022125

2454165.696321           14.153793       0.022123

2454165.852085           14.121926       0.022124

2454166.007850           14.090594       0.022124

2454166.163615           14.059808       0.022120

2454166.319379           14.029580       0.022107

2454166.475144           13.999920       0.022083

2454166.630909           13.970835       0.022045

2454166.786673           13.942335       0.021991

2454166.942438           13.914425       0.021918

2454167.098203           13.887113       0.021825

2454167.253967           13.860403       0.021711

2454167.409732           13.834299       0.021575

2454167.565496           13.808806       0.021415

2454167.721261           13.783927       0.021232

2454167.877026           13.759662       0.021025

2454168.032790           13.736014       0.020794

2454168.188555           13.712982       0.020539

2454168.344320           13.690568       0.020262

2454168.500084           13.668769       0.019962

2454168.655849           13.647585       0.019642

2454168.811614           13.627012       0.019302

2454168.967378           13.607048       0.018944

2454169.123143           13.587690       0.018570

2454169.278908           13.568934       0.018182

2454169.434672           13.550774       0.017782

2454169.590437           13.533205       0.017374

2454169.746202           13.516221       0.016959

2454169.901966           13.499817       0.016541

2454170.057731           13.483984       0.016123

2454170.213496           13.468716       0.015708

2454170.369260           13.454004       0.015301

2454170.525025           13.439840       0.014903

2454170.680790           13.426215       0.014519

2454170.836554           13.413120       0.014154

2454170.992319           13.400545       0.013809

2454171.148084           13.388480       0.013489

2454171.303848           13.376916       0.013198

2454171.459613           13.365841       0.012937

2454171.615378           13.355247       0.012711

2454171.771142           13.345121       0.012520

2454171.926907           13.335454       0.012367

2454172.082672           13.326234       0.012253

2454172.238436           13.317452       0.012178

2454172.394201           13.309096       0.012142

2454172.549966           13.301156       0.012143

2454172.705730           13.293621       0.012180

2454172.861495           13.286481       0.012249

2454173.017260           13.279725       0.012349

2454173.173024           13.273343       0.012475

2454173.328789           13.267324       0.012624

2454173.484554           13.261660       0.012791

2454173.640318           13.256339       0.012973

2454173.796083           13.251354       0.013165

2454173.951848           13.246693       0.013364

2454174.107612           13.242347       0.013565

2454174.263377           13.238309       0.013765

2454174.419142           13.234567       0.013960

2454174.574906           13.231115       0.014147

2454174.730671           13.227943       0.014324

2454174.886436           13.225042       0.014487

2454175.042200           13.222406       0.014635

2454175.197965           13.220025       0.014767

2454175.353730           13.217893       0.014880

2454175.509494           13.216001       0.014974

2454175.665259           13.214343       0.015048

2454175.821024           13.212912       0.015101

2454175.976788           13.211702       0.015134

2454176.132553           13.210705       0.015146

2454176.288318           13.209917       0.015137

2454176.444082           13.209332       0.015109

2454176.599847           13.208944       0.015062

2454176.755612           13.208748       0.014997

2454176.911376           13.208741       0.014915

2454177.067141           13.208917       0.014818

2454177.222906           13.209273       0.014706

2454177.378670           13.209806       0.014581

2454177.534435           13.210513       0.014444

2454177.690200           13.211391       0.014298

2454177.845964           13.212438       0.014142

2454178.001729           13.213652       0.013980

2454178.157494           13.215032       0.013812

2454178.313258           13.216577       0.013640

2454178.469023           13.218287       0.013465

2454178.624788           13.220161       0.013289

2454178.780552           13.222200       0.013112

2454178.936317           13.224404       0.012938

2454179.092082           13.226774       0.012766

2454179.247846           13.229311       0.012599

2454179.403611           13.232017       0.012437

2454179.559376           13.234892       0.012282

2454179.715140           13.237938       0.012135

2454179.870905           13.241158       0.011996

2454180.026670           13.244553       0.011868

2454180.182434           13.248124       0.011750

2454180.338199           13.251874       0.011644

2454180.493964           13.255804       0.011550

2454180.649728           13.259916       0.011468

2454180.805493           13.264213       0.011399

2454180.961258           13.268695       0.011343

2454181.117022           13.273364       0.011299

2454181.272787           13.278221       0.011267

2454181.428552           13.283268       0.011246

2454181.584316           13.288505       0.011236

2454181.740081           13.293932       0.011235

2454181.895846           13.299551       0.011241

2454182.051610           13.305359       0.011254

2454182.207375           13.311358       0.011272

2454182.363140           13.317546       0.011292

2454182.518904           13.323922       0.011315

2454182.674669           13.330485       0.011337

2454182.830434           13.337234       0.011359

2454182.986198           13.344165       0.011377

2454183.141963           13.351277       0.011393

2454183.297728           13.358567       0.011404

2454183.453492           13.366033       0.011409

2454183.609257           13.373671       0.011409

2454183.765022           13.381478       0.011403

2454183.920786           13.389449       0.011390

2454184.076551           13.397580       0.011370

2454184.232316           13.405866       0.011344

2454184.388080           13.414303       0.011311

2454184.543845           13.422884       0.011273

2454184.699610           13.431603       0.011229

2454184.855374           13.440455       0.011181

2454185.011139           13.449432       0.011130

2454185.166904           13.458528       0.011076

2454185.322668           13.467736       0.011020

2454185.478433           13.477047       0.010964

2454185.634198           13.486454       0.010909

2454185.789962           13.495950       0.010856

2454185.945727           13.505526       0.010806

2454186.101492           13.515176       0.010761

2454186.257256           13.524890       0.010722

2454186.413021           13.534663       0.010690

2454186.568786           13.544487       0.010666

2454186.724550           13.554355       0.010652

2454186.880315           13.564261       0.010648

2454187.036080           13.574198       0.010656

2454187.191844           13.584160       0.010675

2454187.347609           13.594142       0.010706

2454187.503374           13.604138       0.010750

2454187.659138           13.614143       0.010806

2454187.814903           13.624153       0.010875

2454187.970668           13.634162       0.010955

2454188.126432           13.644167       0.011048

2454188.282197           13.654162       0.011151

2454188.437962           13.664145       0.011264

2454188.593726           13.674110       0.011386

2454188.749491           13.684055       0.011517

2454188.905256           13.693975       0.011655

2454189.061020           13.703868       0.011798

2454189.216785           13.713729       0.011947

2454189.372550           13.723555       0.012098

2454189.528314           13.733344       0.012252

2454189.684079           13.743093       0.012407

2454189.839844           13.752799       0.012561

2454189.995608           13.762461       0.012713

2454190.151373           13.772076       0.012863

2454190.307138           13.781643       0.013009

2454190.462902           13.791162       0.013149

2454190.618667           13.800632       0.013284

2454190.774432           13.810052       0.013411

2454190.930196           13.819423       0.013532

2454191.085961           13.828745       0.013644

2454191.241726           13.838018       0.013747

2454191.397490           13.847244       0.013842

2454191.553255           13.856424       0.013927

2454191.709020           13.865558       0.014004

2454191.864784           13.874647       0.014071

2454192.020549           13.883694       0.014130

2454192.176314           13.892700       0.014179

2454192.332078           13.901667       0.014221

2454192.487843           13.910595       0.014254

2454192.643608           13.919488       0.014280

2454192.799372           13.928346       0.014299

2454192.955137           13.937173       0.014311

2454193.110902           13.945969       0.014317

2454193.266666           13.954737       0.014317

2454193.422431           13.963479       0.014312

2454193.578195           13.972196       0.014302

2454193.733960           13.980892       0.014288

2454193.889725           13.989568       0.014271

2454194.045489           13.998226       0.014250

2454194.201254           14.006869       0.014227

2454194.357019           14.015499       0.014203

2454194.512783           14.024118       0.014179

2454194.668548           14.032728       0.014155

2454194.824313           14.041333       0.014134

2454194.980077           14.049934       0.014116

2454195.135842           14.058534       0.014102

2454195.291607           14.067135       0.014096

2454195.447371           14.075740       0.014097

2454195.603136           14.084352       0.014108

2454195.758901           14.092973       0.014129

2454195.914665           14.101607       0.014163

2454196.070430           14.110255       0.014211

2454196.226195           14.118920       0.014272

2454196.381959           14.127606       0.014348

2454196.537724           14.136315       0.014439

2454196.693489           14.145050       0.014544

2454196.849253           14.153814       0.014662

2454197.005018           14.162610       0.014793

2454197.160783           14.171440       0.014935

2454197.316547           14.180309       0.015086

2454197.472312           14.189219       0.015244

2454197.628077           14.198172       0.015408

2454197.783841           14.207172       0.015575

2454197.939606           14.216221       0.015742

2454198.095371           14.225322       0.015909

2454198.251135           14.234479       0.016073

2454198.406900           14.243693       0.016232

2454198.562665           14.252968       0.016384

2454198.718429           14.262305       0.016529

2454198.874194           14.271707       0.016665

2454199.029959           14.281177       0.016791

2454199.185723           14.290717       0.016906

2454199.341488           14.300328       0.017009

2454199.497253           14.310012       0.017101

2454199.653017           14.319771       0.017180

2454199.808782           14.329606       0.017248

2454199.964547           14.339518       0.017304

2454200.120311           14.349510       0.017348

2454200.276076           14.359580       0.017382

2454200.431841           14.369730       0.017404

2454200.587605           14.379961       0.017417

2454200.743370           14.390271       0.017421

2454200.899135           14.400661       0.017416

2454201.054899           14.411130       0.017403

2454201.210664           14.421678       0.017383

2454201.366429           14.432302       0.017356

2454201.522193           14.443003       0.017324

2454201.677958           14.453778       0.017286

2454201.833723           14.464625       0.017244

2454201.989487           14.475544       0.017199

2454202.145252           14.486530       0.017151

2454202.301017           14.497583       0.017102

2454202.456781           14.508700       0.017053

2454202.612546           14.519879       0.017004

2454202.768311           14.531116       0.016957

2454202.924075           14.542409       0.016912

2454203.079840           14.553756       0.016870

2454203.235605           14.565152       0.016834

2454203.391369           14.576597       0.016803

2454203.547134           14.588085       0.016778

2454203.702899           14.599614       0.016761

2454203.858663           14.611179       0.016753

2454204.014428           14.622778       0.016753

2454204.170193           14.634406       0.016764

2454204.325957           14.646059       0.016785

2454204.481722           14.657732       0.016818

2454204.637487           14.669420       0.016862

2454204.793251           14.681119       0.016919

2454204.949016           14.692823       0.016988

2454205.104781           14.704526       0.017069

2454205.260545           14.716222       0.017162

2454205.416310           14.727905       0.017267

2454205.572075           14.739570       0.017383

2454205.727839           14.751208       0.017509

2454205.883604           14.762815       0.017645

2454206.039369           14.774382       0.017790

2454206.195133           14.785904       0.017942

2454206.350898           14.797373       0.018101

2454206.506663           14.808784       0.018265

2454206.662427           14.820129       0.018433

2454206.818192           14.831402       0.018604

2454206.973957           14.842598       0.018778

2454207.129721           14.853710       0.018951

2454207.285486           14.864733       0.019124

2454207.441251           14.875662       0.019294

2454207.597015           14.886492       0.019461

2454207.752780           14.897218       0.019623

2454207.908545           14.907835       0.019779

2454208.064309           14.918341       0.019928

2454208.220074           14.928732       0.020068

2454208.375839           14.939004       0.020199

2454208.531603           14.949154       0.020320

2454208.687368           14.959180       0.020429

2454208.843133           14.969080       0.020527

2454208.998897           14.978852       0.020612

2454209.154662           14.988494       0.020683

2454209.310427           14.998006       0.020741

2454209.466191           15.007385       0.020784

2454209.621956           15.016632       0.020814

2454209.777721           15.025747       0.020828

2454209.933485           15.034730       0.020828

2454210.089250           15.043581       0.020812

2454210.245015           15.052301       0.020783

2454210.400779           15.060890       0.020739

2454210.556544           15.069351       0.020681

2454210.712309           15.077685       0.020609

2454210.868073           15.085894       0.020525

2454211.023838           15.093979       0.020429

2454211.179603           15.101943       0.020323

2454211.335367           15.109788       0.020207

2454211.491132           15.117517       0.020082

2454211.646897           15.125132       0.019950

2454211.802661           15.132637       0.019813

2454211.958426           15.140034       0.019672

2454212.114191           15.147327       0.019528

2454212.269955           15.154519       0.019383

2454212.425720           15.161612       0.019239

2454212.581485           15.168612       0.019097

2454212.737249           15.175521       0.018959

2454212.893014           15.182342       0.018827

2454213.048779           15.189080       0.018701

2454213.204543           15.195737       0.018584

2454213.360308           15.202318       0.018476

2454213.516073           15.208826       0.018380

2454213.671837           15.215264       0.018296

2454213.827602           15.221636       0.018225

2454213.983367           15.227945       0.018169

2454214.139131           15.234195       0.018128

2454214.294896           15.240389       0.018103

2454214.450661           15.246530       0.018094

2454214.606425           15.252623       0.018102

2454214.762190           15.258669       0.018128

2454214.917955           15.264672       0.018170

2454215.073719           15.270634       0.018229

2454215.229484           15.276560       0.018305

2454215.385249           15.282451       0.018397

2454215.541013           15.288311       0.018505

2454215.696778           15.294142       0.018628

2454215.852543           15.299947       0.018766

2454216.008307           15.305729       0.018918

2454216.164072           15.311488       0.019083

2454216.319837           15.317230       0.019261

2454216.475601           15.322954       0.019450

2454216.631366           15.328663       0.019649

2454216.787131           15.334360       0.019858

2454216.942895           15.340046       0.020075

2454217.098660           15.345723       0.020300

2454217.254425           15.351392       0.020532

2454217.410189           15.357054       0.020769

2454217.565954           15.362711       0.021010

2454217.721719           15.368364       0.021255

2454217.877483           15.374012       0.021503

2454218.033248           15.379658       0.021752

2454218.189013           15.385301       0.022000

2454218.344777           15.390940       0.022247

2454218.500542           15.396578       0.022492

2454218.656307           15.402212       0.022733

2454218.812071           15.407843       0.022969

2454218.967836           15.413471       0.023199

2454219.123601           15.419095       0.023422

2454219.279365           15.424714       0.023636

2454219.435130           15.430328       0.023841

2454219.590894           15.435935       0.024036

2454219.746659           15.441536       0.024220

2454219.902424           15.447129       0.024391

2454220.058188           15.452713       0.024550

2454220.213953           15.458287       0.024696

2454220.369718           15.463851       0.024828

2454220.525482           15.469404       0.024945

2454220.681247           15.474944       0.025048

2454220.837012           15.480471       0.025135

2454220.992776           15.485984       0.025208

2454221.148541           15.491482       0.025265

2454221.304306           15.496964       0.025308

2454221.460070           15.502430       0.025335

2454221.615835           15.507878       0.025347

2454221.771600           15.513309       0.025345

2454221.927364           15.518720       0.025330

2454222.083129           15.524112       0.025301

2454222.238894           15.529484       0.025260

2454222.394658           15.534835       0.025209

2454222.550423           15.540164       0.025147

2454222.706188           15.545470       0.025076

2454222.861952           15.550753       0.024998

2454223.017717           15.556012       0.024914

2454223.173482           15.561247       0.024826

2454223.329246           15.566455       0.024734

2454223.485011           15.571637       0.024641

2454223.640776           15.576792       0.024549

2454223.796540           15.581919       0.024457

2454223.952305           15.587017       0.024369

2454224.108070           15.592086       0.024286

2454224.263834           15.597123       0.024208

2454224.419599           15.602130       0.024137

2454224.575364           15.607104       0.024074

2454224.731128           15.612044       0.024020

2454224.886893           15.616951       0.023975

2454225.042658           15.621822       0.023939

2454225.198422           15.626658       0.023915

2454225.354187           15.631457       0.023901

2454225.509952           15.636218       0.023898

2454225.665716           15.640943       0.023905

2454225.821481           15.645629       0.023923

2454225.977246           15.650276       0.023952

2454226.133010           15.654886       0.023991

2454226.288775           15.659457       0.024039

2454226.444540           15.663991       0.024095

2454226.600304           15.668487       0.024160

2454226.756069           15.672946       0.024232

2454226.911834           15.677370       0.024311

2454227.067598           15.681758       0.024395

2454227.223363           15.686113       0.024484

2454227.379128           15.690436       0.024577

2454227.534892           15.694727       0.024673

2454227.690657           15.698989       0.024771

2454227.846422           15.703223       0.024871

2454228.002186           15.707429       0.024973

2454228.157951           15.711611       0.025075

2454228.313716           15.715768       0.025178

2454228.469480           15.719904       0.025282

2454228.625245           15.724018       0.025386

2454228.781010           15.728113       0.025491

2454228.936774           15.732189       0.025596

2454229.092539           15.736249       0.025703

2454229.248304           15.740293       0.025812

2454229.404068           15.744323       0.025923

2454229.559833           15.748340       0.026037

2454229.715598           15.752345       0.026156

2454229.871362           15.756339       0.026281

2454230.027127           15.760323       0.026413

2454230.182892           15.764298       0.026553

2454230.338656           15.768266       0.026703

2454230.494421           15.772226       0.026865

2454230.650186           15.776181       0.027039

2454230.805950           15.780131       0.027228

2454230.961715           15.784077       0.027433

2454231.117480           15.788019       0.027656

2454231.273244           15.791958       0.027897

2454231.429009           15.795895       0.028157

2454231.584774           15.799831       0.028438

2454231.740538           15.803765       0.028739

2454231.896303           15.807700       0.029061

2454232.052068           15.811634       0.029405

2454232.207832           15.815569       0.029768

2454232.363597           15.819505       0.030152

2454232.519362           15.823442       0.030554

2454232.675126           15.827380       0.030973

2454232.830891           15.831320       0.031408

2454232.986656           15.835262       0.031857

2454233.142420           15.839205       0.032318

2454233.298185           15.843151       0.032788

2454233.453950           15.847099       0.033266

2454233.609714           15.851049       0.033750

2454233.765479           15.855000       0.034237

2454233.921244           15.858954       0.034724

2454234.077008           15.862910       0.035210

2454234.232773           15.866868       0.035693

2454234.388538           15.870827       0.036169

2454234.544302           15.874788       0.036638

2454234.700067           15.878750       0.037097

2454234.855832           15.882714       0.037545

2454235.011596           15.886678       0.037979

2454235.167361           15.890644       0.038399

2454235.323126           15.894610       0.038802

2454235.478890           15.898578       0.039187

2454235.634655           15.902545       0.039554

2454235.790420           15.906513       0.039901

2454235.946184           15.910481       0.040226

2454236.101949           15.914449       0.040530

2454236.257714           15.918417       0.040812

2454236.413478           15.922385       0.041070

2454236.569243           15.926352       0.041306

2454236.725008           15.930320       0.041517

2454236.880772           15.934286       0.041705

2454237.036537           15.938253       0.041869

2454237.192302           15.942219       0.042009

2454237.348066           15.946184       0.042124

2454237.503831           15.950150       0.042216

2454237.659596           15.954115       0.042285

2454237.815360           15.958081       0.042330

2454237.971125           15.962047       0.042353

2454238.126890           15.966013       0.042353

2454238.282654           15.969980       0.042331

2454238.438419           15.973949       0.042288

2454238.594184           15.977920       0.042224

2454238.749948           15.981892       0.042139

2454238.905713           15.985868       0.042035

2454239.061478           15.989847       0.041911

2454239.217242           15.993830       0.041769

2454239.373007           15.997818       0.041608

2454239.528772           16.001811       0.041431

2454239.684536           16.005811       0.041236

2454239.840301           16.009818       0.041027

2454239.996066           16.013832       0.040802

2454240.151830           16.017856       0.040563

2454240.307595           16.021888       0.040312

2454240.463360           16.025931       0.040048

2454240.619124           16.029985       0.039774

2454240.774889           16.034051       0.039490

2454240.930654           16.038129       0.039197

2454241.086418           16.042220       0.038898

2454241.242183           16.046325       0.038593

2454241.397948           16.050445       0.038284

2454241.553712           16.054580       0.037972

2454241.709477           16.058731       0.037659

2454241.865242           16.062898       0.037347

2454242.021006           16.067082       0.037037

2454242.176771           16.071283       0.036731

2454242.332536           16.075502       0.036430

2454242.488300           16.079738       0.036137

2454242.644065           16.083992       0.035854

2454242.799830           16.088264       0.035581

2454242.955594           16.092554       0.035322

2454243.111359           16.096863       0.035077

2454243.267124           16.101190       0.034848

2454243.422888           16.105534       0.034638

2454243.578653           16.109897       0.034446

2454243.734418           16.114277       0.034276

2454243.890182           16.118674       0.034128

2454244.045947           16.123089       0.034002

2454244.201712           16.127519       0.033900

2454244.357476           16.131966       0.033822

2454244.513241           16.136428       0.033768

2454244.669006           16.140904       0.033739

2454244.824770           16.145393       0.033733

2454244.980535           16.149895       0.033751

2454245.136299           16.154409       0.033790

2454245.292064           16.158934       0.033851

2454245.447829           16.163469       0.033930

2454245.603593           16.168012       0.034027

2454245.759358           16.172562       0.034139

2454245.915123           16.177118       0.034265

2454246.070887           16.181680       0.034401

2454246.226652           16.186245       0.034547

2454246.382417           16.190812       0.034699

2454246.538181           16.195380       0.034855

2454246.693946           16.199948       0.035013

2454246.849711           16.204514       0.035172

2454247.005475           16.209077       0.035328

2454247.161240           16.213635       0.035480

2454247.317005           16.218188       0.035627

2454247.472769           16.222732       0.035766

2454247.628534           16.227268       0.035897

2454247.784299           16.231793       0.036018

2454247.940063           16.236306       0.036128

2454248.095828           16.240806       0.036227

2454248.251593           16.245291       0.036313

2454248.407357           16.249759       0.036387

2454248.563122           16.254211       0.036448

2454248.718887           16.258642       0.036496

2454248.874651           16.263054       0.036532

2454249.030416           16.267444       0.036556

2454249.186181           16.271810       0.036568

2454249.341945           16.276153       0.036569

2454249.497710           16.280469       0.036561

2454249.653475           16.284759       0.036544

2454249.809239           16.289021       0.036519

2454249.965004           16.293253       0.036488

2454250.120769           16.297456       0.036452

2454250.276533           16.301627       0.036413

2454250.432298           16.305766       0.036371

2454250.588063           16.309872       0.036328

2454250.743827           16.313944       0.036285

2454250.899592           16.317981       0.036245

2454251.055357           16.321984       0.036207

2454251.211121           16.325950       0.036173

2454251.366886           16.329880       0.036145

2454251.522651           16.333773       0.036122

2454251.678415           16.337629       0.036106

2454251.834180           16.341447       0.036097

2454251.989945           16.345228       0.036095

2454252.145709           16.348972       0.036099

2454252.301474           16.352677       0.036110

2454252.457239           16.356346       0.036126

2454252.613003           16.359977       0.036148

2454252.768768           16.363570       0.036174

2454252.924533           16.367128       0.036203

2454253.080297           16.370648       0.036235

2454253.236062           16.374133       0.036267

2454253.391827           16.377583       0.036298

2454253.547591           16.380998       0.036328

2454253.703356           16.384379       0.036355

2454253.859121           16.387726       0.036378

2454254.014885           16.391041       0.036396

2454254.170650           16.394324       0.036408

2454254.326415           16.397577       0.036412

2454254.482179           16.400799       0.036409

2454254.637944           16.403992       0.036398

2454254.793709           16.407157       0.036378

2454254.949473           16.410295       0.036350

2454255.105238           16.413407       0.036313

2454255.261003           16.416494       0.036268

2454255.416767           16.419558       0.036215

2454255.572532           16.422599       0.036156

2454255.728297           16.425619       0.036091

2454255.884061           16.428619       0.036022

2454256.039826           16.431601       0.035949

2454256.195591           16.434565       0.035877

2454256.351355           16.437513       0.035805

2454256.507120           16.440446       0.035736

2454256.662885           16.443366       0.035673

2454256.818649           16.446274       0.035619

2454256.974414           16.449172       0.035575

2454257.130179           16.452061       0.035546

2454257.285943           16.454941       0.035533

2454257.441708           16.457816       0.035539

2454257.597473           16.460686       0.035567

2454257.753237           16.463553       0.035620

2454257.909002           16.466417       0.035701

2454258.064767           16.469282       0.035810

2454258.220531           16.472147       0.035951

2454258.376296           16.475015       0.036124

2454258.532061           16.477887       0.036332

2454258.687825           16.480765       0.036574

2454258.843590           16.483650       0.036851

2454258.999355           16.486542       0.037162

2454259.155119           16.489445       0.037508

2454259.310884           16.492359       0.037886

2454259.466649           16.495286       0.038295

2454259.622413           16.498226       0.038733

2454259.778178           16.501183       0.039198

2454259.933943           16.504156       0.039686

2454260.089707           16.507148       0.040196

2454260.245472           16.510160       0.040724

2454260.401237           16.513193       0.041267

2454260.557001           16.516249       0.041822

2454260.712766           16.519329       0.042385

2454260.868531           16.522435       0.042953

2454261.024295           16.525567       0.043523

2454261.180060           16.528728       0.044091

2454261.335825           16.531919       0.044655

2454261.491589           16.535141       0.045210

2454261.647354           16.538396       0.045755

2454261.803119           16.541684       0.046285

2454261.958883           16.545008       0.046799

2454262.114648           16.548368       0.047294

2454262.270413           16.551765       0.047768

2454262.426177           16.555202       0.048217

2454262.581942           16.558679       0.048640

2454262.737707           16.562197       0.049035

2454262.893471           16.565758       0.049400

2454263.049236           16.569363       0.049733

2454263.205001           16.573013       0.050033

2454263.360765           16.576709       0.050299

2454263.516530           16.580452       0.050529

2454263.672295           16.584243       0.050722

2454263.828059           16.588083       0.050878

2454263.983824           16.591974       0.050996

2454264.139589           16.595915       0.051074

2454264.295353           16.599909       0.051114

2454264.451118           16.603956       0.051114

2454264.606883           16.608057       0.051074

2454264.762647           16.612212       0.050995

2454264.918412           16.616423       0.050877

2454265.074177           16.620690       0.050719

2454265.229941           16.625013       0.050524

2454265.385706           16.629394       0.050290

2454265.541471           16.633833       0.050019

2454265.697235           16.638331       0.049712

2454265.853000           16.642888       0.049370

2454266.008765           16.647504       0.048995

2454266.164529           16.652180       0.048586

2454266.320294           16.656917       0.048146

2454266.476059           16.661714       0.047677

2454266.631823           16.666572       0.047180

2454266.787588           16.671490       0.046656

2454266.943353           16.676470       0.046109

2454267.099117           16.681511       0.045539

2454267.254882           16.686613       0.044950

2454267.410647           16.691776       0.044343

2454267.566411           16.697000       0.043721

2454267.722176           16.702284       0.043088

2454267.877941           16.707629       0.042444

2454268.033705           16.713034       0.041794

2454268.189470           16.718498       0.041141

2454268.345235           16.724021       0.040488

2454268.500999           16.729603       0.039838

2454268.656764           16.735243       0.039195

2454268.812529           16.740939       0.038563

2454268.968293           16.746692       0.037945

2454269.124058           16.752501       0.037347

2454269.279823           16.758363       0.036773

2454269.435587           16.764279       0.036226

2454269.591352           16.770246       0.035713

2454269.747117           16.776265       0.035239

2454269.902881           16.782333       0.034809

2454270.058646           16.788448       0.034429

2454270.214411           16.794611       0.034106

2454270.370175           16.800818       0.033845

2454270.525940           16.807068       0.033653

2454270.681705           16.813360       0.033538

2454270.837469           16.819692       0.033506

2454270.993234           16.826063       0.033563

2454271.148998           16.832469       0.033716

2454271.304763           16.838910       0.033971

2454271.460528           16.845384       0.034334

2454271.616292           16.851889       0.034807

2454271.772057           16.858422       0.035397

2454271.927822           16.864983       0.036105

2454272.083586           16.871569       0.036934

2454272.239351           16.878179       0.037884

2454272.395116           16.884810       0.038956

2454272.550880           16.891460       0.040150

2454272.706645           16.898129       0.041464

2454272.862410           16.904814       0.042896

2454273.018174           16.911514       0.044443

2454273.173939           16.918226       0.046104

2454273.329704           16.924949       0.047874

2454273.485468           16.931682       0.049751

2454273.641233           16.938423       0.051730

2454273.796998           16.945170       0.053809

2454273.952762           16.951923       0.055983

2454274.108527           16.958679       0.058249

2454274.264292           16.965438       0.060603

2454274.420056           16.972198       0.063041

2454274.575821           16.978957       0.065562

2454274.731586           16.985716       0.068160

2454274.887350           16.992472       0.070833

2454275.043115           16.999224       0.073578

2454275.198880           17.005971       0.076391

2454275.354644           17.012713       0.079271

2454275.510409           17.019448       0.082213

2454275.666174           17.026175       0.085216

2454275.821938           17.032894       0.088277

2454275.977703           17.039603       0.091393

2454276.133468           17.046301       0.094561

2454276.289232           17.052989       0.097780

2454276.444997           17.059664       0.101047

2454276.600762           17.066327       0.104359

2454276.756526           17.072976       0.107715

2454276.912291           17.079610       0.111112

2454277.068056           17.086230       0.114548

2454277.223820           17.092835       0.118021

2454277.379585           17.099423       0.121529

2454277.535350           17.105995       0.125070

2454277.691114           17.112549       0.128641

2454277.846879           17.119085       0.132242

2454278.002644           17.125603       0.135870

2454278.158408           17.132102       0.139522

2454278.314173           17.138581       0.143198

2454278.469938           17.145041       0.146895

2454278.625702           17.151481       0.150612

2454278.781467           17.157899       0.154346

2454278.937232           17.164297       0.158097

2454279.092996           17.170673       0.161861

2454279.248761           17.177028       0.165638

2454279.404526           17.183360       0.169426

2454279.560290           17.189670       0.173223

2454279.716055           17.195957       0.177028

2454279.871820           17.202221       0.180838

2454280.027584           17.208461       0.184652

2454280.183349           17.214678       0.188469

2454280.339114           17.220871       0.192287

2454280.494878           17.227040       0.196105

2454280.650643           17.233184       0.199920

2454280.806408           17.239304       0.203732

2454280.962172           17.245399       0.207539

2454281.117937           17.251469       0.211339

2454281.273702           17.257514       0.215130

2454281.429466           17.263534       0.218913

2454281.585231           17.269528       0.222684

2454281.740996           17.275496       0.226443

2454281.896760           17.281439       0.230188

2454282.052525           17.287355       0.233919

2454282.208290           17.293246       0.237632

2454282.364054           17.299110       0.241328

2454282.519819           17.304948       0.245004

2454282.675584           17.310760       0.248661

2454282.831348           17.316545       0.252295

2454282.987113           17.322303       0.255906

2454283.142878           17.328035       0.259493

2454283.298642           17.333739       0.263055

2454283.454407           17.339417       0.266590

2454283.610172           17.345068       0.270097

2454283.765936           17.350692       0.273574

2454283.921701           17.356288       0.277022

2454284.077466           17.361857       0.280438

2454284.233230           17.367399       0.283821

2454284.388995           17.372913       0.287171

2454284.544760           17.378400       0.290486

2454284.700524           17.383860       0.293766

2454284.856289           17.389291       0.297008

2454285.012054           17.394695       0.300212

2454285.167818           17.400071       0.303378

2454285.323583           17.405420       0.306503

2454285.479348           17.410740       0.309588

2454285.635112           17.416033       0.312630

2454285.790877           17.421297       0.315630

2454285.946642           17.426534       0.318586

2454286.102406           17.431742       0.321497

2454286.258171           17.436922       0.324362

2454286.413936           17.442073       0.327181

2454286.569700           17.447196       0.329952

2454286.725465           17.452291       0.332675

2454286.881230           17.457357       0.335348

2454287.036994           17.462394       0.337972

2454287.192759           17.467403       0.340545

2454287.348524           17.472382       0.343066

2454287.504288           17.477333       0.345534

2454287.660053           17.482255       0.347950

2454287.815818           17.487147       0.350311

2454287.971582           17.492010       0.352618

2454288.127347           17.496844       0.354869

2454288.283112           17.501649       0.357064

2454288.438876           17.506423       0.359203

2454288.594641           17.511168       0.361284

2454288.750406           17.515884       0.363306

2454288.906170           17.520569       0.365270

2454289.061935           17.525224       0.367174

2454289.217700           17.529848       0.369019

2454289.373464           17.534443       0.370802

2454289.529229           17.539006       0.372524

2454289.684994           17.543539       0.374185

2454289.840758           17.548041       0.375783

2454289.996523           17.552512       0.377318

2454290.152288           17.556951       0.378789

2454290.308052           17.561359       0.380197

2454290.463817           17.565735       0.381540

2454290.619582           17.570080       0.382817

2454290.775346           17.574392       0.384030

2454290.931111           17.578672       0.385176

2454291.086876           17.582920       0.386256

2454291.242640           17.587135       0.387270

2454291.398405           17.591316       0.388215

2454291.554170           17.595465       0.389094

2454291.709934           17.599580       0.389904

2454291.865699           17.603661       0.390646

2454292.021464           17.607709       0.391319

2454292.177228           17.611722       0.391922

2454292.332993           17.615701       0.392457

2454292.488758           17.619644       0.392921

2454292.644522           17.623553       0.393315

2454292.800287           17.627426       0.393639

2454292.956052           17.631264       0.393892

2454293.111816           17.635065       0.394074

2454293.267581           17.638830       0.394185

2454293.423346           17.642559       0.394225

2454293.579110           17.646250       0.394192

2454293.734875           17.649904       0.394088

2454293.890640           17.653520       0.393912

2454294.046404           17.657099       0.393663

2454294.202169           17.660639       0.393342

2454294.357934           17.664139       0.392948

2454294.513698           17.667601       0.392481

2454294.669463           17.671023       0.391942

2454294.825228           17.674406       0.391329

2454294.980992           17.677747       0.390643

2454295.136757           17.681048       0.389884

2454295.292522           17.684308       0.389052

2454295.448286           17.687526       0.388146

2454295.604051           17.690702       0.387167

2454295.759816           17.693836       0.386114

2454295.915580           17.696926       0.384988

2454296.071345           17.699973       0.383788

2454296.227110           17.702976       0.382515

2454296.382874           17.705935       0.381168

2454296.538639           17.708849       0.379748

2454296.694404           17.711718       0.378255

2454296.850168           17.714540       0.376688

2454297.005933           17.717317       0.375048

2454297.161697           17.720046       0.373335

2454297.317462           17.722729       0.371549

2454297.473227           17.725363       0.369690

2454297.628991           17.727949       0.367758

2454297.784756           17.730487       0.365754

2454297.940521           17.732975       0.363677

2454298.096285           17.735412       0.361529

2454298.252050           17.737800       0.359308

2454298.407815           17.740136       0.357016

2454298.563579           17.742421       0.354652

2454298.719344           17.744653       0.352217

2454298.875109           17.746833       0.349711

2454299.030873           17.748960       0.347134

2454299.186638           17.751032       0.344488

2454299.342403           17.753050       0.341771

2454299.498167           17.755013       0.338985

2454299.653932           17.756921       0.336129

2454299.809697           17.758772       0.333205

2454299.965461           17.760567       0.330213

2454300.121226           17.762304       0.327153

2454300.276991           17.763983       0.324026

2454300.432755           17.765603       0.320831

2454300.588520           17.767164       0.317571

2454300.744285           17.768666       0.314245

2454300.900049           17.770107       0.310853

2454301.055814           17.771487       0.307397

2454301.211579           17.772805       0.303878

2454301.367343           17.774061       0.300295

2454301.523108           17.775254       0.296650

2454301.678873           17.776384       0.292944

2454301.834637           17.777450       0.289176

2454301.990402           17.778451       0.285349

2454302.146167           17.779386       0.281462

2454302.301931           17.780256       0.277518

2454302.457696           17.781059       0.273516

2454302.613461           17.781795       0.269459

2454302.769225           17.782463       0.265346

2454302.924990           17.783063       0.261180

2454303.080755           17.783594       0.256962

2454303.236519           17.784056       0.252692

2454303.392284           17.784447       0.248372

2454303.548049           17.784767       0.244004

2454303.703813           17.785017       0.239590

2454303.859578           17.785194       0.235130

2454304.015343           17.785299       0.230628

2454304.171107           17.785331       0.226084

2454304.326872           17.785289       0.221501

2454304.482637           17.785173       0.216881

2454304.638401           17.784983       0.212226

2454304.794166           17.784717       0.207540

2454304.949931           17.784376       0.202824

2454305.105695           17.783958       0.198083

2454305.261460           17.783463       0.193319

2454305.417225           17.782892       0.188535

2454305.572989           17.782242       0.183737

2454305.728754           17.781515       0.178928

2454305.884519           17.780708       0.174113

2454306.040283           17.779823       0.169297

2454306.196048           17.778858       0.164487

2454306.351813           17.777813       0.159688

2454306.507577           17.776688       0.154909

2454306.663342           17.775482       0.150156

2454306.819107           17.774194       0.145440

2454306.974871           17.772826       0.140771

2454307.130636           17.771375       0.136159

2454307.286401           17.769843       0.131617

2454307.442165           17.768228       0.127161

2454307.597930           17.766530       0.122806

2454307.753695           17.764750       0.118570

2454307.909459           17.762886       0.114475

2454308.065224           17.760939       0.110542

2454308.220989           17.758909       0.106797

2454308.376753           17.756795       0.103268

2454308.532518           17.754597       0.099984

2454308.688283           17.752315       0.096979

2454308.844047           17.749949       0.094286

2454308.999812           17.747499       0.091939

2454309.155577           17.744965       0.089973

2454309.311341           17.742347       0.088420

2454309.467106           17.739645       0.087308

2454309.622871           17.736860       0.086662

2454309.778635           17.733990       0.086496

2454309.934400           17.731037       0.086819

