This file contains the LC params of 2017cbv in filter-B

#-----------------------------#

#-----------------------------#
Jd at maximum in B band is: 2457841.511895 +/- 0.335907
Magnitude at maximum in B band is: 11.795151 +/- 0.024035
#-----------------------------#
#-----------------------------#
JD after 15-days from B band maximum is: 2457856.511895
Magnitude after 15-days from B band maximum is: 12.752874 +/- 0.016847
Estimated value of dm15 is: 0.957724 +/- 0.029352
Secondary maximum is not applicable for this band
The magnitudes are not k-corrected
Interpolated Light Curve through GP

#-----------------------------#

  JD                 MAG           MERR

2457815.063900           18.043725       0.246186

2457815.210022           18.003217       0.241265

2457815.356143           17.962175       0.236365

2457815.502265           17.920602       0.231489

2457815.648386           17.878500       0.226637

2457815.794508           17.835871       0.221810

2457815.940629           17.792718       0.217010

2457816.086751           17.749045       0.212236

2457816.232872           17.704854       0.207491

2457816.378994           17.660150       0.202775

2457816.525115           17.614936       0.198089

2457816.671237           17.569216       0.193434

2457816.817358           17.522994       0.188812

2457816.963480           17.476275       0.184222

2457817.109601           17.429064       0.179668

2457817.255723           17.381366       0.175148

2457817.401844           17.333187       0.170665

2457817.547966           17.284531       0.166220

2457817.694087           17.235406       0.161813

2457817.840209           17.185816       0.157447

2457817.986330           17.135770       0.153121

2457818.132452           17.085273       0.148837

2457818.278573           17.034334       0.144597

2457818.424695           16.982959       0.140401

2457818.570817           16.931157       0.136250

2457818.716938           16.878935       0.132147

2457818.863060           16.826304       0.128091

2457819.009181           16.773270       0.124084

2457819.155303           16.719845       0.120128

2457819.301424           16.666037       0.116224

2457819.447546           16.611857       0.112372

2457819.593667           16.557316       0.108575

2457819.739789           16.502424       0.104833

2457819.885910           16.447192       0.101149

2457820.032032           16.391633       0.097522

2457820.178153           16.335759       0.093956

2457820.324275           16.279582       0.090450

2457820.470396           16.223116       0.087008

2457820.616518           16.166374       0.083629

2457820.762639           16.109371       0.080317

2457820.908761           16.052120       0.077072

2457821.054882           15.994638       0.073897

2457821.201004           15.936939       0.070793

2457821.347125           15.879040       0.067763

2457821.493247           15.820957       0.064808

2457821.639368           15.762708       0.061931

2457821.785490           15.704310       0.059135

2457821.931612           15.645782       0.056421

2457822.077733           15.587143       0.053793

2457822.223855           15.528411       0.051254

2457822.369976           15.469608       0.048808

2457822.516098           15.410753       0.046458

2457822.662219           15.351869       0.044208

2457822.808341           15.292977       0.042062

2457822.954462           15.234099       0.040025

2457823.100584           15.175260       0.038103

2457823.246705           15.116483       0.036301

2457823.392827           15.057792       0.034623

2457823.538948           14.999213       0.033077

2457823.685070           14.940772       0.031667

2457823.831191           14.882494       0.030399

2457823.977313           14.824405       0.029278

2457824.123434           14.766531       0.028307

2457824.269556           14.708900       0.027490

2457824.415677           14.651535       0.026827

2457824.561799           14.594463       0.026317

2457824.707920           14.537709       0.025956

2457824.854042           14.481297       0.025740

2457825.000163           14.425251       0.025661

2457825.146285           14.369595       0.025709

2457825.292407           14.314351       0.025874

2457825.438528           14.259541       0.026143

2457825.584650           14.205186       0.026505

2457825.730771           14.151307       0.026949

2457825.876893           14.097923       0.027462

2457826.023014           14.045053       0.028034

2457826.169136           13.992716       0.028655

2457826.315257           13.940929       0.029316

2457826.461379           13.889708       0.030008

2457826.607500           13.839069       0.030724

2457826.753622           13.789027       0.031458

2457826.899743           13.739595       0.032203

2457827.045865           13.690786       0.032954

2457827.191986           13.642612       0.033706

2457827.338108           13.595085       0.034455

2457827.484229           13.548213       0.035196

2457827.630351           13.502007       0.035928

2457827.776472           13.456475       0.036645

2457827.922594           13.411625       0.037346

2457828.068715           13.367464       0.038027

2457828.214837           13.323997       0.038687

2457828.360958           13.281230       0.039322

2457828.507080           13.239169       0.039931

2457828.653202           13.197816       0.040512

2457828.799323           13.157175       0.041064

2457828.945445           13.117250       0.041584

2457829.091566           13.078041       0.042070

2457829.237688           13.039550       0.042523

2457829.383809           13.001779       0.042940

2457829.529931           12.964727       0.043320

2457829.676052           12.928395       0.043663

2457829.822174           12.892780       0.043966

2457829.968295           12.857883       0.044231

2457830.114417           12.823700       0.044454

2457830.260538           12.790230       0.044637

2457830.406660           12.757470       0.044779

2457830.552781           12.725416       0.044879

2457830.698903           12.694065       0.044936

2457830.845024           12.663412       0.044951

2457830.991146           12.633454       0.044924

2457831.137267           12.604184       0.044855

2457831.283389           12.575599       0.044743

2457831.429510           12.547691       0.044588

2457831.575632           12.520456       0.044393

2457831.721753           12.493887       0.044155

2457831.867875           12.467976       0.043877

2457832.013996           12.442718       0.043559

2457832.160118           12.418105       0.043201

2457832.306240           12.394130       0.042805

2457832.452361           12.370785       0.042372

2457832.598483           12.348061       0.041902

2457832.744604           12.325952       0.041397

2457832.890726           12.304448       0.040859

2457833.036847           12.283541       0.040288

2457833.182969           12.263223       0.039687

2457833.329090           12.243484       0.039057

2457833.475212           12.224316       0.038401

2457833.621333           12.205710       0.037719

2457833.767455           12.187655       0.037014

2457833.913576           12.170144       0.036289

2457834.059698           12.153166       0.035546

2457834.205819           12.136713       0.034788

2457834.351941           12.120774       0.034016

2457834.498062           12.105340       0.033235

2457834.644184           12.090402       0.032446

2457834.790305           12.075950       0.031654

2457834.936427           12.061974       0.030860

2457835.082548           12.048465       0.030070

2457835.228670           12.035413       0.029285

2457835.374791           12.022809       0.028510

2457835.520913           12.010644       0.027748

2457835.667035           11.998907       0.027004

2457835.813156           11.987591       0.026280

2457835.959278           11.976685       0.025580

2457836.105399           11.966180       0.024909

2457836.251521           11.956068       0.024270

2457836.397642           11.946340       0.023667

2457836.543764           11.936987       0.023102

2457836.689885           11.928001       0.022579

2457836.836007           11.919374       0.022100

2457836.982128           11.911097       0.021668

2457837.128250           11.903162       0.021284

2457837.274371           11.895563       0.020950

2457837.420493           11.888291       0.020666

2457837.566614           11.881339       0.020432

2457837.712736           11.874700       0.020247

2457837.858857           11.868368       0.020112

2457838.004979           11.862335       0.020023

2457838.151100           11.856596       0.019980

2457838.297222           11.851145       0.019979

2457838.443343           11.845975       0.020018

2457838.589465           11.841081       0.020094

2457838.735586           11.836458       0.020203

2457838.881708           11.832101       0.020341

2457839.027830           11.828005       0.020506

2457839.173951           11.824165       0.020693

2457839.320073           11.820579       0.020898

2457839.466194           11.817241       0.021118

2457839.612316           11.814148       0.021350

2457839.758437           11.811298       0.021589

2457839.904559           11.808686       0.021833

2457840.050680           11.806312       0.022078

2457840.196802           11.804171       0.022320

2457840.342923           11.802262       0.022559

2457840.489045           11.800584       0.022789

2457840.635166           11.799133       0.023011

2457840.781288           11.797909       0.023220

2457840.927409           11.796911       0.023416

2457841.073531           11.796137       0.023597

2457841.219652           11.795586       0.023761

2457841.365774           11.795258       0.023908

2457841.511895           11.795151       0.024035

2457841.658017           11.795265       0.024144

2457841.804138           11.795600       0.024233

2457841.950260           11.796155       0.024302

2457842.096381           11.796929       0.024352

2457842.242503           11.797924       0.024381

2457842.388625           11.799138       0.024392

2457842.534746           11.800571       0.024383

2457842.680868           11.802224       0.024357

2457842.826989           11.804095       0.024313

2457842.973111           11.806186       0.024254

2457843.119232           11.808497       0.024179

2457843.265354           11.811026       0.024091

2457843.411475           11.813775       0.023991

2457843.557597           11.816742       0.023880

2457843.703718           11.819928       0.023760

2457843.849840           11.823333       0.023632

2457843.995961           11.826956       0.023497

2457844.142083           11.830798       0.023358

2457844.288204           11.834856       0.023215

2457844.434326           11.839131       0.023071

2457844.580447           11.843623       0.022925

2457844.726569           11.848330       0.022779

2457844.872690           11.853251       0.022634

2457845.018812           11.858385       0.022491

2457845.164933           11.863731       0.022349

2457845.311055           11.869287       0.022210

2457845.457176           11.875052       0.022072

2457845.603298           11.881024       0.021936

2457845.749420           11.887200       0.021802

2457845.895541           11.893579       0.021668

2457846.041663           11.900159       0.021535

2457846.187784           11.906937       0.021402

2457846.333906           11.913911       0.021268

2457846.480027           11.921078       0.021132

2457846.626149           11.928436       0.020995

2457846.772270           11.935982       0.020854

2457846.918392           11.943713       0.020710

2457847.064513           11.951627       0.020563

2457847.210635           11.959721       0.020411

2457847.356756           11.967992       0.020256

2457847.502878           11.976436       0.020096

2457847.648999           11.985052       0.019931

2457847.795121           11.993836       0.019763

2457847.941242           12.002786       0.019591

2457848.087364           12.011898       0.019415

2457848.233485           12.021170       0.019237

2457848.379607           12.030599       0.019056

2457848.525728           12.040181       0.018874

2457848.671850           12.049915       0.018692

2457848.817971           12.059798       0.018509

2457848.964093           12.069827       0.018327

2457849.110215           12.079999       0.018148

2457849.256336           12.090313       0.017971

2457849.402458           12.100765       0.017797

2457849.548579           12.111353       0.017628

2457849.694701           12.122076       0.017464

2457849.840822           12.132931       0.017305

2457849.986944           12.143917       0.017153

2457850.133065           12.155031       0.017007

2457850.279187           12.166272       0.016869

2457850.425308           12.177639       0.016738

2457850.571430           12.189130       0.016615

2457850.717551           12.200743       0.016500

2457850.863673           12.212479       0.016394

2457851.009794           12.224335       0.016297

2457851.155916           12.236311       0.016208

2457851.302037           12.248406       0.016129

2457851.448159           12.260621       0.016058

2457851.594280           12.272954       0.015996

2457851.740402           12.285406       0.015943

2457851.886523           12.297976       0.015898

2457852.032645           12.310664       0.015862

2457852.178766           12.323471       0.015833

2457852.324888           12.336396       0.015812

2457852.471010           12.349439       0.015799

2457852.617131           12.362600       0.015793

2457852.763253           12.375879       0.015793

2457852.909374           12.389276       0.015801

2457853.055496           12.402790       0.015814

2457853.201617           12.416421       0.015833

2457853.347739           12.430168       0.015858

2457853.493860           12.444031       0.015887

2457853.639982           12.458008       0.015920

2457853.786103           12.472099       0.015958

2457853.932225           12.486301       0.015999

2457854.078346           12.500614       0.016043

2457854.224468           12.515036       0.016089

2457854.370589           12.529564       0.016137

2457854.516711           12.544197       0.016186

2457854.662832           12.558932       0.016236

2457854.808954           12.573767       0.016287

2457854.955075           12.588699       0.016338

2457855.101197           12.603724       0.016388

2457855.247318           12.618839       0.016438

2457855.393440           12.634042       0.016488

2457855.539561           12.649328       0.016536

2457855.685683           12.664693       0.016584

2457855.831805           12.680134       0.016630

2457855.977926           12.695647       0.016677

2457856.124048           12.711227       0.016723

2457856.270169           12.726870       0.016769

2457856.416291           12.742572       0.016816

2457856.562412           12.758327       0.016864

2457856.708534           12.774132       0.016914

2457856.854655           12.789982       0.016967

2457857.000777           12.805872       0.017023

2457857.146898           12.821797       0.017082

2457857.293020           12.837753       0.017146

2457857.439141           12.853734       0.017215

2457857.585263           12.869736       0.017289

2457857.731384           12.885753       0.017368

2457857.877506           12.901782       0.017452

2457858.023627           12.917817       0.017542

2457858.169749           12.933854       0.017637

2457858.315870           12.949889       0.017737

2457858.461992           12.965915       0.017841

2457858.608113           12.981931       0.017949

2457858.754235           12.997931       0.018060

2457858.900356           13.013912       0.018173

2457859.046478           13.029869       0.018288

2457859.192599           13.045801       0.018403

2457859.338721           13.061703       0.018517

2457859.484843           13.077573       0.018628

2457859.630964           13.093409       0.018737

2457859.777086           13.109207       0.018840

2457859.923207           13.124966       0.018937

2457860.069329           13.140684       0.019026

2457860.215450           13.156360       0.019107

2457860.361572           13.171991       0.019179

2457860.507693           13.187576       0.019239

2457860.653815           13.203114       0.019289

2457860.799936           13.218604       0.019326

2457860.946058           13.234046       0.019350

2457861.092179           13.249437       0.019361

2457861.238301           13.264778       0.019359

2457861.384422           13.280069       0.019344

2457861.530544           13.295307       0.019316

2457861.676665           13.310494       0.019275

2457861.822787           13.325629       0.019221

2457861.968908           13.340712       0.019157

2457862.115030           13.355741       0.019082

2457862.261151           13.370718       0.018997

2457862.407273           13.385642       0.018904

2457862.553394           13.400513       0.018805

2457862.699516           13.415331       0.018701

2457862.845638           13.430096       0.018594

2457862.991759           13.444807       0.018487

2457863.137881           13.459465       0.018380

2457863.284002           13.474069       0.018277

2457863.430124           13.488619       0.018181

2457863.576245           13.503115       0.018093

2457863.722367           13.517556       0.018018

2457863.868488           13.531943       0.017959

2457864.014610           13.546276       0.017918

2457864.160731           13.560552       0.017900

2457864.306853           13.574774       0.017908

2457864.452974           13.588939       0.017946

2457864.599096           13.603048       0.018018

2457864.745217           13.617100       0.018126

2457864.891339           13.631094       0.018273

2457865.037460           13.645031       0.018464

2457865.183582           13.658909       0.018699

2457865.329703           13.672727       0.018982

2457865.475825           13.686485       0.019312

2457865.621946           13.700183       0.019692

2457865.768068           13.713819       0.020121

2457865.914189           13.727392       0.020599

2457866.060311           13.740903       0.021125

2457866.206433           13.754349       0.021698

2457866.352554           13.767731       0.022317

2457866.498676           13.781046       0.022979

2457866.644797           13.794296       0.023681

2457866.790919           13.807478       0.024422

2457866.937040           13.820591       0.025198

2457867.083162           13.833636       0.026006

2457867.229283           13.846611       0.026842

2457867.375405           13.859516       0.027704

2457867.521526           13.872350       0.028588

2457867.667648           13.885111       0.029490

2457867.813769           13.897800       0.030407

2457867.959891           13.910415       0.031335

2457868.106012           13.922956       0.032272

2457868.252134           13.935423       0.033214

2457868.398255           13.947813       0.034157

2457868.544377           13.960128       0.035099

2457868.690498           13.972365       0.036037

2457868.836620           13.984525       0.036968

2457868.982741           13.996607       0.037889

2457869.128863           14.008610       0.038796

2457869.274984           14.020534       0.039689

2457869.421106           14.032377       0.040563

2457869.567228           14.044140       0.041418

2457869.713349           14.055821       0.042250

2457869.859471           14.067420       0.043057

2457870.005592           14.078937       0.043837

2457870.151714           14.090371       0.044588

2457870.297835           14.101721       0.045309

2457870.443957           14.112987       0.045998

2457870.590078           14.124168       0.046652

2457870.736200           14.135263       0.047271

2457870.882321           14.146273       0.047853

2457871.028443           14.157196       0.048397

2457871.174564           14.168032       0.048901

2457871.320686           14.178781       0.049365

2457871.466807           14.189442       0.049787

2457871.612929           14.200014       0.050167

2457871.759050           14.210497       0.050503

2457871.905172           14.220890       0.050796

2457872.051293           14.231194       0.051045

2457872.197415           14.241407       0.051249

2457872.343536           14.251529       0.051408

2457872.489658           14.261559       0.051522

2457872.635779           14.271498       0.051591

2457872.781901           14.281344       0.051614

2457872.928023           14.291098       0.051593

2457873.074144           14.300758       0.051527

2457873.220266           14.310324       0.051418

2457873.366387           14.319796       0.051265

2457873.512509           14.329174       0.051069

2457873.658630           14.338457       0.050831

2457873.804752           14.347644       0.050552

2457873.950873           14.356735       0.050233

2457874.096995           14.365731       0.049875

2457874.243116           14.374629       0.049480

2457874.389238           14.383431       0.049050

2457874.535359           14.392135       0.048585

2457874.681481           14.400741       0.048088

2457874.827602           14.409249       0.047560

2457874.973724           14.417659       0.047005

2457875.119845           14.425970       0.046422

2457875.265967           14.434181       0.045817

2457875.412088           14.442293       0.045189

2457875.558210           14.450306       0.044543

2457875.704331           14.458217       0.043882

2457875.850453           14.466029       0.043207

2457875.996574           14.473739       0.042522

2457876.142696           14.481348       0.041830

2457876.288818           14.488856       0.041134

2457876.434939           14.496262       0.040439

2457876.581061           14.503566       0.039746

2457876.727182           14.510767       0.039061

2457876.873304           14.517866       0.038385

2457877.019425           14.524862       0.037724

2457877.165547           14.531754       0.037079

2457877.311668           14.538544       0.036456

2457877.457790           14.545229       0.035857

2457877.603911           14.551811       0.035285

2457877.750033           14.558289       0.034743

2457877.896154           14.564662       0.034235

2457878.042276           14.570931       0.033762

2457878.188397           14.577095       0.033327

2457878.334519           14.583154       0.032931

2457878.480640           14.589108       0.032575

2457878.626762           14.594956       0.032260

2457878.772883           14.600699       0.031985

2457878.919005           14.606337       0.031751

2457879.065126           14.611869       0.031556

2457879.211248           14.617295       0.031398

2457879.357369           14.622616       0.031276

2457879.503491           14.627830       0.031187

2457879.649613           14.632938       0.031128

2457879.795734           14.637940       0.031096

2457879.941856           14.642837       0.031089

2457880.087977           14.647627       0.031102

2457880.234099           14.652311       0.031133

2457880.380220           14.656889       0.031177

2457880.526342           14.661362       0.031232

2457880.672463           14.665729       0.031295

2457880.818585           14.669991       0.031362

2457880.964706           14.674148       0.031430

2457881.110828           14.678200       0.031497

2457881.256949           14.682148       0.031560

2457881.403071           14.685992       0.031617

2457881.549192           14.689732       0.031666

2457881.695314           14.693370       0.031705

2457881.841435           14.696905       0.031733

2457881.987557           14.700339       0.031748

2457882.133678           14.703671       0.031749

2457882.279800           14.706904       0.031736

2457882.425921           14.710037       0.031708

2457882.572043           14.713071       0.031664

2457882.718164           14.716008       0.031605

2457882.864286           14.718849       0.031530

2457883.010408           14.721595       0.031441

2457883.156529           14.724247       0.031337

2457883.302651           14.726806       0.031219

2457883.448772           14.729274       0.031087

2457883.594894           14.731653       0.030944

2457883.741015           14.733943       0.030790

2457883.887137           14.736147       0.030626

2457884.033258           14.738267       0.030453

2457884.179380           14.740304       0.030274

2457884.325501           14.742260       0.030089

2457884.471623           14.744138       0.029900

2457884.617744           14.745940       0.029709

2457884.763866           14.747668       0.029517

2457884.909987           14.749325       0.029327

2457885.056109           14.750913       0.029140

2457885.202230           14.752436       0.028957

2457885.348352           14.753895       0.028782

2457885.494473           14.755293       0.028615

2457885.640595           14.756635       0.028459

2457885.786716           14.757923       0.028316

2457885.932838           14.759159       0.028189

2457886.078959           14.760348       0.028081

2457886.225081           14.761493       0.027993

2457886.371203           14.762596       0.027928

2457886.517324           14.763662       0.027891

2457886.663446           14.764693       0.027883

2457886.809567           14.765694       0.027909

2457886.955689           14.766667       0.027971

2457887.101810           14.767616       0.028073

2457887.247932           14.768544       0.028218

2457887.394053           14.769455       0.028409

2457887.540175           14.770352       0.028650

2457887.686296           14.771239       0.028944

2457887.832418           14.772118       0.029292

2457887.978539           14.772993       0.029697

2457888.124661           14.773868       0.030162

2457888.270782           14.774745       0.030687

2457888.416904           14.775627       0.031273

2457888.563025           14.776518       0.031920

2457888.709147           14.777420       0.032630

2457888.855268           14.778336       0.033400

2457889.001390           14.779268       0.034230

2457889.147511           14.780220       0.035118

2457889.293633           14.781194       0.036062

2457889.439754           14.782191       0.037060

2457889.585876           14.783215       0.038109

2457889.731997           14.784267       0.039206

2457889.878119           14.785349       0.040348

2457890.024241           14.786464       0.041532

2457890.170362           14.787612       0.042754

2457890.316484           14.788796       0.044011

2457890.462605           14.790017       0.045300

2457890.608727           14.791277       0.046617

2457890.754848           14.792578       0.047959

2457890.900970           14.793919       0.049321

2457891.047091           14.795303       0.050702

2457891.193213           14.796731       0.052097

2457891.339334           14.798204       0.053504

2457891.485456           14.799722       0.054918

2457891.631577           14.801287       0.056338

2457891.777699           14.802900       0.057760

2457891.923820           14.804560       0.059181

2457892.069942           14.806269       0.060598

2457892.216063           14.808028       0.062008

2457892.362185           14.809836       0.063409

2457892.508306           14.811695       0.064799

2457892.654428           14.813604       0.066173

2457892.800549           14.815563       0.067531

2457892.946671           14.817574       0.068870

2457893.092792           14.819636       0.070186

2457893.238914           14.821750       0.071479

2457893.385036           14.823914       0.072746

2457893.531157           14.826130       0.073984

2457893.677279           14.828397       0.075192

2457893.823400           14.830715       0.076368

2457893.969522           14.833084       0.077510

2457894.115643           14.835503       0.078616

2457894.261765           14.837973       0.079684

2457894.407886           14.840492       0.080712

2457894.554008           14.843061       0.081700

2457894.700129           14.845679       0.082645

2457894.846251           14.848346       0.083546

2457894.992372           14.851060       0.084401

2457895.138494           14.853822       0.085210

2457895.284615           14.856631       0.085971

2457895.430737           14.859486       0.086683

2457895.576858           14.862386       0.087344

2457895.722980           14.865331       0.087954

2457895.869101           14.868319       0.088512

2457896.015223           14.871351       0.089016

2457896.161344           14.874425       0.089467

2457896.307466           14.877540       0.089862

2457896.453587           14.880695       0.090202

2457896.599709           14.883890       0.090486

2457896.745831           14.887124       0.090714

2457896.891952           14.890394       0.090884

2457897.038074           14.893702       0.090997

2457897.184195           14.897044       0.091052

2457897.330317           14.900421       0.091049

2457897.476438           14.903831       0.090988

2457897.622560           14.907273       0.090869

2457897.768681           14.910746       0.090691

2457897.914803           14.914248       0.090456

2457898.060924           14.917779       0.090163

2457898.207046           14.921338       0.089812

2457898.353167           14.924923       0.089404

2457898.499289           14.928532       0.088939

2457898.645410           14.932165       0.088418

2457898.791532           14.935821       0.087841

2457898.937653           14.939498       0.087210

2457899.083775           14.943194       0.086525

2457899.229896           14.946909       0.085786

2457899.376018           14.950641       0.084996

2457899.522139           14.954390       0.084155

2457899.668261           14.958153       0.083265

2457899.814382           14.961929       0.082327

2457899.960504           14.965717       0.081342

2457900.106626           14.969516       0.080313

2457900.252747           14.973324       0.079241

2457900.398869           14.977141       0.078128

2457900.544990           14.980964       0.076977

2457900.691112           14.984792       0.075789

2457900.837233           14.988625       0.074567

2457900.983355           14.992460       0.073314

2457901.129476           14.996297       0.072034

2457901.275598           15.000134       0.070728

2457901.421719           15.003969       0.069401

2457901.567841           15.007803       0.068056

2457901.713962           15.011632       0.066697

2457901.860084           15.015457       0.065328

2457902.006205           15.019275       0.063954

2457902.152327           15.023087       0.062580

2457902.298448           15.026889       0.061211

2457902.444570           15.030681       0.059853

2457902.590691           15.034463       0.058511

2457902.736813           15.038232       0.057192

2457902.882934           15.041987       0.055903

2457903.029056           15.045728       0.054651

2457903.175177           15.049454       0.053443

2457903.321299           15.053163       0.052288

2457903.467421           15.056853       0.051193

2457903.613542           15.060525       0.050166

2457903.759664           15.064177       0.049216

2457903.905785           15.067808       0.048352

2457904.051907           15.071418       0.047581

2457904.198028           15.075004       0.046910

2457904.344150           15.078567       0.046347

2457904.490271           15.082105       0.045898

2457904.636393           15.085618       0.045568

2457904.782514           15.089105       0.045360

2457904.928636           15.092565       0.045276

2457905.074757           15.095997       0.045317

2457905.220879           15.099401       0.045482

2457905.367000           15.102776       0.045769

2457905.513122           15.106121       0.046173

2457905.659243           15.109436       0.046689

2457905.805365           15.112720       0.047311

2457905.951486           15.115973       0.048031

2457906.097608           15.119194       0.048842

2457906.243729           15.122384       0.049735

2457906.389851           15.125541       0.050702

2457906.535972           15.128665       0.051734

2457906.682094           15.131755       0.052823

2457906.828216           15.134812       0.053960

2457906.974337           15.137836       0.055138

2457907.120459           15.140825       0.056348

2457907.266580           15.143780       0.057584

2457907.412702           15.146701       0.058839

2457907.558823           15.149587       0.060105

2457907.704945           15.152438       0.061378

2457907.851066           15.155255       0.062650

2457907.997188           15.158036       0.063918

2457908.143309           15.160783       0.065176

2457908.289431           15.163494       0.066419

2457908.435552           15.166171       0.067643

2457908.581674           15.168812       0.068845

2457908.727795           15.171418       0.070019

2457908.873917           15.173989       0.071164

2457909.020038           15.176526       0.072275

2457909.166160           15.179027       0.073350

2457909.312281           15.181494       0.074386

2457909.458403           15.183926       0.075381

2457909.604524           15.186323       0.076332

2457909.750646           15.188687       0.077236

2457909.896767           15.191016       0.078093

2457910.042889           15.193311       0.078899

2457910.189011           15.195572       0.079654

2457910.335132           15.197800       0.080356

2457910.481254           15.199995       0.081003

2457910.627375           15.202157       0.081594

2457910.773497           15.204286       0.082128

2457910.919618           15.206383       0.082605

2457911.065740           15.208447       0.083022

2457911.211861           15.210480       0.083380

2457911.357983           15.212481       0.083677

2457911.504104           15.214451       0.083914

2457911.650226           15.216390       0.084089

2457911.796347           15.218298       0.084203

2457911.942469           15.220177       0.084255

2457912.088590           15.222026       0.084245

2457912.234712           15.223845       0.084173

2457912.380833           15.225636       0.084039

2457912.526955           15.227398       0.083844

2457912.673076           15.229132       0.083589

2457912.819198           15.230838       0.083272

2457912.965319           15.232517       0.082896

2457913.111441           15.234170       0.082460

2457913.257562           15.235796       0.081966

2457913.403684           15.237396       0.081414

2457913.549806           15.238971       0.080806

2457913.695927           15.240520       0.080144

2457913.842049           15.242046       0.079427

2457913.988170           15.243547       0.078659

2457914.134292           15.245025       0.077840

2457914.280413           15.246480       0.076973

2457914.426535           15.247912       0.076059

2457914.572656           15.249322       0.075102

2457914.718778           15.250711       0.074102

2457914.864899           15.252079       0.073064

2457915.011021           15.253427       0.071989

2457915.157142           15.254754       0.070881

2457915.303264           15.256062       0.069744

2457915.449385           15.257352       0.068580

2457915.595507           15.258622       0.067395

2457915.741628           15.259876       0.066192

2457915.887750           15.261111       0.064975

2457916.033871           15.262330       0.063751

2457916.179993           15.263533       0.062523

2457916.326114           15.264720       0.061299

2457916.472236           15.265892       0.060083

2457916.618357           15.267050       0.058883

2457916.764479           15.268193       0.057706

2457916.910601           15.269323       0.056560

2457917.056722           15.270440       0.055451

2457917.202844           15.271545       0.054389

2457917.348965           15.272637       0.053382

2457917.495087           15.273718       0.052438

2457917.641208           15.274789       0.051568

2457917.787330           15.275849       0.050779

2457917.933451           15.276900       0.050082

2457918.079573           15.277941       0.049484

2457918.225694           15.278974       0.048993

2457918.371816           15.279998       0.048617

2457918.517937           15.281015       0.048362

2457918.664059           15.282025       0.048233

2457918.810180           15.283028       0.048234

2457918.956302           15.284026       0.048366

2457919.102423           15.285018       0.048629

2457919.248545           15.286005       0.049024

2457919.394666           15.286987       0.049546

2457919.540788           15.287966       0.050193

2457919.686909           15.288941       0.050958

2457919.833031           15.289913       0.051835

2457919.979152           15.290883       0.052817

2457920.125274           15.291851       0.053896

2457920.271395           15.292817       0.055065

2457920.417517           15.293783       0.056316

2457920.563639           15.294748       0.057639

2457920.709760           15.295713       0.059027

2457920.855882           15.296678       0.060472

2457921.002003           15.297645       0.061966

2457921.148125           15.298613       0.063502

2457921.294246           15.299583       0.065074

2457921.440368           15.300556       0.066673

2457921.586489           15.301531       0.068295

2457921.732611           15.302510       0.069933

2457921.878732           15.303492       0.071582

2457922.024854           15.304479       0.073237

2457922.170975           15.305471       0.074892

2457922.317097           15.306467       0.076543

2457922.463218           15.307469       0.078187

2457922.609340           15.308478       0.079818

2457922.755461           15.309492       0.081434

2457922.901583           15.310514       0.083030

2457923.047704           15.311543       0.084604

2457923.193826           15.312579       0.086152

2457923.339947           15.313624       0.087672

2457923.486069           15.314677       0.089161

2457923.632190           15.315739       0.090617

2457923.778312           15.316811       0.092037

2457923.924434           15.317892       0.093418

2457924.070555           15.318983       0.094760

2457924.216677           15.320085       0.096059

2457924.362798           15.321198       0.097314

2457924.508920           15.322322       0.098524

2457924.655041           15.323458       0.099687

2457924.801163           15.324606       0.100801

2457924.947284           15.325766       0.101866

2457925.093406           15.326939       0.102879

2457925.239527           15.328125       0.103840

2457925.385649           15.329325       0.104747

2457925.531770           15.330538       0.105600

2457925.677892           15.331766       0.106397

2457925.824013           15.333008       0.107139

2457925.970135           15.334265       0.107823

2457926.116256           15.335537       0.108450

2457926.262378           15.336824       0.109019

2457926.408499           15.338127       0.109529

2457926.554621           15.339447       0.109980

2457926.700742           15.340783       0.110372

2457926.846864           15.342135       0.110703

2457926.992985           15.343505       0.110975

2457927.139107           15.344892       0.111187

2457927.285229           15.346296       0.111338

2457927.431350           15.347718       0.111429

2457927.577472           15.349159       0.111460

2457927.723593           15.350618       0.111430

2457927.869715           15.352095       0.111340

2457928.015836           15.353592       0.111191

2457928.161958           15.355107       0.110982

2457928.308079           15.356643       0.110714

2457928.454201           15.358197       0.110386

2457928.600322           15.359772       0.110001

2457928.746444           15.361367       0.109557

2457928.892565           15.362982       0.109056

2457929.038687           15.364618       0.108499

2457929.184808           15.366274       0.107885

2457929.330930           15.367952       0.107216

2457929.477051           15.369650       0.106493

2457929.623173           15.371371       0.105715

2457929.769294           15.373112       0.104885

2457929.915416           15.374876       0.104003

2457930.061537           15.376661       0.103070

2457930.207659           15.378469       0.102088

2457930.353780           15.380298       0.101056

2457930.499902           15.382151       0.099977

2457930.646024           15.384025       0.098852

2457930.792145           15.385923       0.097682

2457930.938267           15.387843       0.096468

2457931.084388           15.389786       0.095212

2457931.230510           15.391753       0.093915

2457931.376631           15.393742       0.092578

2457931.522753           15.395755       0.091204

2457931.668874           15.397792       0.089793

2457931.814996           15.399852       0.088348

2457931.961117           15.401935       0.086870

2457932.107239           15.404042       0.085361

2457932.253360           15.406173       0.083823

2457932.399482           15.408328       0.082258

2457932.545603           15.410507       0.080667

2457932.691725           15.412710       0.079053

2457932.837846           15.414936       0.077418

2457932.983968           15.417187       0.075764

2457933.130089           15.419461       0.074093

2457933.276211           15.421760       0.072408

2457933.422332           15.424083       0.070712

2457933.568454           15.426430       0.069006

2457933.714575           15.428801       0.067294

2457933.860697           15.431196       0.065577

2457934.006819           15.433615       0.063861

2457934.152940           15.436058       0.062146

2457934.299062           15.438525       0.060436

2457934.445183           15.441016       0.058736

2457934.591305           15.443531       0.057048

2457934.737426           15.446069       0.055376

2457934.883548           15.448632       0.053723

2457935.029669           15.451218       0.052095

2457935.175791           15.453827       0.050496

2457935.321912           15.456461       0.048929

2457935.468034           15.459117       0.047401

2457935.614155           15.461796       0.045916

2457935.760277           15.464499       0.044480

2457935.906398           15.467225       0.043098

2457936.052520           15.469973       0.041777

2457936.198641           15.472744       0.040523

2457936.344763           15.475538       0.039342

2457936.490884           15.478354       0.038241

2457936.637006           15.481192       0.037225

2457936.783127           15.484052       0.036303

2457936.929249           15.486933       0.035480

2457937.075370           15.489836       0.034761

2457937.221492           15.492761       0.034151

2457937.367614           15.495706       0.033656

2457937.513735           15.498672       0.033277

2457937.659857           15.501658       0.033017

2457937.805978           15.504664       0.032876

2457937.952100           15.507691       0.032852

2457938.098221           15.510737       0.032944

2457938.244343           15.513801       0.033147

2457938.390464           15.516885       0.033456

2457938.536586           15.519987       0.033864

2457938.682707           15.523108       0.034364

2457938.828829           15.526246       0.034949

2457938.974950           15.529401       0.035610

2457939.121072           15.532573       0.036338

2457939.267193           15.535762       0.037127

2457939.413315           15.538966       0.037966

2457939.559436           15.542186       0.038850

2457939.705558           15.545422       0.039769

2457939.851679           15.548672       0.040717

2457939.997801           15.551937       0.041687

2457940.143922           15.555215       0.042673

2457940.290044           15.558508       0.043670

2457940.436165           15.561813       0.044671

2457940.582287           15.565132       0.045672

2457940.728409           15.568463       0.046669

2457940.874530           15.571805       0.047656

2457941.020652           15.575160       0.048631

2457941.166773           15.578525       0.049590

2457941.312895           15.581901       0.050529

2457941.459016           15.585288       0.051445

2457941.605138           15.588685       0.052337

2457941.751259           15.592091       0.053200

2457941.897381           15.595506       0.054033

2457942.043502           15.598929       0.054834

2457942.189624           15.602361       0.055600

2457942.335745           15.605801       0.056331

2457942.481867           15.609248       0.057024

2457942.627988           15.612703       0.057678

2457942.774110           15.616163       0.058292

2457942.920231           15.619630       0.058864

2457943.066353           15.623102       0.059394

2457943.212474           15.626580       0.059881

2457943.358596           15.630062       0.060324

2457943.504717           15.633549       0.060723

2457943.650839           15.637039       0.061076

2457943.796960           15.640533       0.061384

2457943.943082           15.644030       0.061646

2457944.089204           15.647529       0.061863

2457944.235325           15.651031       0.062035

2457944.381447           15.654533       0.062160

2457944.527568           15.658037       0.062241

2457944.673690           15.661542       0.062277

2457944.819811           15.665046       0.062268

2457944.965933           15.668551       0.062215

2457945.112054           15.672054       0.062120

2457945.258176           15.675556       0.061982

2457945.404297           15.679056       0.061803

2457945.550419           15.682554       0.061584

2457945.696540           15.686049       0.061326

2457945.842662           15.689541       0.061030

2457945.988783           15.693028       0.060698

2457946.134905           15.696512       0.060330

2457946.281026           15.699990       0.059930

2457946.427148           15.703463       0.059499

2457946.573269           15.706930       0.059038

2457946.719391           15.710390       0.058549

2457946.865512           15.713843       0.058035

2457947.011634           15.717289       0.057498

2457947.157755           15.720726       0.056940

2457947.303877           15.724155       0.056363

2457947.449998           15.727574       0.055771

2457947.596120           15.730984       0.055166

2457947.742242           15.734383       0.054550

2457947.888363           15.737771       0.053926

2457948.034485           15.741147       0.053298

2457948.180606           15.744511       0.052668

2457948.326728           15.747862       0.052040

2457948.472849           15.751200       0.051416

2457948.618971           15.754524       0.050800

2457948.765092           15.757833       0.050194

2457948.911214           15.761127       0.049602

2457949.057335           15.764404       0.049027

2457949.203457           15.767666       0.048473

2457949.349578           15.770910       0.047940

2457949.495700           15.774136       0.047434

2457949.641821           15.777343       0.046956

2457949.787943           15.780532       0.046509

2457949.934064           15.783700       0.046095

2457950.080186           15.786848       0.045716

2457950.226307           15.789975       0.045373

2457950.372429           15.793080       0.045069

2457950.518550           15.796163       0.044804

2457950.664672           15.799222       0.044580

2457950.810793           15.802257       0.044396

2457950.956915           15.805267       0.044253

2457951.103037           15.808252       0.044151

2457951.249158           15.811211       0.044089

2457951.395280           15.814143       0.044067

2457951.541401           15.817048       0.044084

2457951.687523           15.819924       0.044139

2457951.833644           15.822771       0.044231

2457951.979766           15.825588       0.044357

2457952.125887           15.828375       0.044516

2457952.272009           15.831131       0.044707

2457952.418130           15.833855       0.044927

2457952.564252           15.836546       0.045173

2457952.710373           15.839203       0.045444

2457952.856495           15.841827       0.045737

2457953.002616           15.844415       0.046050

2457953.148738           15.846968       0.046381

2457953.294859           15.849485       0.046726

2457953.440981           15.851964       0.047083

2457953.587102           15.854406       0.047451

2457953.733224           15.856809       0.047825

2457953.879345           15.859173       0.048204

2457954.025467           15.861496       0.048585

2457954.171588           15.863779       0.048965

2457954.317710           15.866021       0.049342

2457954.463832           15.868220       0.049715

2457954.609953           15.870376       0.050079

2457954.756075           15.872489       0.050433

2457954.902196           15.874558       0.050775

2457955.048318           15.876581       0.051103

2457955.194439           15.878559       0.051414

2457955.340561           15.880491       0.051707

2457955.486682           15.882375       0.051980

2457955.632804           15.884212       0.052232

2457955.778925           15.886000       0.052461

2457955.925047           15.887739       0.052667

2457956.071168           15.889428       0.052847

2457956.217290           15.891068       0.053001

2457956.363411           15.892656       0.053130

2457956.509533           15.894192       0.053231

2457956.655654           15.895676       0.053307

2457956.801776           15.897108       0.053356

2457956.947897           15.898486       0.053379

2457957.094019           15.899810       0.053377

2457957.240140           15.901079       0.053351

2457957.386262           15.902293       0.053304

2457957.532383           15.903451       0.053236

2457957.678505           15.904553       0.053150

2457957.824627           15.905598       0.053049

2457957.970748           15.906586       0.052936

2457958.116870           15.907516       0.052815

2457958.262991           15.908387       0.052689

2457958.409113           15.909200       0.052564

2457958.555234           15.909953       0.052446

2457958.701356           15.910646       0.052338

2457958.847477           15.911279       0.052248

2457958.993599           15.911852       0.052183

2457959.139720           15.912364       0.052149

2457959.285842           15.912814       0.052155

2457959.431963           15.913202       0.052208

2457959.578085           15.913528       0.052316

2457959.724206           15.913792       0.052489

2457959.870328           15.913992       0.052734

2457960.016449           15.914130       0.053060

2457960.162571           15.914204       0.053475

2457960.308692           15.914215       0.053988

2457960.454814           15.914162       0.054605

2457960.600935           15.914045       0.055334

2457960.747057           15.913864       0.056181

2457960.893178           15.913618       0.057150

2457961.039300           15.913307       0.058247

