This file contains the LC params of 2018oh in filter-B

#-----------------------------#

#-----------------------------#
Jd at maximum in B band is: 2458163.923432 +/- 0.405117
Magnitude at maximum in B band is: 14.328933 +/- 0.028627
#-----------------------------#
#-----------------------------#
JD after 15-days from B band maximum is: 2458178.923432
Magnitude after 15-days from B band maximum is: 15.035911 +/- 0.062672
Estimated value of dm15 is: 0.706978 +/- 0.068901
Secondary maximum is not applicable for this band
The magnitudes are not k-corrected
Interpolated Light Curve through GP

#-----------------------------#

  JD                 MAG           MERR

2458146.892500           15.097498       0.116427

2458146.921514           15.096248       0.116041

2458146.950527           15.094995       0.115656

2458146.979541           15.093739       0.115271

2458147.008554           15.092480       0.114886

2458147.037568           15.091218       0.114501

2458147.066581           15.089952       0.114116

2458147.095595           15.088684       0.113732

2458147.124608           15.087413       0.113347

2458147.153622           15.086138       0.112963

2458147.182635           15.084861       0.112579

2458147.211649           15.083580       0.112195

2458147.240662           15.082297       0.111812

2458147.269676           15.081010       0.111428

2458147.298689           15.079721       0.111045

2458147.327703           15.078428       0.110662

2458147.356716           15.077132       0.110279

2458147.385730           15.075834       0.109897

2458147.414743           15.074532       0.109514

2458147.443757           15.073227       0.109132

2458147.472770           15.071919       0.108750

2458147.501784           15.070609       0.108369

2458147.530797           15.069295       0.107987

2458147.559811           15.067978       0.107606

2458147.588824           15.066658       0.107225

2458147.617838           15.065336       0.106844

2458147.646851           15.064010       0.106463

2458147.675865           15.062681       0.106083

2458147.704878           15.061350       0.105703

2458147.733892           15.060015       0.105323

2458147.762905           15.058677       0.104943

2458147.791919           15.057337       0.104564

2458147.820932           15.055993       0.104185

2458147.849946           15.054647       0.103806

2458147.878959           15.053297       0.103427

2458147.907973           15.051945       0.103049

2458147.936986           15.050589       0.102670

2458147.966000           15.049231       0.102293

2458147.995014           15.047870       0.101915

2458148.024027           15.046506       0.101538

2458148.053041           15.045139       0.101160

2458148.082054           15.043769       0.100784

2458148.111068           15.042396       0.100407

2458148.140081           15.041020       0.100031

2458148.169095           15.039641       0.099655

2458148.198108           15.038260       0.099279

2458148.227122           15.036875       0.098904

2458148.256135           15.035488       0.098529

2458148.285149           15.034098       0.098154

2458148.314162           15.032705       0.097780

2458148.343176           15.031309       0.097405

2458148.372189           15.029910       0.097031

2458148.401203           15.028508       0.096658

2458148.430216           15.027104       0.096285

2458148.459230           15.025696       0.095912

2458148.488243           15.024286       0.095539

2458148.517257           15.022873       0.095167

2458148.546270           15.021457       0.094795

2458148.575284           15.020039       0.094423

2458148.604297           15.018617       0.094052

2458148.633311           15.017193       0.093681

2458148.662324           15.015766       0.093310

2458148.691338           15.014336       0.092940

2458148.720351           15.012903       0.092570

2458148.749365           15.011468       0.092200

2458148.778378           15.010030       0.091831

2458148.807392           15.008589       0.091462

2458148.836405           15.007145       0.091094

2458148.865419           15.005698       0.090725

2458148.894432           15.004249       0.090358

2458148.923446           15.002797       0.089990

2458148.952459           15.001343       0.089623

2458148.981473           14.999885       0.089256

2458149.010486           14.998425       0.088890

2458149.039500           14.996962       0.088524

2458149.068514           14.995497       0.088159

2458149.097527           14.994029       0.087793

2458149.126541           14.992558       0.087429

2458149.155554           14.991084       0.087064

2458149.184568           14.989608       0.086700

2458149.213581           14.988129       0.086337

2458149.242595           14.986647       0.085974

2458149.271608           14.985163       0.085611

2458149.300622           14.983676       0.085249

2458149.329635           14.982187       0.084887

2458149.358649           14.980695       0.084525

2458149.387662           14.979200       0.084164

2458149.416676           14.977703       0.083803

2458149.445689           14.976203       0.083443

2458149.474703           14.974701       0.083083

2458149.503716           14.973195       0.082724

2458149.532730           14.971688       0.082365

2458149.561743           14.970178       0.082007

2458149.590757           14.968665       0.081649

2458149.619770           14.967150       0.081291

2458149.648784           14.965632       0.080934

2458149.677797           14.964111       0.080578

2458149.706811           14.962589       0.080222

2458149.735824           14.961063       0.079866

2458149.764838           14.959535       0.079511

2458149.793851           14.958005       0.079156

2458149.822865           14.956472       0.078802

2458149.851878           14.954937       0.078448

2458149.880892           14.953399       0.078095

2458149.909905           14.951859       0.077742

2458149.938919           14.950316       0.077390

2458149.967932           14.948771       0.077038

2458149.996946           14.947224       0.076687

2458150.025959           14.945674       0.076336

2458150.054973           14.944121       0.075986

2458150.083986           14.942567       0.075636

2458150.113000           14.941009       0.075287

2458150.142014           14.939450       0.074938

2458150.171027           14.937888       0.074590

2458150.200041           14.936324       0.074243

2458150.229054           14.934758       0.073896

2458150.258068           14.933189       0.073549

2458150.287081           14.931618       0.073203

2458150.316095           14.930044       0.072858

2458150.345108           14.928468       0.072513

2458150.374122           14.926890       0.072169

2458150.403135           14.925310       0.071825

2458150.432149           14.923727       0.071482

2458150.461162           14.922143       0.071139

2458150.490176           14.920555       0.070797

2458150.519189           14.918966       0.070456

2458150.548203           14.917375       0.070115

2458150.577216           14.915781       0.069775

2458150.606230           14.914185       0.069436

2458150.635243           14.912587       0.069097

2458150.664257           14.910987       0.068758

2458150.693270           14.909384       0.068420

2458150.722284           14.907780       0.068083

2458150.751297           14.906173       0.067747

2458150.780311           14.904564       0.067411

2458150.809324           14.902953       0.067076

2458150.838338           14.901340       0.066741

2458150.867351           14.899725       0.066407

2458150.896365           14.898108       0.066074

2458150.925378           14.896489       0.065741

2458150.954392           14.894867       0.065409

2458150.983405           14.893244       0.065078

2458151.012419           14.891619       0.064747

2458151.041432           14.889991       0.064417

2458151.070446           14.888362       0.064087

2458151.099459           14.886731       0.063759

2458151.128473           14.885097       0.063431

2458151.157486           14.883462       0.063103

2458151.186500           14.881825       0.062777

2458151.215514           14.880186       0.062451

2458151.244527           14.878545       0.062126

2458151.273541           14.876902       0.061801

2458151.302554           14.875257       0.061478

2458151.331568           14.873611       0.061155

2458151.360581           14.871962       0.060832

2458151.389595           14.870312       0.060511

2458151.418608           14.868660       0.060190

2458151.447622           14.867006       0.059870

2458151.476635           14.865350       0.059551

2458151.505649           14.863692       0.059232

2458151.534662           14.862033       0.058914

2458151.563676           14.860372       0.058597

2458151.592689           14.858709       0.058281

2458151.621703           14.857045       0.057965

2458151.650716           14.855378       0.057651

2458151.679730           14.853710       0.057337

2458151.708743           14.852041       0.057024

2458151.737757           14.850370       0.056711

2458151.766770           14.848697       0.056400

2458151.795784           14.847022       0.056089

2458151.824797           14.845346       0.055779

2458151.853811           14.843668       0.055470

2458151.882824           14.841989       0.055162

2458151.911838           14.840308       0.054855

2458151.940851           14.838625       0.054549

2458151.969865           14.836942       0.054243

2458151.998878           14.835256       0.053938

2458152.027892           14.833569       0.053634

2458152.056905           14.831881       0.053331

2458152.085919           14.830191       0.053029

2458152.114932           14.828499       0.052728

2458152.143946           14.826806       0.052427

2458152.172959           14.825112       0.052128

2458152.201973           14.823417       0.051829

2458152.230986           14.821720       0.051532

2458152.260000           14.820021       0.051235

2458152.289014           14.818322       0.050939

2458152.318027           14.816621       0.050645

2458152.347041           14.814918       0.050351

2458152.376054           14.813215       0.050058

2458152.405068           14.811510       0.049766

2458152.434081           14.809804       0.049475

2458152.463095           14.808096       0.049185

2458152.492108           14.806388       0.048896

2458152.521122           14.804678       0.048607

2458152.550135           14.802967       0.048320

2458152.579149           14.801255       0.048034

2458152.608162           14.799541       0.047749

2458152.637176           14.797827       0.047465

2458152.666189           14.796112       0.047182

2458152.695203           14.794395       0.046900

2458152.724216           14.792677       0.046619

2458152.753230           14.790959       0.046339

2458152.782243           14.789239       0.046060

2458152.811257           14.787518       0.045783

2458152.840270           14.785797       0.045506

2458152.869284           14.784074       0.045230

2458152.898297           14.782351       0.044956

2458152.927311           14.780626       0.044682

2458152.956324           14.778901       0.044410

2458152.985338           14.777174       0.044139

2458153.014351           14.775447       0.043869

2458153.043365           14.773719       0.043600

2458153.072378           14.771990       0.043332

2458153.101392           14.770261       0.043066

2458153.130405           14.768530       0.042800

2458153.159419           14.766799       0.042536

2458153.188432           14.765068       0.042273

2458153.217446           14.763335       0.042011

2458153.246459           14.761602       0.041750

2458153.275473           14.759868       0.041491

2458153.304486           14.758133       0.041232

2458153.333500           14.756398       0.040975

2458153.362514           14.754662       0.040719

2458153.391527           14.752926       0.040465

2458153.420541           14.751189       0.040212

2458153.449554           14.749452       0.039960

2458153.478568           14.747714       0.039709

2458153.507581           14.745975       0.039459

2458153.536595           14.744236       0.039211

2458153.565608           14.742497       0.038964

2458153.594622           14.740757       0.038719

2458153.623635           14.739017       0.038475

2458153.652649           14.737277       0.038232

2458153.681662           14.735536       0.037990

2458153.710676           14.733794       0.037750

2458153.739689           14.732053       0.037511

2458153.768703           14.730311       0.037274

2458153.797716           14.728569       0.037038

2458153.826730           14.726827       0.036803

2458153.855743           14.725085       0.036570

2458153.884757           14.723342       0.036338

2458153.913770           14.721599       0.036108

2458153.942784           14.719857       0.035879

2458153.971797           14.718114       0.035652

2458154.000811           14.716371       0.035426

2458154.029824           14.714628       0.035202

2458154.058838           14.712884       0.034979

2458154.087851           14.711141       0.034757

2458154.116865           14.709398       0.034537

2458154.145878           14.707655       0.034319

2458154.174892           14.705912       0.034102

2458154.203905           14.704170       0.033887

2458154.232919           14.702427       0.033673

2458154.261932           14.700685       0.033461

2458154.290946           14.698942       0.033251

2458154.319959           14.697200       0.033042

2458154.348973           14.695458       0.032835

2458154.377986           14.693717       0.032629

2458154.407000           14.691976       0.032425

2458154.436014           14.690235       0.032223

2458154.465027           14.688494       0.032022

2458154.494041           14.686754       0.031823

2458154.523054           14.685014       0.031626

2458154.552068           14.683275       0.031430

2458154.581081           14.681536       0.031236

2458154.610095           14.679798       0.031044

2458154.639108           14.678060       0.030854

2458154.668122           14.676323       0.030665

2458154.697135           14.674586       0.030478

2458154.726149           14.672850       0.030293

2458154.755162           14.671115       0.030110

2458154.784176           14.669380       0.029929

2458154.813189           14.667646       0.029749

2458154.842203           14.665913       0.029571

2458154.871216           14.664181       0.029395

2458154.900230           14.662449       0.029221

2458154.929243           14.660718       0.029049

2458154.958257           14.658988       0.028879

2458154.987270           14.657259       0.028710

2458155.016284           14.655531       0.028544

2458155.045297           14.653804       0.028379

2458155.074311           14.652077       0.028216

2458155.103324           14.650352       0.028055

2458155.132338           14.648628       0.027897

2458155.161351           14.646905       0.027740

2458155.190365           14.645183       0.027585

2458155.219378           14.643462       0.027432

2458155.248392           14.641742       0.027281

2458155.277405           14.640024       0.027132

2458155.306419           14.638307       0.026985

2458155.335432           14.636591       0.026840

2458155.364446           14.634876       0.026697

2458155.393459           14.633163       0.026557

2458155.422473           14.631451       0.026418

2458155.451486           14.629741       0.026281

2458155.480500           14.628032       0.026147

2458155.509514           14.626324       0.026014

2458155.538527           14.624618       0.025883

2458155.567541           14.622913       0.025755

2458155.596554           14.621211       0.025629

2458155.625568           14.619509       0.025505

2458155.654581           14.617810       0.025383

2458155.683595           14.616112       0.025263

2458155.712608           14.614415       0.025145

2458155.741622           14.612721       0.025029

2458155.770635           14.611028       0.024916

2458155.799649           14.609337       0.024804

2458155.828662           14.607648       0.024695

2458155.857676           14.605961       0.024588

2458155.886689           14.604275       0.024483

2458155.915703           14.602592       0.024380

2458155.944716           14.600911       0.024280

2458155.973730           14.599232       0.024181

2458156.002743           14.597554       0.024085

2458156.031757           14.595879       0.023991

2458156.060770           14.594206       0.023899

2458156.089784           14.592535       0.023809

2458156.118797           14.590867       0.023721

2458156.147811           14.589200       0.023636

2458156.176824           14.587536       0.023552

2458156.205838           14.585875       0.023471

2458156.234851           14.584215       0.023392

2458156.263865           14.582558       0.023315

2458156.292878           14.580903       0.023240

2458156.321892           14.579251       0.023168

2458156.350905           14.577602       0.023097

2458156.379919           14.575955       0.023029

2458156.408932           14.574310       0.022963

2458156.437946           14.572668       0.022899

2458156.466959           14.571029       0.022837

2458156.495973           14.569392       0.022777

2458156.524986           14.567758       0.022719

2458156.554000           14.566127       0.022663

2458156.583014           14.564499       0.022609

2458156.612027           14.562873       0.022558

2458156.641041           14.561250       0.022508

2458156.670054           14.559630       0.022461

2458156.699068           14.558014       0.022415

2458156.728081           14.556400       0.022372

2458156.757095           14.554789       0.022330

2458156.786108           14.553181       0.022291

2458156.815122           14.551576       0.022253

2458156.844135           14.549974       0.022217

2458156.873149           14.548376       0.022184

2458156.902162           14.546781       0.022152

2458156.931176           14.545189       0.022122

2458156.960189           14.543600       0.022094

2458156.989203           14.542014       0.022068

2458157.018216           14.540432       0.022044

2458157.047230           14.538853       0.022021

2458157.076243           14.537278       0.022001

2458157.105257           14.535706       0.021982

2458157.134270           14.534137       0.021965

2458157.163284           14.532573       0.021949

2458157.192297           14.531011       0.021936

2458157.221311           14.529453       0.021924

2458157.250324           14.527899       0.021914

2458157.279338           14.526349       0.021905

2458157.308351           14.524802       0.021898

2458157.337365           14.523259       0.021893

2458157.366378           14.521720       0.021889

2458157.395392           14.520184       0.021887

2458157.424405           14.518653       0.021886

2458157.453419           14.517125       0.021887

2458157.482432           14.515601       0.021890

2458157.511446           14.514081       0.021894

2458157.540459           14.512566       0.021899

2458157.569473           14.511054       0.021906

2458157.598486           14.509546       0.021914

2458157.627500           14.508042       0.021924

2458157.656514           14.506543       0.021935

2458157.685527           14.505048       0.021947

2458157.714541           14.503557       0.021961

2458157.743554           14.502070       0.021976

2458157.772568           14.500587       0.021992

2458157.801581           14.499109       0.022009

2458157.830595           14.497635       0.022028

2458157.859608           14.496166       0.022047

2458157.888622           14.494701       0.022068

2458157.917635           14.493240       0.022090

2458157.946649           14.491784       0.022114

2458157.975662           14.490332       0.022138

2458158.004676           14.488885       0.022163

2458158.033689           14.487443       0.022189

2458158.062703           14.486005       0.022217

2458158.091716           14.484572       0.022245

2458158.120730           14.483144       0.022275

2458158.149743           14.481720       0.022305

2458158.178757           14.480302       0.022336

2458158.207770           14.478888       0.022368

2458158.236784           14.477478       0.022401

2458158.265797           14.476074       0.022435

2458158.294811           14.474675       0.022469

2458158.323824           14.473280       0.022505

2458158.352838           14.471891       0.022541

2458158.381851           14.470507       0.022578

2458158.410865           14.469127       0.022616

2458158.439878           14.467753       0.022654

2458158.468892           14.466384       0.022693

2458158.497905           14.465020       0.022733

2458158.526919           14.463661       0.022773

2458158.555932           14.462307       0.022814

2458158.584946           14.460959       0.022856

2458158.613959           14.459616       0.022898

2458158.642973           14.458278       0.022941

2458158.671986           14.456946       0.022984

2458158.701000           14.455619       0.023028

2458158.730014           14.454298       0.023072

2458158.759027           14.452982       0.023117

2458158.788041           14.451671       0.023162

2458158.817054           14.450366       0.023208

2458158.846068           14.449066       0.023254

2458158.875081           14.447772       0.023300

2458158.904095           14.446484       0.023347

2458158.933108           14.445201       0.023395

2458158.962122           14.443924       0.023442

2458158.991135           14.442653       0.023490

2458159.020149           14.441387       0.023538

2458159.049162           14.440128       0.023587

2458159.078176           14.438874       0.023636

2458159.107189           14.437626       0.023685

2458159.136203           14.436383       0.023734

2458159.165216           14.435147       0.023784

2458159.194230           14.433916       0.023834

2458159.223243           14.432692       0.023884

2458159.252257           14.431473       0.023934

2458159.281270           14.430261       0.023984

2458159.310284           14.429054       0.024035

2458159.339297           14.427854       0.024085

2458159.368311           14.426660       0.024136

2458159.397324           14.425471       0.024187

2458159.426338           14.424289       0.024238

2458159.455351           14.423114       0.024289

2458159.484365           14.421944       0.024340

2458159.513378           14.420781       0.024392

2458159.542392           14.419624       0.024443

2458159.571405           14.418473       0.024494

2458159.600419           14.417328       0.024546

2458159.629432           14.416190       0.024597

2458159.658446           14.415059       0.024648

2458159.687459           14.413933       0.024700

2458159.716473           14.412815       0.024751

2458159.745486           14.411702       0.024802

2458159.774500           14.410596       0.024853

2458159.803514           14.409497       0.024904

2458159.832527           14.408404       0.024955

2458159.861541           14.407318       0.025006

2458159.890554           14.406238       0.025057

2458159.919568           14.405165       0.025108

2458159.948581           14.404099       0.025159

2458159.977595           14.403039       0.025209

2458160.006608           14.401986       0.025260

2458160.035622           14.400940       0.025310

2458160.064635           14.399901       0.025360

2458160.093649           14.398868       0.025410

2458160.122662           14.397842       0.025460

2458160.151676           14.396823       0.025509

2458160.180689           14.395811       0.025559

2458160.209703           14.394805       0.025608

2458160.238716           14.393807       0.025657

2458160.267730           14.392815       0.025706

2458160.296743           14.391830       0.025754

2458160.325757           14.390853       0.025803

2458160.354770           14.389882       0.025851

2458160.383784           14.388918       0.025899

2458160.412797           14.387962       0.025946

2458160.441811           14.387012       0.025994

2458160.470824           14.386070       0.026041

2458160.499838           14.385134       0.026087

2458160.528851           14.384206       0.026134

2458160.557865           14.383285       0.026180

2458160.586878           14.382371       0.026226

2458160.615892           14.381464       0.026272

2458160.644905           14.380564       0.026317

2458160.673919           14.379672       0.026362

2458160.702932           14.378787       0.026407

2458160.731946           14.377909       0.026451

2458160.760959           14.377038       0.026495

2458160.789973           14.376175       0.026539

2458160.818986           14.375319       0.026582

2458160.848000           14.374470       0.026625

2458160.877014           14.373628       0.026668

2458160.906027           14.372794       0.026710

2458160.935041           14.371968       0.026752

2458160.964054           14.371149       0.026794

2458160.993068           14.370337       0.026835

2458161.022081           14.369533       0.026876

2458161.051095           14.368736       0.026916

2458161.080108           14.367946       0.026956

2458161.109122           14.367165       0.026996

2458161.138135           14.366390       0.027035

2458161.167149           14.365623       0.027074

2458161.196162           14.364864       0.027112

2458161.225176           14.364112       0.027150

2458161.254189           14.363368       0.027188

2458161.283203           14.362632       0.027225

2458161.312216           14.361903       0.027262

2458161.341230           14.361182       0.027298

2458161.370243           14.360468       0.027334

2458161.399257           14.359762       0.027370

2458161.428270           14.359064       0.027405

2458161.457284           14.358373       0.027439

2458161.486297           14.357690       0.027473

2458161.515311           14.357015       0.027507

2458161.544324           14.356347       0.027540

2458161.573338           14.355688       0.027573

2458161.602351           14.355036       0.027606

2458161.631365           14.354392       0.027638

2458161.660378           14.353755       0.027669

2458161.689392           14.353127       0.027700

2458161.718405           14.352506       0.027731

2458161.747419           14.351893       0.027761

2458161.776432           14.351288       0.027790

2458161.805446           14.350691       0.027819

2458161.834459           14.350101       0.027848

2458161.863473           14.349520       0.027876

2458161.892486           14.348946       0.027904

2458161.921500           14.348380       0.027931

2458161.950514           14.347823       0.027958

2458161.979527           14.347273       0.027984

2458162.008541           14.346731       0.028010

2458162.037554           14.346197       0.028036

2458162.066568           14.345671       0.028060

2458162.095581           14.345153       0.028085

2458162.124595           14.344643       0.028109

2458162.153608           14.344141       0.028132

2458162.182622           14.343646       0.028155

2458162.211635           14.343160       0.028177

2458162.240649           14.342682       0.028199

2458162.269662           14.342212       0.028221

2458162.298676           14.341750       0.028241

2458162.327689           14.341297       0.028262

2458162.356703           14.340851       0.028282

2458162.385716           14.340413       0.028301

2458162.414730           14.339983       0.028320

2458162.443743           14.339562       0.028339

2458162.472757           14.339148       0.028357

2458162.501770           14.338743       0.028374

2458162.530784           14.338345       0.028391

2458162.559797           14.337956       0.028407

2458162.588811           14.337575       0.028423

2458162.617824           14.337202       0.028439

2458162.646838           14.336837       0.028454

2458162.675851           14.336481       0.028468

2458162.704865           14.336132       0.028482

2458162.733878           14.335792       0.028496

2458162.762892           14.335460       0.028509

2458162.791905           14.335136       0.028521

2458162.820919           14.334820       0.028533

2458162.849932           14.334513       0.028544

2458162.878946           14.334213       0.028555

2458162.907959           14.333922       0.028566

2458162.936973           14.333639       0.028576

2458162.965986           14.333365       0.028585

2458162.995000           14.333098       0.028594

2458163.024014           14.332840       0.028603

2458163.053027           14.332590       0.028611

2458163.082041           14.332348       0.028618

2458163.111054           14.332114       0.028625

2458163.140068           14.331889       0.028632

2458163.169081           14.331672       0.028638

2458163.198095           14.331463       0.028643

2458163.227108           14.331262       0.028648

2458163.256122           14.331070       0.028653

2458163.285135           14.330886       0.028657

2458163.314149           14.330710       0.028661

2458163.343162           14.330543       0.028664

2458163.372176           14.330383       0.028666

2458163.401189           14.330233       0.028668

2458163.430203           14.330090       0.028670

2458163.459216           14.329955       0.028671

2458163.488230           14.329829       0.028672

2458163.517243           14.329712       0.028672

2458163.546257           14.329602       0.028672

2458163.575270           14.329501       0.028671

2458163.604284           14.329408       0.028670

2458163.633297           14.329323       0.028668

2458163.662311           14.329247       0.028666

2458163.691324           14.329179       0.028664

2458163.720338           14.329119       0.028661

2458163.749351           14.329068       0.028657

2458163.778365           14.329024       0.028653

2458163.807378           14.328990       0.028649

2458163.836392           14.328963       0.028644

2458163.865405           14.328945       0.028639

2458163.894419           14.328935       0.028633

2458163.923432           14.328933       0.028627

2458163.952446           14.328940       0.028620

2458163.981459           14.328955       0.028613

2458164.010473           14.328978       0.028606

2458164.039486           14.329010       0.028598

2458164.068500           14.329050       0.028589

2458164.097514           14.329098       0.028580

2458164.126527           14.329154       0.028571

2458164.155541           14.329219       0.028562

2458164.184554           14.329292       0.028551

2458164.213568           14.329374       0.028541

2458164.242581           14.329463       0.028530

2458164.271595           14.329561       0.028519

2458164.300608           14.329668       0.028507

2458164.329622           14.329782       0.028495

2458164.358635           14.329905       0.028482

2458164.387649           14.330036       0.028469

2458164.416662           14.330176       0.028456

2458164.445676           14.330323       0.028442

2458164.474689           14.330479       0.028428

2458164.503703           14.330644       0.028414

2458164.532716           14.330816       0.028399

2458164.561730           14.330997       0.028383

2458164.590743           14.331186       0.028368

2458164.619757           14.331383       0.028352

2458164.648770           14.331589       0.028335

2458164.677784           14.331802       0.028318

2458164.706797           14.332024       0.028301

2458164.735811           14.332255       0.028284

2458164.764824           14.332493       0.028266

2458164.793838           14.332740       0.028248

2458164.822851           14.332995       0.028229

2458164.851865           14.333258       0.028210

2458164.880878           14.333529       0.028191

2458164.909892           14.333809       0.028171

2458164.938905           14.334097       0.028151

2458164.967919           14.334393       0.028131

2458164.996932           14.334697       0.028111

2458165.025946           14.335009       0.028090

2458165.054959           14.335330       0.028068

2458165.083973           14.335659       0.028047

2458165.112986           14.335996       0.028025

2458165.142000           14.336341       0.028003

2458165.171014           14.336694       0.027980

2458165.200027           14.337055       0.027958

2458165.229041           14.337425       0.027935

2458165.258054           14.337802       0.027911

2458165.287068           14.338188       0.027888

2458165.316081           14.338582       0.027864

2458165.345095           14.338984       0.027840

2458165.374108           14.339394       0.027815

2458165.403122           14.339812       0.027790

2458165.432135           14.340239       0.027765

2458165.461149           14.340673       0.027740

2458165.490162           14.341115       0.027715

2458165.519176           14.341566       0.027689

2458165.548189           14.342024       0.027663

2458165.577203           14.342491       0.027637

2458165.606216           14.342965       0.027610

2458165.635230           14.343448       0.027583

2458165.664243           14.343939       0.027556

2458165.693257           14.344437       0.027529

2458165.722270           14.344944       0.027502

2458165.751284           14.345458       0.027474

2458165.780297           14.345981       0.027446

2458165.809311           14.346512       0.027418

2458165.838324           14.347050       0.027390

2458165.867338           14.347596       0.027362

2458165.896351           14.348151       0.027333

2458165.925365           14.348713       0.027305

2458165.954378           14.349283       0.027276

2458165.983392           14.349861       0.027246

2458166.012405           14.350447       0.027217

2458166.041419           14.351041       0.027188

2458166.070432           14.351643       0.027158

2458166.099446           14.352252       0.027128

2458166.128459           14.352870       0.027098

2458166.157473           14.353495       0.027068

2458166.186486           14.354128       0.027038

2458166.215500           14.354769       0.027008

2458166.244514           14.355417       0.026977

2458166.273527           14.356073       0.026947

2458166.302541           14.356738       0.026916

2458166.331554           14.357409       0.026885

2458166.360568           14.358089       0.026854

2458166.389581           14.358776       0.026823

2458166.418595           14.359471       0.026792

2458166.447608           14.360174       0.026761

2458166.476622           14.360884       0.026729

2458166.505635           14.361603       0.026698

2458166.534649           14.362328       0.026666

2458166.563662           14.363062       0.026635

2458166.592676           14.363802       0.026603

2458166.621689           14.364551       0.026571

2458166.650703           14.365307       0.026540

2458166.679716           14.366071       0.026508

2458166.708730           14.366842       0.026476

2458166.737743           14.367621       0.026444

2458166.766757           14.368407       0.026412

2458166.795770           14.369201       0.026380

2458166.824784           14.370003       0.026348

2458166.853797           14.370811       0.026316

2458166.882811           14.371628       0.026284

2458166.911824           14.372451       0.026252

2458166.940838           14.373283       0.026220

2458166.969851           14.374121       0.026188

2458166.998865           14.374967       0.026156

2458167.027878           14.375821       0.026123

2458167.056892           14.376681       0.026091

2458167.085905           14.377549       0.026059

2458167.114919           14.378425       0.026027

2458167.143932           14.379307       0.025995

2458167.172946           14.380197       0.025963

2458167.201959           14.381095       0.025931

2458167.230973           14.381999       0.025900

2458167.259986           14.382911       0.025868

2458167.289000           14.383830       0.025836

2458167.318014           14.384756       0.025804

2458167.347027           14.385690       0.025773

2458167.376041           14.386630       0.025741

2458167.405054           14.387578       0.025710

2458167.434068           14.388533       0.025678

2458167.463081           14.389494       0.025647

2458167.492095           14.390463       0.025615

2458167.521108           14.391439       0.025584

2458167.550122           14.392422       0.025553

2458167.579135           14.393413       0.025522

2458167.608149           14.394410       0.025491

2458167.637162           14.395414       0.025461

2458167.666176           14.396425       0.025430

2458167.695189           14.397443       0.025399

2458167.724203           14.398468       0.025369

2458167.753216           14.399499       0.025339

2458167.782230           14.400538       0.025309

2458167.811243           14.401584       0.025279

2458167.840257           14.402636       0.025249

2458167.869270           14.403695       0.025219

2458167.898284           14.404761       0.025190

2458167.927297           14.405834       0.025160

2458167.956311           14.406913       0.025131

2458167.985324           14.407999       0.025102

2458168.014338           14.409092       0.025073

2458168.043351           14.410192       0.025044

2458168.072365           14.411298       0.025016

2458168.101378           14.412411       0.024987

2458168.130392           14.413530       0.024959

2458168.159405           14.414656       0.024931

2458168.188419           14.415789       0.024904

2458168.217432           14.416928       0.024876

2458168.246446           14.418074       0.024849

2458168.275459           14.419226       0.024822

2458168.304473           14.420385       0.024795

2458168.333486           14.421550       0.024768

2458168.362500           14.422721       0.024741

2458168.391514           14.423899       0.024715

2458168.420527           14.425083       0.024689

2458168.449541           14.426274       0.024663

2458168.478554           14.427470       0.024638

2458168.507568           14.428674       0.024613

2458168.536581           14.429883       0.024587

2458168.565595           14.431099       0.024563

2458168.594608           14.432321       0.024538

2458168.623622           14.433549       0.024514

2458168.652635           14.434783       0.024490

2458168.681649           14.436023       0.024466

2458168.710662           14.437270       0.024443

2458168.739676           14.438522       0.024419

2458168.768689           14.439781       0.024397

2458168.797703           14.441045       0.024374

2458168.826716           14.442316       0.024352

2458168.855730           14.443593       0.024330

2458168.884743           14.444875       0.024308

2458168.913757           14.446164       0.024286

2458168.942770           14.447458       0.024265

2458168.971784           14.448758       0.024244

2458169.000797           14.450065       0.024224

2458169.029811           14.451376       0.024204

2458169.058824           14.452694       0.024184

2458169.087838           14.454018       0.024164

2458169.116851           14.455347       0.024145

2458169.145865           14.456682       0.024126

2458169.174878           14.458022       0.024107

2458169.203892           14.459368       0.024089

2458169.232905           14.460720       0.024071

2458169.261919           14.462078       0.024054

2458169.290932           14.463441       0.024037

2458169.319946           14.464809       0.024020

2458169.348959           14.466183       0.024003

2458169.377973           14.467562       0.023987

2458169.406986           14.468947       0.023971

2458169.436000           14.470338       0.023956

2458169.465014           14.471733       0.023941

2458169.494027           14.473134       0.023926

2458169.523041           14.474541       0.023912

2458169.552054           14.475952       0.023898

2458169.581068           14.477369       0.023885

2458169.610081           14.478791       0.023872

2458169.639095           14.480219       0.023859

2458169.668108           14.481651       0.023847

2458169.697122           14.483089       0.023835

2458169.726135           14.484532       0.023823

2458169.755149           14.485980       0.023812

2458169.784162           14.487433       0.023802

2458169.813176           14.488891       0.023791

2458169.842189           14.490353       0.023782

2458169.871203           14.491821       0.023772

2458169.900216           14.493294       0.023763

2458169.929230           14.494772       0.023755

2458169.958243           14.496254       0.023747

2458169.987257           14.497742       0.023739

2458170.016270           14.499234       0.023732

2458170.045284           14.500731       0.023725

2458170.074297           14.502233       0.023719

2458170.103311           14.503739       0.023713

2458170.132324           14.505250       0.023707

2458170.161338           14.506766       0.023702

2458170.190351           14.508286       0.023698

2458170.219365           14.509811       0.023694

2458170.248378           14.511341       0.023691

2458170.277392           14.512875       0.023688

2458170.306405           14.514414       0.023685

2458170.335419           14.515956       0.023683

2458170.364432           14.517504       0.023681

2458170.393446           14.519056       0.023680

2458170.422459           14.520612       0.023680

2458170.451473           14.522172       0.023680

2458170.480486           14.523737       0.023680

2458170.509500           14.525306       0.023681

2458170.538514           14.526879       0.023683

2458170.567527           14.528457       0.023685

2458170.596541           14.530038       0.023687

2458170.625554           14.531624       0.023691

2458170.654568           14.533214       0.023694

2458170.683581           14.534808       0.023698

2458170.712595           14.536406       0.023703

2458170.741608           14.538008       0.023708

2458170.770622           14.539614       0.023714

2458170.799635           14.541224       0.023721

2458170.828649           14.542838       0.023728

2458170.857662           14.544455       0.023735

2458170.886676           14.546077       0.023743

2458170.915689           14.547702       0.023752

2458170.944703           14.549331       0.023761

2458170.973716           14.550964       0.023771

2458171.002730           14.552600       0.023782

2458171.031743           14.554241       0.023793

2458171.060757           14.555885       0.023805

2458171.089770           14.557532       0.023817

2458171.118784           14.559183       0.023830

2458171.147797           14.560838       0.023843

2458171.176811           14.562496       0.023858

2458171.205824           14.564157       0.023872

2458171.234838           14.565822       0.023888

2458171.263851           14.567491       0.023904

2458171.292865           14.569162       0.023921

2458171.321878           14.570838       0.023938

2458171.350892           14.572516       0.023956

2458171.379905           14.574198       0.023975

2458171.408919           14.575883       0.023994

2458171.437932           14.577571       0.024014

2458171.466946           14.579262       0.024035

2458171.495959           14.580957       0.024057

2458171.524973           14.582655       0.024079

2458171.553986           14.584355       0.024102

2458171.583000           14.586059       0.024125

2458171.612014           14.587766       0.024149

2458171.641027           14.589476       0.024174

2458171.670041           14.591188       0.024200

2458171.699054           14.592904       0.024226

2458171.728068           14.594623       0.024254

2458171.757081           14.596344       0.024281

2458171.786095           14.598068       0.024310

2458171.815108           14.599795       0.024339

2458171.844122           14.601525       0.024369

2458171.873135           14.603257       0.024400

2458171.902149           14.604993       0.024432

2458171.931162           14.606730       0.024464

2458171.960176           14.608471       0.024498

2458171.989189           14.610214       0.024532

2458172.018203           14.611960       0.024566

2458172.047216           14.613708       0.024602

2458172.076230           14.615458       0.024638

2458172.105243           14.617211       0.024675

2458172.134257           14.618967       0.024713

2458172.163270           14.620725       0.024752

2458172.192284           14.622485       0.024792

2458172.221297           14.624248       0.024832

2458172.250311           14.626012       0.024873

2458172.279324           14.627780       0.024916

2458172.308338           14.629549       0.024958

2458172.337351           14.631321       0.025002

2458172.366365           14.633094       0.025047

2458172.395378           14.634870       0.025092

2458172.424392           14.636648       0.025139

2458172.453405           14.638428       0.025186

2458172.482419           14.640210       0.025234

2458172.511432           14.641995       0.025283

2458172.540446           14.643781       0.025333

2458172.569459           14.645569       0.025384

2458172.598473           14.647359       0.025436

2458172.627486           14.649151       0.025488

2458172.656500           14.650944       0.025542

2458172.685514           14.652740       0.025596

2458172.714527           14.654537       0.025652

2458172.743541           14.656336       0.025708

2458172.772554           14.658137       0.025765

2458172.801568           14.659940       0.025823

2458172.830581           14.661744       0.025882

2458172.859595           14.663550       0.025942

2458172.888608           14.665357       0.026003

2458172.917622           14.667166       0.026065

2458172.946635           14.668976       0.026128

2458172.975649           14.670788       0.026192

2458173.004662           14.672602       0.026257

2458173.033676           14.674417       0.026323

2458173.062689           14.676233       0.026390

2458173.091703           14.678051       0.026458

2458173.120716           14.679870       0.026526

2458173.149730           14.681691       0.026596

2458173.178743           14.683512       0.026667

2458173.207757           14.685335       0.026739

2458173.236770           14.687160       0.026812

2458173.265784           14.688985       0.026886

2458173.294797           14.690812       0.026961

2458173.323811           14.692639       0.027037

2458173.352824           14.694468       0.027113

2458173.381838           14.696298       0.027191

2458173.410851           14.698129       0.027271

2458173.439865           14.699961       0.027351

2458173.468878           14.701794       0.027432

2458173.497892           14.703628       0.027514

2458173.526905           14.705463       0.027597

2458173.555919           14.707299       0.027681

2458173.584932           14.709136       0.027767

2458173.613946           14.710973       0.027853

2458173.642959           14.712812       0.027941

2458173.671973           14.714651       0.028029

2458173.700986           14.716491       0.028119

2458173.730000           14.718331       0.028210

2458173.759014           14.720173       0.028302

2458173.788027           14.722015       0.028395

2458173.817041           14.723858       0.028489

2458173.846054           14.725701       0.028584

2458173.875068           14.727545       0.028680

2458173.904081           14.729389       0.028777

2458173.933095           14.731234       0.028876

2458173.962108           14.733080       0.028976

2458173.991122           14.734926       0.029076

2458174.020135           14.736772       0.029178

2458174.049149           14.738619       0.029281

2458174.078162           14.740466       0.029385

2458174.107176           14.742314       0.029490

2458174.136189           14.744161       0.029597

2458174.165203           14.746010       0.029704

2458174.194216           14.747858       0.029813

2458174.223230           14.749707       0.029923

2458174.252243           14.751556       0.030033

2458174.281257           14.753405       0.030145

2458174.310270           14.755254       0.030259

2458174.339284           14.757104       0.030373

2458174.368297           14.758953       0.030489

2458174.397311           14.760803       0.030605

2458174.426324           14.762653       0.030723

2458174.455338           14.764502       0.030842

2458174.484351           14.766352       0.030962

2458174.513365           14.768202       0.031084

2458174.542378           14.770052       0.031206

2458174.571392           14.771901       0.031330

2458174.600405           14.773751       0.031454

2458174.629419           14.775600       0.031580

2458174.658432           14.777449       0.031708

2458174.687446           14.779298       0.031836

2458174.716459           14.781147       0.031966

2458174.745473           14.782996       0.032096

2458174.774486           14.784844       0.032228

2458174.803500           14.786692       0.032361

2458174.832514           14.788540       0.032495

2458174.861527           14.790388       0.032631

2458174.890541           14.792235       0.032767

2458174.919554           14.794082       0.032905

2458174.948568           14.795928       0.033044

2458174.977581           14.797774       0.033184

2458175.006595           14.799619       0.033326

2458175.035608           14.801464       0.033468

2458175.064622           14.803309       0.033612

2458175.093635           14.805153       0.033757

2458175.122649           14.806996       0.033903

2458175.151662           14.808839       0.034050

2458175.180676           14.810681       0.034199

2458175.209689           14.812522       0.034348

2458175.238703           14.814363       0.034499

2458175.267716           14.816204       0.034651

2458175.296730           14.818043       0.034805

2458175.325743           14.819882       0.034959

2458175.354757           14.821720       0.035115

2458175.383770           14.823557       0.035272

2458175.412784           14.825394       0.035430

2458175.441797           14.827229       0.035589

2458175.470811           14.829064       0.035749

2458175.499824           14.830898       0.035911

2458175.528838           14.832731       0.036073

2458175.557851           14.834564       0.036237

2458175.586865           14.836395       0.036403

2458175.615878           14.838225       0.036569

2458175.644892           14.840054       0.036736

2458175.673905           14.841883       0.036905

2458175.702919           14.843710       0.037075

2458175.731932           14.845536       0.037246

2458175.760946           14.847362       0.037418

2458175.789959           14.849186       0.037592

2458175.818973           14.851009       0.037766

2458175.847986           14.852831       0.037942

2458175.877000           14.854652       0.038119

