This file contains the LC params of 2011aa in filter-V

#-----------------------------#

#-----------------------------#
Jd at maximum in V band is: 2455615.771220 +/- 1.072488
Magnitude at maximum in V band is: 14.749058 +/- 0.027375
#-----------------------------#
#-----------------------------#
JD after 15-days from V band maximum is: 2455630.771220
Magnitude after 15-days from V band maximum is: 15.186193 +/- 0.046041
Estimated value of dm15 is: 0.437135 +/- 0.053564
Secondary maximum is not applicable for this band
The magnitudes are not k-corrected
Interpolated Light Curve through GP

#-----------------------------#

  JD                 MAG           MERR

2455596.141800           15.217335       0.161887

2455596.203918           15.216105       0.160753

2455596.266037           15.214867       0.159620

2455596.328155           15.213622       0.158489

2455596.390274           15.212369       0.157360

2455596.452392           15.211108       0.156232

2455596.514511           15.209840       0.155105

2455596.576629           15.208564       0.153981

2455596.638747           15.207280       0.152858

2455596.700866           15.205989       0.151737

2455596.762984           15.204691       0.150618

2455596.825103           15.203385       0.149500

2455596.887221           15.202071       0.148384

2455596.949339           15.200750       0.147271

2455597.011458           15.199421       0.146159

2455597.073576           15.198084       0.145049

2455597.135695           15.196741       0.143942

2455597.197813           15.195389       0.142836

2455597.259932           15.194030       0.141733

2455597.322050           15.192664       0.140632

2455597.384168           15.191290       0.139533

2455597.446287           15.189908       0.138436

2455597.508405           15.188520       0.137341

2455597.570524           15.187123       0.136249

2455597.632642           15.185719       0.135160

2455597.694760           15.184308       0.134072

2455597.756879           15.182889       0.132988

2455597.818997           15.181463       0.131905

2455597.881116           15.180030       0.130826

2455597.943234           15.178589       0.129749

2455598.005353           15.177141       0.128674

2455598.067471           15.175685       0.127602

2455598.129589           15.174222       0.126533

2455598.191708           15.172752       0.125467

2455598.253826           15.171275       0.124404

2455598.315945           15.169790       0.123343

2455598.378063           15.168298       0.122286

2455598.440181           15.166798       0.121231

2455598.502300           15.165292       0.120180

2455598.564418           15.163778       0.119132

2455598.626537           15.162257       0.118086

2455598.688655           15.160729       0.117044

2455598.750774           15.159194       0.116005

2455598.812892           15.157651       0.114970

2455598.875010           15.156102       0.113938

2455598.937129           15.154545       0.112909

2455598.999247           15.152982       0.111883

2455599.061366           15.151411       0.110861

2455599.123484           15.149833       0.109843

2455599.185603           15.148249       0.108828

2455599.247721           15.146657       0.107817

2455599.309839           15.145059       0.106809

2455599.371958           15.143454       0.105806

2455599.434076           15.141841       0.104806

2455599.496195           15.140222       0.103810

2455599.558313           15.138597       0.102817

2455599.620431           15.136964       0.101829

2455599.682550           15.135325       0.100845

2455599.744668           15.133679       0.099865

2455599.806787           15.132026       0.098889

2455599.868905           15.130367       0.097917

2455599.931024           15.128701       0.096949

2455599.993142           15.127029       0.095986

2455600.055260           15.125350       0.095027

2455600.117379           15.123664       0.094072

2455600.179497           15.121972       0.093122

2455600.241616           15.120274       0.092176

2455600.303734           15.118569       0.091235

2455600.365852           15.116858       0.090299

2455600.427971           15.115141       0.089367

2455600.490089           15.113417       0.088440

2455600.552208           15.111688       0.087518

2455600.614326           15.109952       0.086600

2455600.676445           15.108210       0.085688

2455600.738563           15.106462       0.084780

2455600.800681           15.104707       0.083878

2455600.862800           15.102947       0.082981

2455600.924918           15.101181       0.082089

2455600.987037           15.099409       0.081202

2455601.049155           15.097632       0.080320

2455601.111273           15.095848       0.079444

2455601.173392           15.094059       0.078573

2455601.235510           15.092264       0.077708

2455601.297629           15.090463       0.076848

2455601.359747           15.088657       0.075994

2455601.421866           15.086846       0.075146

2455601.483984           15.085029       0.074303

2455601.546102           15.083206       0.073466

2455601.608221           15.081378       0.072635

2455601.670339           15.079545       0.071810

2455601.732458           15.077707       0.070991

2455601.794576           15.075863       0.070178

2455601.856694           15.074015       0.069371

2455601.918813           15.072161       0.068571

2455601.980931           15.070303       0.067776

2455602.043050           15.068439       0.066988

2455602.105168           15.066571       0.066207

2455602.167287           15.064698       0.065431

2455602.229405           15.062820       0.064663

2455602.291523           15.060937       0.063901

2455602.353642           15.059050       0.063146

2455602.415760           15.057159       0.062397

2455602.477879           15.055263       0.061655

2455602.539997           15.053363       0.060921

2455602.602116           15.051458       0.060193

2455602.664234           15.049549       0.059472

2455602.726352           15.047636       0.058758

2455602.788471           15.045719       0.058052

2455602.850589           15.043799       0.057352

2455602.912708           15.041874       0.056660

2455602.974826           15.039945       0.055976

2455603.036944           15.038013       0.055298

2455603.099063           15.036077       0.054629

2455603.161181           15.034138       0.053966

2455603.223300           15.032195       0.053312

2455603.285418           15.030248       0.052665

2455603.347537           15.028299       0.052026

2455603.409655           15.026346       0.051395

2455603.471773           15.024390       0.050771

2455603.533892           15.022431       0.050156

2455603.596010           15.020469       0.049549

2455603.658129           15.018505       0.048949

2455603.720247           15.016538       0.048358

2455603.782365           15.014568       0.047775

2455603.844484           15.012595       0.047200

2455603.906602           15.010620       0.046634

2455603.968721           15.008643       0.046076

2455604.030839           15.006664       0.045526

2455604.092958           15.004682       0.044985

2455604.155076           15.002699       0.044452

2455604.217194           15.000713       0.043928

2455604.279313           14.998726       0.043412

2455604.341431           14.996737       0.042905

2455604.403550           14.994747       0.042407

2455604.465668           14.992755       0.041917

2455604.527786           14.990761       0.041436

2455604.589905           14.988767       0.040964

2455604.652023           14.986771       0.040500

2455604.714142           14.984775       0.040046

2455604.776260           14.982777       0.039600

2455604.838379           14.980779       0.039163

2455604.900497           14.978781       0.038734

2455604.962615           14.976781       0.038315

2455605.024734           14.974782       0.037904

2455605.086852           14.972782       0.037503

2455605.148971           14.970782       0.037110

2455605.211089           14.968782       0.036726

2455605.273208           14.966782       0.036350

2455605.335326           14.964782       0.035984

2455605.397444           14.962783       0.035626

2455605.459563           14.960785       0.035277

2455605.521681           14.958787       0.034937

2455605.583800           14.956789       0.034605

2455605.645918           14.954793       0.034282

2455605.708036           14.952798       0.033968

2455605.770155           14.950804       0.033662

2455605.832273           14.948812       0.033364

2455605.894392           14.946820       0.033075

2455605.956510           14.944831       0.032794

2455606.018629           14.942843       0.032522

2455606.080747           14.940857       0.032257

2455606.142865           14.938874       0.032001

2455606.204984           14.936892       0.031753

2455606.267102           14.934913       0.031512

2455606.329221           14.932936       0.031280

2455606.391339           14.930962       0.031055

2455606.453457           14.928991       0.030838

2455606.515576           14.927022       0.030628

2455606.577694           14.925057       0.030426

2455606.639813           14.923095       0.030230

2455606.701931           14.921136       0.030042

2455606.764050           14.919181       0.029861

2455606.826168           14.917229       0.029687

2455606.888286           14.915281       0.029520

2455606.950405           14.913337       0.029359

2455607.012523           14.911398       0.029204

2455607.074642           14.909462       0.029056

2455607.136760           14.907531       0.028914

2455607.198878           14.905605       0.028778

2455607.260997           14.903683       0.028647

2455607.323115           14.901766       0.028523

2455607.385234           14.899854       0.028404

2455607.447352           14.897948       0.028290

2455607.509471           14.896046       0.028181

2455607.571589           14.894150       0.028078

2455607.633707           14.892260       0.027979

2455607.695826           14.890376       0.027885

2455607.757944           14.888497       0.027796

2455607.820063           14.886625       0.027711

2455607.882181           14.884759       0.027631

2455607.944299           14.882899       0.027554

2455608.006418           14.881046       0.027482

2455608.068536           14.879200       0.027413

2455608.130655           14.877360       0.027348

2455608.192773           14.875528       0.027286

2455608.254892           14.873703       0.027228

2455608.317010           14.871885       0.027173

2455608.379128           14.870075       0.027121

2455608.441247           14.868272       0.027071

2455608.503365           14.866478       0.027025

2455608.565484           14.864691       0.026982

2455608.627602           14.862912       0.026940

2455608.689721           14.861142       0.026902

2455608.751839           14.859380       0.026865

2455608.813957           14.857627       0.026831

2455608.876076           14.855883       0.026799

2455608.938194           14.854147       0.026769

2455609.000313           14.852421       0.026740

2455609.062431           14.850704       0.026713

2455609.124549           14.848997       0.026688

2455609.186668           14.847299       0.026665

2455609.248786           14.845610       0.026642

2455609.310905           14.843932       0.026622

2455609.373023           14.842264       0.026602

2455609.435142           14.840606       0.026584

2455609.497260           14.838958       0.026567

2455609.559378           14.837321       0.026550

2455609.621497           14.835694       0.026535

2455609.683615           14.834078       0.026521

2455609.745734           14.832474       0.026507

2455609.807852           14.830880       0.026494

2455609.869970           14.829298       0.026482

2455609.932089           14.827727       0.026471

2455609.994207           14.826168       0.026460

2455610.056326           14.824621       0.026449

2455610.118444           14.823085       0.026440

2455610.180563           14.821562       0.026430

2455610.242681           14.820051       0.026421

2455610.304799           14.818552       0.026413

2455610.366918           14.817066       0.026405

2455610.429036           14.815592       0.026397

2455610.491155           14.814131       0.026390

2455610.553273           14.812683       0.026382

2455610.615391           14.811249       0.026375

2455610.677510           14.809827       0.026369

2455610.739628           14.808419       0.026362

2455610.801747           14.807025       0.026356

2455610.863865           14.805644       0.026350

2455610.925984           14.804278       0.026344

2455610.988102           14.802925       0.026338

2455611.050220           14.801586       0.026332

2455611.112339           14.800262       0.026327

2455611.174457           14.798952       0.026322

2455611.236576           14.797656       0.026316

2455611.298694           14.796376       0.026311

2455611.360813           14.795110       0.026307

2455611.422931           14.793859       0.026302

2455611.485049           14.792623       0.026297

2455611.547168           14.791403       0.026293

2455611.609286           14.790198       0.026288

2455611.671405           14.789008       0.026284

2455611.733523           14.787834       0.026280

2455611.795641           14.786676       0.026277

2455611.857760           14.785533       0.026273

2455611.919878           14.784407       0.026270

2455611.981997           14.783296       0.026267

2455612.044115           14.782202       0.026264

2455612.106234           14.781124       0.026261

2455612.168352           14.780062       0.026259

2455612.230470           14.779017       0.026257

2455612.292589           14.777989       0.026255

2455612.354707           14.776977       0.026253

2455612.416826           14.775982       0.026252

2455612.478944           14.775004       0.026251

2455612.541062           14.774043       0.026251

2455612.603181           14.773099       0.026251

2455612.665299           14.772173       0.026251

2455612.727418           14.771263       0.026252

2455612.789536           14.770371       0.026253

2455612.851655           14.769496       0.026255

2455612.913773           14.768639       0.026257

2455612.975891           14.767799       0.026260

2455613.038010           14.766977       0.026263

2455613.100128           14.766173       0.026267

2455613.162247           14.765387       0.026272

2455613.224365           14.764618       0.026277

2455613.286483           14.763868       0.026283

2455613.348602           14.763135       0.026290

2455613.410720           14.762420       0.026297

2455613.472839           14.761724       0.026305

2455613.534957           14.761046       0.026314

2455613.597076           14.760386       0.026323

2455613.659194           14.759744       0.026334

2455613.721312           14.759121       0.026345

2455613.783431           14.758516       0.026357

2455613.845549           14.757929       0.026371

2455613.907668           14.757361       0.026385

2455613.969786           14.756812       0.026400

2455614.031905           14.756281       0.026416

2455614.094023           14.755768       0.026433

2455614.156141           14.755275       0.026451

2455614.218260           14.754800       0.026470

2455614.280378           14.754343       0.026491

2455614.342497           14.753906       0.026512

2455614.404615           14.753487       0.026535

2455614.466733           14.753087       0.026559

2455614.528852           14.752706       0.026584

2455614.590970           14.752344       0.026610

2455614.653089           14.752000       0.026638

2455614.715207           14.751676       0.026667

2455614.777326           14.751370       0.026697

2455614.839444           14.751083       0.026728

2455614.901562           14.750815       0.026761

2455614.963681           14.750567       0.026796

2455615.025799           14.750337       0.026831

2455615.087918           14.750126       0.026868

2455615.150036           14.749934       0.026907

2455615.212154           14.749761       0.026947

2455615.274273           14.749607       0.026988

2455615.336391           14.749472       0.027031

2455615.398510           14.749356       0.027076

2455615.460628           14.749259       0.027122

2455615.522747           14.749181       0.027169

2455615.584865           14.749122       0.027218

2455615.646983           14.749082       0.027269

2455615.709102           14.749060       0.027321

2455615.771220           14.749058       0.027375

2455615.833339           14.749075       0.027430

2455615.895457           14.749111       0.027487

2455615.957575           14.749166       0.027546

2455616.019694           14.749239       0.027606

2455616.081812           14.749332       0.027668

2455616.143931           14.749443       0.027732

2455616.206049           14.749573       0.027797

2455616.268168           14.749723       0.027864

2455616.330286           14.749891       0.027932

2455616.392404           14.750078       0.028003

2455616.454523           14.750283       0.028075

2455616.516641           14.750508       0.028148

2455616.578760           14.750751       0.028224

2455616.640878           14.751013       0.028301

2455616.702996           14.751294       0.028379

2455616.765115           14.751593       0.028460

2455616.827233           14.751912       0.028542

2455616.889352           14.752249       0.028626

2455616.951470           14.752604       0.028711

2455617.013589           14.752978       0.028798

2455617.075707           14.753371       0.028887

2455617.137825           14.753782       0.028978

2455617.199944           14.754212       0.029070

2455617.262062           14.754660       0.029164

2455617.324181           14.755126       0.029260

2455617.386299           14.755611       0.029357

2455617.448418           14.756115       0.029456

2455617.510536           14.756637       0.029557

2455617.572654           14.757177       0.029660

2455617.634773           14.757735       0.029764

2455617.696891           14.758312       0.029870

2455617.759010           14.758907       0.029977

2455617.821128           14.759520       0.030086

2455617.883246           14.760151       0.030197

2455617.945365           14.760800       0.030310

2455618.007483           14.761467       0.030424

2455618.069602           14.762153       0.030539

2455618.131720           14.762856       0.030657

2455618.193839           14.763577       0.030776

2455618.255957           14.764316       0.030896

2455618.318075           14.765073       0.031019

2455618.380194           14.765847       0.031142

2455618.442312           14.766640       0.031268

2455618.504431           14.767450       0.031394

2455618.566549           14.768278       0.031523

2455618.628667           14.769123       0.031653

2455618.690786           14.769986       0.031784

2455618.752904           14.770866       0.031917

2455618.815023           14.771764       0.032051

2455618.877141           14.772680       0.032187

2455618.939260           14.773612       0.032324

2455619.001378           14.774562       0.032463

2455619.063496           14.775529       0.032603

2455619.125615           14.776514       0.032745

2455619.187733           14.777515       0.032888

2455619.249852           14.778534       0.033032

2455619.311970           14.779570       0.033177

2455619.374088           14.780623       0.033324

2455619.436207           14.781692       0.033472

2455619.498325           14.782779       0.033622

2455619.560444           14.783882       0.033773

2455619.622562           14.785003       0.033925

2455619.684681           14.786139       0.034078

2455619.746799           14.787293       0.034232

2455619.808917           14.788463       0.034388

2455619.871036           14.789650       0.034544

2455619.933154           14.790853       0.034702

2455619.995273           14.792073       0.034861

2455620.057391           14.793309       0.035021

2455620.119510           14.794561       0.035182

2455620.181628           14.795830       0.035345

2455620.243746           14.797115       0.035508

2455620.305865           14.798416       0.035672

2455620.367983           14.799733       0.035837

2455620.430102           14.801066       0.036003

2455620.492220           14.802415       0.036170

2455620.554338           14.803780       0.036338

2455620.616457           14.805161       0.036507

2455620.678575           14.806557       0.036677

2455620.740694           14.807969       0.036847

2455620.802812           14.809397       0.037018

2455620.864931           14.810841       0.037190

2455620.927049           14.812300       0.037363

2455620.989167           14.813774       0.037536

2455621.051286           14.815264       0.037710

2455621.113404           14.816769       0.037885

2455621.175523           14.818289       0.038061

2455621.237641           14.819824       0.038236

2455621.299759           14.821375       0.038413

2455621.361878           14.822940       0.038590

2455621.423996           14.824521       0.038767

2455621.486115           14.826116       0.038945

2455621.548233           14.827726       0.039123

2455621.610352           14.829351       0.039302

2455621.672470           14.830991       0.039481

2455621.734588           14.832645       0.039660

2455621.796707           14.834314       0.039839

2455621.858825           14.835998       0.040019

2455621.920944           14.837695       0.040199

2455621.983062           14.839407       0.040379

2455622.045180           14.841134       0.040559

2455622.107299           14.842874       0.040739

2455622.169417           14.844629       0.040919

2455622.231536           14.846398       0.041099

2455622.293654           14.848180       0.041279

2455622.355773           14.849977       0.041459

2455622.417891           14.851787       0.041638

2455622.480009           14.853611       0.041817

2455622.542128           14.855449       0.041996

2455622.604246           14.857300       0.042175

2455622.666365           14.859165       0.042353

2455622.728483           14.861044       0.042531

2455622.790602           14.862935       0.042708

2455622.852720           14.864840       0.042885

2455622.914838           14.866759       0.043061

2455622.976957           14.868690       0.043237

2455623.039075           14.870634       0.043411

2455623.101194           14.872592       0.043585

2455623.163312           14.874562       0.043758

2455623.225430           14.876545       0.043931

2455623.287549           14.878541       0.044102

2455623.349667           14.880550       0.044272

2455623.411786           14.882571       0.044442

2455623.473904           14.884604       0.044610

2455623.536023           14.886651       0.044777

2455623.598141           14.888709       0.044943

2455623.660259           14.890780       0.045107

2455623.722378           14.892863       0.045270

2455623.784496           14.894958       0.045432

2455623.846615           14.897065       0.045593

2455623.908733           14.899184       0.045751

2455623.970851           14.901314       0.045909

2455624.032970           14.903457       0.046065

2455624.095088           14.905611       0.046219

2455624.157207           14.907777       0.046371

2455624.219325           14.909955       0.046522

2455624.281444           14.912144       0.046671

2455624.343562           14.914344       0.046817

2455624.405680           14.916556       0.046962

2455624.467799           14.918778       0.047106

2455624.529917           14.921012       0.047247

2455624.592036           14.923257       0.047385

2455624.654154           14.925513       0.047522

2455624.716272           14.927780       0.047657

2455624.778391           14.930057       0.047789

2455624.840509           14.932346       0.047919

2455624.902628           14.934644       0.048047

2455624.964746           14.936954       0.048173

2455625.026865           14.939273       0.048296

2455625.088983           14.941604       0.048416

2455625.151101           14.943944       0.048534

2455625.213220           14.946294       0.048650

2455625.275338           14.948655       0.048763

2455625.337457           14.951026       0.048873

2455625.399575           14.953406       0.048981

2455625.461693           14.955796       0.049085

2455625.523812           14.958196       0.049188

2455625.585930           14.960606       0.049287

2455625.648049           14.963025       0.049383

2455625.710167           14.965454       0.049477

2455625.772286           14.967892       0.049567

2455625.834404           14.970339       0.049655

2455625.896522           14.972796       0.049740

2455625.958641           14.975261       0.049821

2455626.020759           14.977736       0.049900

2455626.082878           14.980219       0.049976

2455626.144996           14.982712       0.050048

2455626.207115           14.985213       0.050117

2455626.269233           14.987722       0.050183

2455626.331351           14.990241       0.050246

2455626.393470           14.992767       0.050306

2455626.455588           14.995302       0.050362

2455626.517707           14.997846       0.050415

2455626.579825           15.000397       0.050465

2455626.641943           15.002957       0.050511

2455626.704062           15.005524       0.050555

2455626.766180           15.008100       0.050594

2455626.828299           15.010683       0.050631

2455626.890417           15.013274       0.050663

2455626.952536           15.015873       0.050693

2455627.014654           15.018479       0.050719

2455627.076772           15.021092       0.050742

2455627.138891           15.023713       0.050761

2455627.201009           15.026341       0.050776

2455627.263128           15.028976       0.050788

2455627.325246           15.031619       0.050797

2455627.387364           15.034268       0.050802

2455627.449483           15.036924       0.050804

2455627.511601           15.039586       0.050802

2455627.573720           15.042256       0.050796

2455627.635838           15.044932       0.050787

2455627.697957           15.047614       0.050775

2455627.760075           15.050303       0.050759

2455627.822193           15.052998       0.050739

2455627.884312           15.055699       0.050716

2455627.946430           15.058406       0.050689

2455628.008549           15.061119       0.050659

2455628.070667           15.063838       0.050625

2455628.132785           15.066563       0.050588

2455628.194904           15.069293       0.050547

2455628.257022           15.072029       0.050503

2455628.319141           15.074771       0.050455

2455628.381259           15.077518       0.050404

2455628.443378           15.080270       0.050349

2455628.505496           15.083027       0.050291

2455628.567614           15.085789       0.050229

2455628.629733           15.088556       0.050164

2455628.691851           15.091328       0.050096

2455628.753970           15.094105       0.050024

2455628.816088           15.096886       0.049948

2455628.878207           15.099672       0.049870

2455628.940325           15.102462       0.049788

2455629.002443           15.105257       0.049703

2455629.064562           15.108056       0.049614

2455629.126680           15.110859       0.049522

2455629.188799           15.113666       0.049427

2455629.250917           15.116477       0.049329

2455629.313035           15.119291       0.049228

2455629.375154           15.122110       0.049124

2455629.437272           15.124932       0.049016

2455629.499391           15.127757       0.048906

2455629.561509           15.130586       0.048792

2455629.623628           15.133418       0.048675

2455629.685746           15.136253       0.048556

2455629.747864           15.139092       0.048434

2455629.809983           15.141933       0.048308

2455629.872101           15.144777       0.048180

2455629.934220           15.147624       0.048049

2455629.996338           15.150473       0.047916

2455630.058456           15.153325       0.047779

2455630.120575           15.156179       0.047641

2455630.182693           15.159036       0.047499

2455630.244812           15.161895       0.047355

2455630.306930           15.164756       0.047209

2455630.369049           15.167619       0.047060

2455630.431167           15.170483       0.046908

2455630.493285           15.173350       0.046755

2455630.555404           15.176218       0.046599

2455630.617522           15.179087       0.046441

2455630.679641           15.181958       0.046281

2455630.741759           15.184831       0.046118

2455630.803877           15.187704       0.045954

2455630.865996           15.190579       0.045788

2455630.928114           15.193454       0.045620

2455630.990233           15.196330       0.045450

2455631.052351           15.199207       0.045278

2455631.114470           15.202085       0.045105

2455631.176588           15.204963       0.044930

2455631.238706           15.207842       0.044753

2455631.300825           15.210721       0.044575

2455631.362943           15.213600       0.044395

2455631.425062           15.216478       0.044215

2455631.487180           15.219357       0.044033

2455631.549298           15.222236       0.043849

2455631.611417           15.225114       0.043665

2455631.673535           15.227992       0.043480

2455631.735654           15.230870       0.043294

2455631.797772           15.233746       0.043107

2455631.859891           15.236622       0.042919

2455631.922009           15.239497       0.042730

2455631.984127           15.242371       0.042541

2455632.046246           15.245244       0.042351

2455632.108364           15.248116       0.042161

2455632.170483           15.250986       0.041971

2455632.232601           15.253855       0.041780

2455632.294720           15.256722       0.041589

2455632.356838           15.259587       0.041398

2455632.418956           15.262450       0.041207

2455632.481075           15.265312       0.041016

2455632.543193           15.268171       0.040825

2455632.605312           15.271028       0.040635

2455632.667430           15.273883       0.040445

2455632.729548           15.276735       0.040255

2455632.791667           15.279584       0.040066

2455632.853785           15.282431       0.039877

2455632.915904           15.285275       0.039689

2455632.978022           15.288116       0.039503

2455633.040141           15.290954       0.039317

2455633.102259           15.293789       0.039132

2455633.164377           15.296620       0.038948

2455633.226496           15.299448       0.038765

2455633.288614           15.302272       0.038584

2455633.350733           15.305092       0.038403

2455633.412851           15.307909       0.038225

2455633.474969           15.310721       0.038048

2455633.537088           15.313530       0.037873

2455633.599206           15.316334       0.037699

2455633.661325           15.319134       0.037527

2455633.723443           15.321929       0.037358

2455633.785562           15.324720       0.037190

2455633.847680           15.327505       0.037024

2455633.909798           15.330286       0.036861

2455633.971917           15.333062       0.036699

2455634.034035           15.335833       0.036541

2455634.096154           15.338598       0.036384

2455634.158272           15.341358       0.036230

2455634.220390           15.344112       0.036079

2455634.282509           15.346861       0.035931

2455634.344627           15.349604       0.035785

2455634.406746           15.352341       0.035642

2455634.468864           15.355072       0.035502

2455634.530983           15.357796       0.035366

2455634.593101           15.360515       0.035232

2455634.655219           15.363226       0.035101

2455634.717338           15.365932       0.034974

2455634.779456           15.368630       0.034850

2455634.841575           15.371322       0.034729

2455634.903693           15.374007       0.034612

2455634.965812           15.376685       0.034499

2455635.027930           15.379355       0.034389

2455635.090048           15.382018       0.034282

2455635.152167           15.384674       0.034180

2455635.214285           15.387322       0.034081

2455635.276404           15.389963       0.033986

2455635.338522           15.392596       0.033894

2455635.400640           15.395221       0.033807

2455635.462759           15.397838       0.033724

2455635.524877           15.400446       0.033645

2455635.586996           15.403047       0.033569

2455635.649114           15.405639       0.033498

2455635.711233           15.408223       0.033431

2455635.773351           15.410798       0.033368

2455635.835469           15.413365       0.033310

2455635.897588           15.415923       0.033255

2455635.959706           15.418472       0.033205

2455636.021825           15.421012       0.033159

2455636.083943           15.423543       0.033117

2455636.146061           15.426065       0.033080

2455636.208180           15.428578       0.033047

2455636.270298           15.431082       0.033018

2455636.332417           15.433576       0.032994

2455636.394535           15.436061       0.032974

2455636.456654           15.438536       0.032958

2455636.518772           15.441001       0.032947

2455636.580890           15.443457       0.032939

2455636.643009           15.445903       0.032937

2455636.705127           15.448340       0.032938

2455636.767246           15.450766       0.032944

2455636.829364           15.453182       0.032954

2455636.891482           15.455589       0.032968

2455636.953601           15.457985       0.032987

2455637.015719           15.460371       0.033009

2455637.077838           15.462747       0.033036

2455637.139956           15.465112       0.033067

2455637.202075           15.467468       0.033102

2455637.264193           15.469813       0.033141

2455637.326311           15.472147       0.033184

2455637.388430           15.474471       0.033232

2455637.450548           15.476784       0.033283

2455637.512667           15.479087       0.033338

2455637.574785           15.481380       0.033396

2455637.636904           15.483661       0.033459

2455637.699022           15.485933       0.033525

2455637.761140           15.488193       0.033595

2455637.823259           15.490443       0.033669

2455637.885377           15.492682       0.033746

2455637.947496           15.494910       0.033827

2455638.009614           15.497128       0.033911

2455638.071732           15.499335       0.033999

2455638.133851           15.501531       0.034090

2455638.195969           15.503716       0.034184

2455638.258088           15.505891       0.034281

2455638.320206           15.508055       0.034382

2455638.382325           15.510208       0.034486

2455638.444443           15.512350       0.034592

2455638.506561           15.514482       0.034702

2455638.568680           15.516603       0.034814

2455638.630798           15.518713       0.034930

2455638.692917           15.520813       0.035048

2455638.755035           15.522902       0.035168

2455638.817153           15.524980       0.035292

2455638.879272           15.527048       0.035417

2455638.941390           15.529105       0.035546

2455639.003509           15.531151       0.035676

2455639.065627           15.533187       0.035809

2455639.127746           15.535213       0.035944

2455639.189864           15.537228       0.036082

2455639.251982           15.539232       0.036221

2455639.314101           15.541227       0.036362

2455639.376219           15.543211       0.036506

2455639.438338           15.545184       0.036651

2455639.500456           15.547148       0.036798

2455639.562574           15.549101       0.036947

2455639.624693           15.551044       0.037097

2455639.686811           15.552977       0.037249

2455639.748930           15.554900       0.037403

2455639.811048           15.556813       0.037558

2455639.873167           15.558716       0.037714

2455639.935285           15.560609       0.037872

2455639.997403           15.562492       0.038031

2455640.059522           15.564365       0.038191

2455640.121640           15.566229       0.038352

2455640.183759           15.568083       0.038515

2455640.245877           15.569928       0.038678

2455640.307995           15.571763       0.038842

2455640.370114           15.573589       0.039008

2455640.432232           15.575405       0.039173

2455640.494351           15.577212       0.039340

2455640.556469           15.579009       0.039507

2455640.618588           15.580798       0.039675

2455640.680706           15.582577       0.039844

2455640.742824           15.584348       0.040013

2455640.804943           15.586109       0.040182

2455640.867061           15.587861       0.040352

2455640.929180           15.589605       0.040522

2455640.991298           15.591340       0.040692

2455641.053417           15.593066       0.040862

2455641.115535           15.594784       0.041033

2455641.177653           15.596493       0.041203

2455641.239772           15.598194       0.041374

2455641.301890           15.599886       0.041544

2455641.364009           15.601570       0.041714

2455641.426127           15.603246       0.041885

2455641.488245           15.604913       0.042054

2455641.550364           15.606573       0.042224

2455641.612482           15.608225       0.042393

2455641.674601           15.609868       0.042562

2455641.736719           15.611504       0.042731

2455641.798838           15.613132       0.042899

2455641.860956           15.614753       0.043066

2455641.923074           15.616366       0.043233

2455641.985193           15.617971       0.043399

2455642.047311           15.619569       0.043564

2455642.109430           15.621160       0.043729

2455642.171548           15.622743       0.043893

2455642.233666           15.624320       0.044056

2455642.295785           15.625889       0.044218

2455642.357903           15.627451       0.044379

2455642.420022           15.629006       0.044539

2455642.482140           15.630555       0.044698

2455642.544259           15.632097       0.044856

2455642.606377           15.633632       0.045013

2455642.668495           15.635160       0.045169

2455642.730614           15.636682       0.045324

2455642.792732           15.638198       0.045477

2455642.854851           15.639707       0.045629

2455642.916969           15.641210       0.045780

2455642.979087           15.642707       0.045930

2455643.041206           15.644198       0.046078

2455643.103324           15.645683       0.046224

2455643.165443           15.647162       0.046370

2455643.227561           15.648635       0.046514

2455643.289680           15.650102       0.046656

2455643.351798           15.651564       0.046797

2455643.413916           15.653020       0.046936

2455643.476035           15.654471       0.047074

2455643.538153           15.655916       0.047210

2455643.600272           15.657357       0.047345

2455643.662390           15.658791       0.047478

2455643.724509           15.660221       0.047609

2455643.786627           15.661646       0.047739

2455643.848745           15.663066       0.047867

2455643.910864           15.664481       0.047993

2455643.972982           15.665891       0.048118

2455644.035101           15.667296       0.048241

2455644.097219           15.668697       0.048362

2455644.159337           15.670094       0.048481

2455644.221456           15.671486       0.048598

2455644.283574           15.672873       0.048714

2455644.345693           15.674256       0.048828

2455644.407811           15.675636       0.048940

2455644.469930           15.677011       0.049050

2455644.532048           15.678382       0.049159

2455644.594166           15.679749       0.049265

2455644.656285           15.681112       0.049370

2455644.718403           15.682471       0.049473

2455644.780522           15.683827       0.049574

2455644.842640           15.685179       0.049674

2455644.904758           15.686528       0.049771

2455644.966877           15.687873       0.049867

2455645.028995           15.689215       0.049961

2455645.091114           15.690553       0.050053

2455645.153232           15.691888       0.050143

2455645.215351           15.693221       0.050231

2455645.277469           15.694550       0.050318

2455645.339587           15.695876       0.050403

2455645.401706           15.697199       0.050486

2455645.463824           15.698519       0.050567

2455645.525943           15.699837       0.050647

2455645.588061           15.701152       0.050724

2455645.650179           15.702465       0.050800

2455645.712298           15.703774       0.050874

2455645.774416           15.705082       0.050947

2455645.836535           15.706387       0.051018

2455645.898653           15.707690       0.051087

2455645.960772           15.708990       0.051154

2455646.022890           15.710289       0.051220

2455646.085008           15.711585       0.051284

2455646.147127           15.712879       0.051347

2455646.209245           15.714172       0.051408

2455646.271364           15.715462       0.051467

2455646.333482           15.716751       0.051525

2455646.395601           15.718038       0.051581

2455646.457719           15.719323       0.051636

2455646.519837           15.720607       0.051689

2455646.581956           15.721889       0.051741

2455646.644074           15.723170       0.051792

2455646.706193           15.724449       0.051841

2455646.768311           15.725727       0.051888

2455646.830429           15.727003       0.051935

2455646.892548           15.728279       0.051980

2455646.954666           15.729553       0.052023

2455647.016785           15.730826       0.052066

2455647.078903           15.732098       0.052107

2455647.141022           15.733369       0.052147

2455647.203140           15.734639       0.052185

2455647.265258           15.735908       0.052223

2455647.327377           15.737176       0.052259

2455647.389495           15.738444       0.052295

2455647.451614           15.739710       0.052329

2455647.513732           15.740976       0.052362

2455647.575850           15.742242       0.052394

2455647.637969           15.743507       0.052425

2455647.700087           15.744771       0.052456

2455647.762206           15.746035       0.052485

2455647.824324           15.747298       0.052513

2455647.886443           15.748561       0.052541

2455647.948561           15.749823       0.052567

2455648.010679           15.751086       0.052593

2455648.072798           15.752348       0.052618

2455648.134916           15.753609       0.052643

2455648.197035           15.754871       0.052666

2455648.259153           15.756132       0.052689

2455648.321271           15.757393       0.052711

2455648.383390           15.758654       0.052733

2455648.445508           15.759915       0.052754

2455648.507627           15.761176       0.052774

2455648.569745           15.762437       0.052794

2455648.631864           15.763697       0.052813

2455648.693982           15.764958       0.052832

2455648.756100           15.766219       0.052850

2455648.818219           15.767480       0.052868

2455648.880337           15.768741       0.052885

2455648.942456           15.770002       0.052902

2455649.004574           15.771264       0.052919

2455649.066692           15.772525       0.052935

2455649.128811           15.773787       0.052951

2455649.190929           15.775048       0.052966

2455649.253048           15.776310       0.052981

2455649.315166           15.777573       0.052996

2455649.377285           15.778835       0.053011

2455649.439403           15.780098       0.053025

2455649.501521           15.781361       0.053039

2455649.563640           15.782624       0.053053

2455649.625758           15.783887       0.053067

2455649.687877           15.785150       0.053080

2455649.749995           15.786414       0.053093

2455649.812114           15.787678       0.053106

2455649.874232           15.788942       0.053119

2455649.936350           15.790207       0.053132

2455649.998469           15.791471       0.053144

2455650.060587           15.792736       0.053157

2455650.122706           15.794001       0.053169

2455650.184824           15.795266       0.053181

2455650.246942           15.796531       0.053193

2455650.309061           15.797797       0.053205

2455650.371179           15.799062       0.053216

2455650.433298           15.800328       0.053228

2455650.495416           15.801594       0.053240

2455650.557535           15.802859       0.053251

2455650.619653           15.804125       0.053262

2455650.681771           15.805391       0.053274

2455650.743890           15.806656       0.053285

2455650.806008           15.807922       0.053296

2455650.868127           15.809188       0.053307

2455650.930245           15.810453       0.053317

2455650.992363           15.811718       0.053328

2455651.054482           15.812984       0.053339

2455651.116600           15.814248       0.053350

2455651.178719           15.815513       0.053360

2455651.240837           15.816777       0.053371

2455651.302956           15.818041       0.053381

2455651.365074           15.819305       0.053391

2455651.427192           15.820568       0.053402

2455651.489311           15.821831       0.053412

2455651.551429           15.823093       0.053422

2455651.613548           15.824355       0.053433

2455651.675666           15.825616       0.053443

2455651.737784           15.826877       0.053453

2455651.799903           15.828136       0.053463

2455651.862021           15.829395       0.053474

2455651.924140           15.830654       0.053484

2455651.986258           15.831911       0.053494

2455652.048377           15.833168       0.053505

2455652.110495           15.834423       0.053515

2455652.172613           15.835678       0.053526

2455652.234732           15.836931       0.053537

2455652.296850           15.838184       0.053548

2455652.358969           15.839435       0.053559

2455652.421087           15.840685       0.053570

2455652.483206           15.841934       0.053582

2455652.545324           15.843181       0.053593

2455652.607442           15.844427       0.053606

2455652.669561           15.845672       0.053618

2455652.731679           15.846915       0.053631

2455652.793798           15.848156       0.053644

2455652.855916           15.849396       0.053658

2455652.918034           15.850634       0.053672

2455652.980153           15.851870       0.053686

2455653.042271           15.853105       0.053701

2455653.104390           15.854337       0.053717

2455653.166508           15.855568       0.053734

2455653.228627           15.856796       0.053751

2455653.290745           15.858023       0.053769

2455653.352863           15.859247       0.053788

2455653.414982           15.860469       0.053807

2455653.477100           15.861689       0.053828

2455653.539219           15.862906       0.053850

2455653.601337           15.864121       0.053872

2455653.663455           15.865333       0.053896

2455653.725574           15.866543       0.053922

2455653.787692           15.867750       0.053948

2455653.849811           15.868954       0.053976

2455653.911929           15.870156       0.054005

2455653.974048           15.871354       0.054036

2455654.036166           15.872550       0.054069

2455654.098284           15.873743       0.054103

2455654.160403           15.874932       0.054139

2455654.222521           15.876118       0.054177

2455654.284640           15.877301       0.054217

2455654.346758           15.878481       0.054259

2455654.408876           15.879658       0.054303

2455654.470995           15.880830       0.054350

2455654.533113           15.882000       0.054399

2455654.595232           15.883166       0.054450

2455654.657350           15.884328       0.054505

2455654.719469           15.885486       0.054562

2455654.781587           15.886640       0.054622

2455654.843705           15.887791       0.054684

2455654.905824           15.888937       0.054750

2455654.967942           15.890079       0.054820

2455655.030061           15.891218       0.054892

2455655.092179           15.892352       0.054968

2455655.154297           15.893481       0.055048

2455655.216416           15.894607       0.055131

2455655.278534           15.895728       0.055219

2455655.340653           15.896844       0.055310

2455655.402771           15.897956       0.055405

2455655.464890           15.899063       0.055505

2455655.527008           15.900165       0.055609

2455655.589126           15.901262       0.055718

2455655.651245           15.902355       0.055831

2455655.713363           15.903443       0.055950

2455655.775482           15.904525       0.056073

2455655.837600           15.905602       0.056201

2455655.899719           15.906675       0.056335

2455655.961837           15.907742       0.056474

2455656.023955           15.908803       0.056618

2455656.086074           15.909859       0.056768

2455656.148192           15.910910       0.056924

2455656.210311           15.911955       0.057086

2455656.272429           15.912995       0.057254

2455656.334547           15.914028       0.057428

2455656.396666           15.915056       0.057609

2455656.458784           15.916078       0.057796

2455656.520903           15.917095       0.057990

2455656.583021           15.918105       0.058190

2455656.645140           15.919109       0.058397

2455656.707258           15.920107       0.058611

2455656.769376           15.921099       0.058833

2455656.831495           15.922085       0.059061

2455656.893613           15.923064       0.059297

2455656.955732           15.924037       0.059541

2455657.017850           15.925003       0.059792

2455657.079968           15.925963       0.060050

2455657.142087           15.926916       0.060317

2455657.204205           15.927863       0.060591

2455657.266324           15.928803       0.060873

2455657.328442           15.929736       0.061164

2455657.390561           15.930662       0.061462

2455657.452679           15.931581       0.061769

2455657.514797           15.932494       0.062084

2455657.576916           15.933399       0.062408

2455657.639034           15.934298       0.062740

2455657.701153           15.935189       0.063080

2455657.763271           15.936073       0.063430

2455657.825389           15.936950       0.063788

2455657.887508           15.937819       0.064154

2455657.949626           15.938681       0.064530

2455658.011745           15.939536       0.064914

2455658.073863           15.940383       0.065307

2455658.135982           15.941223       0.065709

2455658.198100           15.942055       0.066120

