This file contains the LC params of SN2005cf in filter-B

#-----------------------------#

#-----------------------------#
Jd at maximum in B band is: 2453534.739008 +/- 0.597930
Magnitude at maximum in B band is: 13.562768 +/- 0.050192
#-----------------------------#
#-----------------------------#
JD after 15-days from B band maximum is: 2453549.739008
Magnitude after 15-days from B band maximum is: 14.799478 +/- 0.032598
Estimated value of dm15 is: 1.236711 +/- 0.059849
Secondary maximum is not applicable for this band
The magnitudes are not k-corrected
Interpolated Light Curve through GP

#-----------------------------#

  JD                 MAG           MERR

2453517.551000           15.162041       0.202239

2453517.608678           15.156555       0.200578

2453517.666356           15.151044       0.198920

2453517.724034           15.145510       0.197264

2453517.781712           15.139951       0.195612

2453517.839389           15.134369       0.193963

2453517.897067           15.128763       0.192317

2453517.954745           15.123133       0.190674

2453518.012423           15.117480       0.189035

2453518.070101           15.111803       0.187399

2453518.127779           15.106103       0.185767

2453518.185457           15.100380       0.184138

2453518.243135           15.094633       0.182512

2453518.300812           15.088863       0.180890

2453518.358490           15.083069       0.179272

2453518.416168           15.077253       0.177658

2453518.473846           15.071414       0.176047

2453518.531524           15.065552       0.174440

2453518.589202           15.059667       0.172838

2453518.646880           15.053760       0.171239

2453518.704558           15.047830       0.169644

2453518.762235           15.041877       0.168053

2453518.819913           15.035903       0.166466

2453518.877591           15.029905       0.164884

2453518.935269           15.023886       0.163305

2453518.992947           15.017845       0.161731

2453519.050625           15.011782       0.160162

2453519.108303           15.005697       0.158597

2453519.165981           14.999590       0.157036

2453519.223658           14.993461       0.155480

2453519.281336           14.987311       0.153928

2453519.339014           14.981140       0.152382

2453519.396692           14.974948       0.150840

2453519.454370           14.968734       0.149302

2453519.512048           14.962500       0.147770

2453519.569726           14.956244       0.146243

2453519.627404           14.949968       0.144720

2453519.685081           14.943671       0.143203

2453519.742759           14.937354       0.141691

2453519.800437           14.931016       0.140184

2453519.858115           14.924659       0.138682

2453519.915793           14.918281       0.137185

2453519.973471           14.911883       0.135694

2453520.031149           14.905466       0.134209

2453520.088827           14.899029       0.132729

2453520.146505           14.892573       0.131255

2453520.204182           14.886097       0.129786

2453520.261860           14.879602       0.128323

2453520.319538           14.873088       0.126866

2453520.377216           14.866556       0.125414

2453520.434894           14.860005       0.123969

2453520.492572           14.853435       0.122530

2453520.550250           14.846847       0.121096

2453520.607928           14.840241       0.119669

2453520.665605           14.833617       0.118248

2453520.723283           14.826976       0.116834

2453520.780961           14.820316       0.115426

2453520.838639           14.813640       0.114024

2453520.896317           14.806946       0.112629

2453520.953995           14.800235       0.111240

2453521.011673           14.793508       0.109858

2453521.069351           14.786763       0.108483

2453521.127028           14.780003       0.107115

2453521.184706           14.773226       0.105753

2453521.242384           14.766433       0.104399

2453521.300062           14.759625       0.103051

2453521.357740           14.752800       0.101711

2453521.415418           14.745961       0.100378

2453521.473096           14.739106       0.099052

2453521.530774           14.732237       0.097734

2453521.588451           14.725353       0.096423

2453521.646129           14.718454       0.095120

2453521.703807           14.711541       0.093824

2453521.761485           14.704614       0.092536

2453521.819163           14.697673       0.091256

2453521.876841           14.690719       0.089984

2453521.934519           14.683752       0.088720

2453521.992197           14.676771       0.087463

2453522.049874           14.669778       0.086215

2453522.107552           14.662773       0.084975

2453522.165230           14.655755       0.083744

2453522.222908           14.648725       0.082521

2453522.280586           14.641683       0.081306

2453522.338264           14.634630       0.080100

2453522.395942           14.627565       0.078903

2453522.453620           14.620490       0.077714

2453522.511297           14.613404       0.076535

2453522.568975           14.606308       0.075364

2453522.626653           14.599202       0.074203

2453522.684331           14.592086       0.073050

2453522.742009           14.584960       0.071907

2453522.799687           14.577826       0.070774

2453522.857365           14.570682       0.069650

2453522.915043           14.563530       0.068535

2453522.972721           14.556370       0.067430

2453523.030398           14.549202       0.066335

2453523.088076           14.542026       0.065250

2453523.145754           14.534842       0.064175

2453523.203432           14.527652       0.063111

2453523.261110           14.520456       0.062056

2453523.318788           14.513252       0.061012

2453523.376466           14.506043       0.059978

2453523.434144           14.498829       0.058955

2453523.491821           14.491609       0.057943

2453523.549499           14.484384       0.056942

2453523.607177           14.477154       0.055952

2453523.664855           14.469921       0.054973

2453523.722533           14.462683       0.054005

2453523.780211           14.455442       0.053049

2453523.837889           14.448198       0.052104

2453523.895567           14.440951       0.051171

2453523.953244           14.433702       0.050250

2453524.010922           14.426451       0.049341

2453524.068600           14.419198       0.048444

2453524.126278           14.411944       0.047559

2453524.183956           14.404689       0.046687

2453524.241634           14.397434       0.045827

2453524.299312           14.390179       0.044980

2453524.356990           14.382924       0.044146

2453524.414667           14.375670       0.043325

2453524.472345           14.368418       0.042517

2453524.530023           14.361167       0.041723

2453524.587701           14.353919       0.040943

2453524.645379           14.346672       0.040176

2453524.703057           14.339429       0.039423

2453524.760735           14.332190       0.038684

2453524.818413           14.324954       0.037959

2453524.876090           14.317723       0.037249

2453524.933768           14.310497       0.036554

2453524.991446           14.303276       0.035873

2453525.049124           14.296060       0.035207

2453525.106802           14.288851       0.034556

2453525.164480           14.281649       0.033921

2453525.222158           14.274454       0.033301

2453525.279836           14.267267       0.032696

2453525.337514           14.260088       0.032108

2453525.395191           14.252917       0.031535

2453525.452869           14.245756       0.030978

2453525.510547           14.238605       0.030437

2453525.568225           14.231464       0.029913

2453525.625903           14.224334       0.029405

2453525.683581           14.217215       0.028913

2453525.741259           14.210108       0.028438

2453525.798937           14.203014       0.027980

2453525.856614           14.195932       0.027538

2453525.914292           14.188864       0.027112

2453525.971970           14.181810       0.026704

2453526.029648           14.174771       0.026312

2453526.087326           14.167747       0.025937

2453526.145004           14.160739       0.025578

2453526.202682           14.153747       0.025236

2453526.260360           14.146772       0.024910

2453526.318037           14.139815       0.024600

2453526.375715           14.132876       0.024307

2453526.433393           14.125955       0.024029

2453526.491071           14.119054       0.023767

2453526.548749           14.112172       0.023520

2453526.606427           14.105311       0.023289

2453526.664105           14.098472       0.023073

2453526.721783           14.091654       0.022871

2453526.779460           14.084858       0.022683

2453526.837138           14.078085       0.022509

2453526.894816           14.071335       0.022349

2453526.952494           14.064610       0.022201

2453527.010172           14.057909       0.022067

2453527.067850           14.051233       0.021944

2453527.125528           14.044584       0.021834

2453527.183206           14.037961       0.021734

2453527.240883           14.031365       0.021646

2453527.298561           14.024796       0.021568

2453527.356239           14.018256       0.021500

2453527.413917           14.011745       0.021441

2453527.471595           14.005263       0.021391

2453527.529273           13.998811       0.021350

2453527.586951           13.992390       0.021317

2453527.644629           13.986000       0.021291

2453527.702307           13.979642       0.021273

2453527.759984           13.973316       0.021261

2453527.817662           13.967023       0.021256

2453527.875340           13.960763       0.021256

2453527.933018           13.954537       0.021262

2453527.990696           13.948346       0.021273

2453528.048374           13.942190       0.021289

2453528.106052           13.936069       0.021309

2453528.163730           13.929985       0.021333

2453528.221407           13.923937       0.021361

2453528.279085           13.917927       0.021393

2453528.336763           13.911954       0.021427

2453528.394441           13.906019       0.021465

2453528.452119           13.900123       0.021505

2453528.509797           13.894266       0.021548

2453528.567475           13.888449       0.021593

2453528.625153           13.882672       0.021641

2453528.682830           13.876935       0.021690

2453528.740508           13.871240       0.021741

2453528.798186           13.865587       0.021795

2453528.855864           13.859975       0.021849

2453528.913542           13.854406       0.021906

2453528.971220           13.848880       0.021964

2453529.028898           13.843397       0.022023

2453529.086576           13.837958       0.022084

2453529.144253           13.832564       0.022147

2453529.201931           13.827214       0.022211

2453529.259609           13.821910       0.022277

2453529.317287           13.816651       0.022344

2453529.374965           13.811438       0.022413

2453529.432643           13.806271       0.022484

2453529.490321           13.801152       0.022556

2453529.547999           13.796079       0.022631

2453529.605676           13.791054       0.022707

2453529.663354           13.786077       0.022786

2453529.721032           13.781148       0.022867

2453529.778710           13.776268       0.022950

2453529.836388           13.771437       0.023036

2453529.894066           13.766656       0.023125

2453529.951744           13.761924       0.023217

2453530.009422           13.757243       0.023312

2453530.067099           13.752611       0.023410

2453530.124777           13.748031       0.023511

2453530.182455           13.743502       0.023616

2453530.240133           13.739024       0.023725

2453530.297811           13.734598       0.023838

2453530.355489           13.730224       0.023955

2453530.413167           13.725902       0.024077

2453530.470845           13.721633       0.024203

2453530.528523           13.717417       0.024335

2453530.586200           13.713253       0.024471

2453530.643878           13.709144       0.024612

2453530.701556           13.705088       0.024759

2453530.759234           13.701085       0.024911

2453530.816912           13.697137       0.025069

2453530.874590           13.693244       0.025233

2453530.932268           13.689405       0.025403

2453530.989946           13.685621       0.025579

2453531.047623           13.681892       0.025761

2453531.105301           13.678218       0.025950

2453531.162979           13.674600       0.026146

2453531.220657           13.671037       0.026348

2453531.278335           13.667530       0.026557

2453531.336013           13.664080       0.026773

2453531.393691           13.660685       0.026997

2453531.451369           13.657347       0.027227

2453531.509046           13.654065       0.027464

2453531.566724           13.650840       0.027709

2453531.624402           13.647672       0.027961

2453531.682080           13.644560       0.028220

2453531.739758           13.641506       0.028487

2453531.797436           13.638509       0.028760

2453531.855114           13.635569       0.029042

2453531.912792           13.632687       0.029330

2453531.970469           13.629862       0.029626

2453532.028147           13.627095       0.029929

2453532.085825           13.624385       0.030239

2453532.143503           13.621734       0.030557

2453532.201181           13.619140       0.030881

2453532.258859           13.616604       0.031212

2453532.316537           13.614127       0.031551

2453532.374215           13.611707       0.031896

2453532.431892           13.609346       0.032248

2453532.489570           13.607043       0.032607

2453532.547248           13.604798       0.032972

2453532.604926           13.602612       0.033343

2453532.662604           13.600484       0.033721

2453532.720282           13.598414       0.034105

2453532.777960           13.596403       0.034495

2453532.835638           13.594451       0.034891

2453532.893316           13.592557       0.035293

2453532.950993           13.590722       0.035700

2453533.008671           13.588945       0.036112

2453533.066349           13.587227       0.036530

2453533.124027           13.585567       0.036953

2453533.181705           13.583966       0.037381

2453533.239383           13.582423       0.037814

2453533.297061           13.580939       0.038251

2453533.354739           13.579514       0.038693

2453533.412416           13.578147       0.039139

2453533.470094           13.576839       0.039589

2453533.527772           13.575589       0.040043

2453533.585450           13.574398       0.040501

2453533.643128           13.573265       0.040963

2453533.700806           13.572191       0.041428

2453533.758484           13.571175       0.041896

2453533.816162           13.570217       0.042367

2453533.873839           13.569317       0.042842

2453533.931517           13.568476       0.043319

2453533.989195           13.567693       0.043798

2453534.046873           13.566968       0.044280

2453534.104551           13.566301       0.044764

2453534.162229           13.565691       0.045251

2453534.219907           13.565140       0.045739

2453534.277585           13.564647       0.046229

2453534.335262           13.564211       0.046720

2453534.392940           13.563832       0.047213

2453534.450618           13.563512       0.047708

2453534.508296           13.563248       0.048203

2453534.565974           13.563042       0.048699

2453534.623652           13.562894       0.049196

2453534.681330           13.562802       0.049694

2453534.739008           13.562768       0.050192

2453534.796685           13.562790       0.050691

2453534.854363           13.562869       0.051189

2453534.912041           13.563005       0.051688

2453534.969719           13.563197       0.052186

2453535.027397           13.563446       0.052684

2453535.085075           13.563751       0.053182

2453535.142753           13.564112       0.053679

2453535.200431           13.564530       0.054175

2453535.258109           13.565003       0.054671

2453535.315786           13.565532       0.055165

2453535.373464           13.566116       0.055659

2453535.431142           13.566756       0.056151

2453535.488820           13.567452       0.056641

2453535.546498           13.568202       0.057130

2453535.604176           13.569008       0.057618

2453535.661854           13.569868       0.058103

2453535.719532           13.570783       0.058587

2453535.777209           13.571752       0.059068

2453535.834887           13.572776       0.059547

2453535.892565           13.573854       0.060024

2453535.950243           13.574986       0.060499

2453536.007921           13.576172       0.060971

2453536.065599           13.577412       0.061440

2453536.123277           13.578705       0.061906

2453536.180955           13.580051       0.062370

2453536.238632           13.581451       0.062830

2453536.296310           13.582903       0.063287

2453536.353988           13.584408       0.063741

2453536.411666           13.585966       0.064192

2453536.469344           13.587576       0.064639

2453536.527022           13.589238       0.065082

2453536.584700           13.590952       0.065522

2453536.642378           13.592718       0.065958

2453536.700055           13.594535       0.066390

2453536.757733           13.596403       0.066818

2453536.815411           13.598323       0.067242

2453536.873089           13.600294       0.067661

2453536.930767           13.602315       0.068077

2453536.988445           13.604387       0.068488

2453537.046123           13.606509       0.068894

2453537.103801           13.608681       0.069296

2453537.161478           13.610902       0.069693

2453537.219156           13.613174       0.070086

2453537.276834           13.615494       0.070473

2453537.334512           13.617864       0.070856

2453537.392190           13.620283       0.071233

2453537.449868           13.622750       0.071606

2453537.507546           13.625266       0.071973

2453537.565224           13.627830       0.072335

2453537.622902           13.630442       0.072692

2453537.680579           13.633102       0.073043

2453537.738257           13.635809       0.073388

2453537.795935           13.638563       0.073729

2453537.853613           13.641364       0.074063

2453537.911291           13.644212       0.074392

2453537.968969           13.647107       0.074715

2453538.026647           13.650047       0.075032

2453538.084325           13.653034       0.075343

2453538.142002           13.656066       0.075648

2453538.199680           13.659144       0.075947

2453538.257358           13.662267       0.076240

2453538.315036           13.665435       0.076526

2453538.372714           13.668648       0.076807

2453538.430392           13.671905       0.077081

2453538.488070           13.675206       0.077349

2453538.545748           13.678551       0.077610

2453538.603425           13.681940       0.077865

2453538.661103           13.685372       0.078113

2453538.718781           13.688847       0.078355

2453538.776459           13.692365       0.078590

2453538.834137           13.695926       0.078819

2453538.891815           13.699529       0.079040

2453538.949493           13.703173       0.079255

2453539.007171           13.706860       0.079463

2453539.064848           13.710588       0.079664

2453539.122526           13.714357       0.079859

2453539.180204           13.718167       0.080046

2453539.237882           13.722018       0.080226

2453539.295560           13.725909       0.080400

2453539.353238           13.729840       0.080566

2453539.410916           13.733810       0.080725

2453539.468594           13.737821       0.080877

2453539.526271           13.741870       0.081022

2453539.583949           13.745958       0.081160

2453539.641627           13.750085       0.081290

2453539.699305           13.754251       0.081413

2453539.756983           13.758454       0.081529

2453539.814661           13.762695       0.081638

2453539.872339           13.766974       0.081739

2453539.930017           13.771289       0.081833

2453539.987694           13.775642       0.081919

2453540.045372           13.780031       0.081998

2453540.103050           13.784457       0.082070

2453540.160728           13.788918       0.082134

2453540.218406           13.793415       0.082191

2453540.276084           13.797948       0.082240

2453540.333762           13.802515       0.082282

2453540.391440           13.807118       0.082316

2453540.449118           13.811755       0.082343

2453540.506795           13.816426       0.082362

2453540.564473           13.821131       0.082374

2453540.622151           13.825870       0.082378

2453540.679829           13.830642       0.082374

2453540.737507           13.835447       0.082363

2453540.795185           13.840285       0.082345

2453540.852863           13.845155       0.082319

2453540.910541           13.850057       0.082285

2453540.968218           13.854991       0.082244

2453541.025896           13.859957       0.082196

2453541.083574           13.864954       0.082140

2453541.141252           13.869981       0.082076

2453541.198930           13.875039       0.082005

2453541.256608           13.880128       0.081926

2453541.314286           13.885246       0.081840

2453541.371964           13.890395       0.081746

2453541.429641           13.895572       0.081645

2453541.487319           13.900779       0.081536

2453541.544997           13.906014       0.081420

2453541.602675           13.911278       0.081296

2453541.660353           13.916570       0.081165

2453541.718031           13.921889       0.081027

2453541.775709           13.927237       0.080881

2453541.833387           13.932611       0.080728

2453541.891064           13.938012       0.080567

2453541.948742           13.943440       0.080399

2453542.006420           13.948895       0.080224

2453542.064098           13.954375       0.080042

2453542.121776           13.959881       0.079852

2453542.179454           13.965412       0.079655

2453542.237132           13.970969       0.079451

2453542.294810           13.976550       0.079240

2453542.352487           13.982156       0.079022

2453542.410165           13.987785       0.078797

2453542.467843           13.993439       0.078565

2453542.525521           13.999116       0.078326

2453542.583199           14.004816       0.078079

2453542.640877           14.010540       0.077826

2453542.698555           14.016286       0.077566

2453542.756233           14.022054       0.077300

2453542.813911           14.027844       0.077026

2453542.871588           14.033656       0.076746

2453542.929266           14.039489       0.076459

2453542.986944           14.045343       0.076166

2453543.044622           14.051219       0.075866

2453543.102300           14.057114       0.075559

2453543.159978           14.063030       0.075246

2453543.217656           14.068966       0.074927

2453543.275334           14.074921       0.074601

2453543.333011           14.080896       0.074269

2453543.390689           14.086889       0.073931

2453543.448367           14.092901       0.073587

2453543.506045           14.098932       0.073236

2453543.563723           14.104980       0.072880

2453543.621401           14.111047       0.072518

2453543.679079           14.117130       0.072150

2453543.736757           14.123231       0.071776

2453543.794434           14.129349       0.071396

2453543.852112           14.135483       0.071011

2453543.909790           14.141634       0.070620

2453543.967468           14.147801       0.070224

2453544.025146           14.153983       0.069822

2453544.082824           14.160181       0.069416

2453544.140502           14.166393       0.069003

2453544.198180           14.172621       0.068586

2453544.255857           14.178863       0.068164

2453544.313535           14.185119       0.067737

2453544.371213           14.191389       0.067305

2453544.428891           14.197673       0.066868

2453544.486569           14.203970       0.066427

2453544.544247           14.210280       0.065981

2453544.601925           14.216603       0.065530

2453544.659603           14.222939       0.065076

2453544.717280           14.229286       0.064617

2453544.774958           14.235646       0.064154

2453544.832636           14.242017       0.063687

2453544.890314           14.248399       0.063216

2453544.947992           14.254792       0.062742

2453545.005670           14.261197       0.062263

2453545.063348           14.267611       0.061782

2453545.121026           14.274036       0.061297

2453545.178704           14.280471       0.060809

2453545.236381           14.286916       0.060317

2453545.294059           14.293370       0.059823

2453545.351737           14.299833       0.059326

2453545.409415           14.306304       0.058827

2453545.467093           14.312785       0.058325

2453545.524771           14.319273       0.057820

2453545.582449           14.325770       0.057314

2453545.640127           14.332275       0.056805

2453545.697804           14.338786       0.056295

2453545.755482           14.345306       0.055782

2453545.813160           14.351832       0.055269

2453545.870838           14.358364       0.054754

2453545.928516           14.364904       0.054238

2453545.986194           14.371449       0.053721

2453546.043872           14.378000       0.053203

2453546.101550           14.384557       0.052685

2453546.159227           14.391119       0.052167

2453546.216905           14.397687       0.051648

2453546.274583           14.404259       0.051130

2453546.332261           14.410836       0.050612

2453546.389939           14.417418       0.050094

2453546.447617           14.424003       0.049577

2453546.505295           14.430593       0.049062

2453546.562973           14.437186       0.048547

2453546.620650           14.443782       0.048035

2453546.678328           14.450382       0.047524

2453546.736006           14.456984       0.047015

2453546.793684           14.463589       0.046509

2453546.851362           14.470197       0.046005

2453546.909040           14.476807       0.045505

2453546.966718           14.483419       0.045007

2453547.024396           14.490032       0.044514

2453547.082073           14.496647       0.044024

2453547.139751           14.503264       0.043539

2453547.197429           14.509881       0.043058

2453547.255107           14.516500       0.042582

2453547.312785           14.523118       0.042112

2453547.370463           14.529738       0.041647

2453547.428141           14.536357       0.041189

2453547.485819           14.542977       0.040737

2453547.543496           14.549596       0.040292

2453547.601174           14.556215       0.039854

2453547.658852           14.562833       0.039424

2453547.716530           14.569450       0.039002

2453547.774208           14.576066       0.038589

2453547.831886           14.582681       0.038185

2453547.889564           14.589294       0.037790

2453547.947242           14.595906       0.037405

2453548.004920           14.602516       0.037031

2453548.062597           14.609124       0.036667

2453548.120275           14.615729       0.036315

2453548.177953           14.622332       0.035974

2453548.235631           14.628932       0.035645

2453548.293309           14.635530       0.035330

2453548.350987           14.642125       0.035027

2453548.408665           14.648716       0.034738

2453548.466343           14.655304       0.034463

2453548.524020           14.661888       0.034202

2453548.581698           14.668469       0.033956

2453548.639376           14.675046       0.033725

2453548.697054           14.681619       0.033510

2453548.754732           14.688187       0.033311

2453548.812410           14.694751       0.033128

2453548.870088           14.701311       0.032962

2453548.927766           14.707866       0.032813

2453548.985443           14.714416       0.032681

2453549.043121           14.720961       0.032566

2453549.100799           14.727501       0.032469

2453549.158477           14.734035       0.032390

2453549.216155           14.740565       0.032329

2453549.273833           14.747088       0.032286

2453549.331511           14.753606       0.032261

2453549.389189           14.760118       0.032254

2453549.446866           14.766623       0.032265

2453549.504544           14.773123       0.032294

2453549.562222           14.779616       0.032342

2453549.619900           14.786103       0.032407

2453549.677578           14.792584       0.032490

2453549.735256           14.799057       0.032591

2453549.792934           14.805524       0.032709

2453549.850612           14.811984       0.032844

2453549.908289           14.818437       0.032996

2453549.965967           14.824882       0.033164

2453550.023645           14.831321       0.033348

2453550.081323           14.837752       0.033549

2453550.139001           14.844175       0.033765

2453550.196679           14.850591       0.033995

2453550.254357           14.856999       0.034241

2453550.312035           14.863399       0.034501

2453550.369713           14.869791       0.034774

2453550.427390           14.876175       0.035061

2453550.485068           14.882551       0.035361

2453550.542746           14.888918       0.035673

2453550.600424           14.895277       0.035997

2453550.658102           14.901628       0.036332

2453550.715780           14.907970       0.036679

2453550.773458           14.914304       0.037036

2453550.831136           14.920629       0.037404

2453550.888813           14.926945       0.037781

2453550.946491           14.933252       0.038167

2453551.004169           14.939550       0.038562

2453551.061847           14.945839       0.038965

2453551.119525           14.952119       0.039376

2453551.177203           14.958389       0.039795

2453551.234881           14.964650       0.040221

2453551.292559           14.970902       0.040653

2453551.350236           14.977144       0.041091

2453551.407914           14.983377       0.041536

2453551.465592           14.989600       0.041985

2453551.523270           14.995814       0.042440

2453551.580948           15.002018       0.042900

2453551.638626           15.008212       0.043364

2453551.696304           15.014396       0.043832

2453551.753982           15.020570       0.044303

2453551.811659           15.026734       0.044778

2453551.869337           15.032888       0.045256

2453551.927015           15.039032       0.045737

2453551.984693           15.045166       0.046220

2453552.042371           15.051289       0.046706

2453552.100049           15.057403       0.047193

2453552.157727           15.063506       0.047682

2453552.215405           15.069598       0.048172

2453552.273082           15.075680       0.048663

2453552.330760           15.081752       0.049155

2453552.388438           15.087813       0.049648

2453552.446116           15.093864       0.050141

2453552.503794           15.099904       0.050634

2453552.561472           15.105933       0.051127

2453552.619150           15.111951       0.051619

2453552.676828           15.117959       0.052111

2453552.734506           15.123956       0.052603

2453552.792183           15.129943       0.053093

2453552.849861           15.135918       0.053582

2453552.907539           15.141883       0.054070

2453552.965217           15.147836       0.054557

2453553.022895           15.153779       0.055042

2453553.080573           15.159711       0.055525

2453553.138251           15.165632       0.056006

2453553.195929           15.171542       0.056485

2453553.253606           15.177440       0.056961

2453553.311284           15.183328       0.057435

2453553.368962           15.189204       0.057907

2453553.426640           15.195070       0.058375

2453553.484318           15.200924       0.058841

2453553.541996           15.206767       0.059304

2453553.599674           15.212599       0.059763

2453553.657352           15.218420       0.060220

2453553.715029           15.224229       0.060673

2453553.772707           15.230028       0.061122

2453553.830385           15.235815       0.061568

2453553.888063           15.241590       0.062010

2453553.945741           15.247355       0.062448

2453554.003419           15.253108       0.062882

2453554.061097           15.258850       0.063312

2453554.118775           15.264581       0.063737

2453554.176452           15.270300       0.064159

2453554.234130           15.276008       0.064576

2453554.291808           15.281704       0.064988

2453554.349486           15.287390       0.065397

2453554.407164           15.293063       0.065800

2453554.464842           15.298726       0.066198

2453554.522520           15.304377       0.066592

2453554.580198           15.310017       0.066981

2453554.637875           15.315645       0.067365

2453554.695553           15.321263       0.067744

2453554.753231           15.326868       0.068118

2453554.810909           15.332463       0.068486

2453554.868587           15.338046       0.068849

2453554.926265           15.343617       0.069207

2453554.983943           15.349178       0.069560

2453555.041621           15.354726       0.069907

2453555.099298           15.360264       0.070248

2453555.156976           15.365790       0.070584

2453555.214654           15.371305       0.070914

2453555.272332           15.376809       0.071239

2453555.330010           15.382301       0.071557

2453555.387688           15.387782       0.071870

2453555.445366           15.393251       0.072178

2453555.503044           15.398709       0.072479

2453555.560722           15.404156       0.072774

2453555.618399           15.409592       0.073064

2453555.676077           15.415016       0.073347

2453555.733755           15.420430       0.073625

2453555.791433           15.425831       0.073896

2453555.849111           15.431222       0.074161

2453555.906789           15.436602       0.074420

2453555.964467           15.441970       0.074673

2453556.022145           15.447327       0.074920

2453556.079822           15.452672       0.075160

2453556.137500           15.458007       0.075394

2453556.195178           15.463331       0.075622

2453556.252856           15.468643       0.075844

2453556.310534           15.473944       0.076059

2453556.368212           15.479234       0.076268

2453556.425890           15.484513       0.076471

2453556.483568           15.489781       0.076667

2453556.541245           15.495038       0.076857

2453556.598923           15.500284       0.077041

2453556.656601           15.505519       0.077218

2453556.714279           15.510743       0.077389

2453556.771957           15.515956       0.077554

2453556.829635           15.521158       0.077712

2453556.887313           15.526349       0.077863

2453556.944991           15.531529       0.078009

2453557.002668           15.536698       0.078148

2453557.060346           15.541856       0.078281

2453557.118024           15.547004       0.078407

2453557.175702           15.552141       0.078527

2453557.233380           15.557266       0.078641

2453557.291058           15.562382       0.078748

2453557.348736           15.567486       0.078849

2453557.406414           15.572580       0.078944

2453557.464091           15.577662       0.079032

2453557.521769           15.582735       0.079115

2453557.579447           15.587796       0.079191

2453557.637125           15.592847       0.079261

2453557.694803           15.597888       0.079324

2453557.752481           15.602917       0.079382

2453557.810159           15.607936       0.079433

2453557.867837           15.612945       0.079479

2453557.925515           15.617943       0.079518

2453557.983192           15.622931       0.079552

2453558.040870           15.627908       0.079579

2453558.098548           15.632875       0.079601

2453558.156226           15.637831       0.079617

2453558.213904           15.642777       0.079627

2453558.271582           15.647713       0.079631

2453558.329260           15.652638       0.079629

2453558.386938           15.657553       0.079622

2453558.444615           15.662458       0.079609

2453558.502293           15.667353       0.079591

2453558.559971           15.672237       0.079567

2453558.617649           15.677111       0.079537

2453558.675327           15.681975       0.079503

2453558.733005           15.686829       0.079463

2453558.790683           15.691673       0.079417

2453558.848361           15.696506       0.079367

2453558.906038           15.701330       0.079311

2453558.963716           15.706143       0.079250

2453559.021394           15.710947       0.079185

2453559.079072           15.715740       0.079114

2453559.136750           15.720524       0.079039

2453559.194428           15.725297       0.078959

2453559.252106           15.730061       0.078874

2453559.309784           15.734815       0.078785

2453559.367461           15.739559       0.078691

2453559.425139           15.744293       0.078593

2453559.482817           15.749018       0.078490

2453559.540495           15.753732       0.078384

2453559.598173           15.758437       0.078273

2453559.655851           15.763133       0.078158

2453559.713529           15.767818       0.078039

2453559.771207           15.772494       0.077916

2453559.828884           15.777160       0.077790

2453559.886562           15.781817       0.077660

2453559.944240           15.786464       0.077527

2453560.001918           15.791101       0.077390

2453560.059596           15.795729       0.077249

2453560.117274           15.800348       0.077106

2453560.174952           15.804956       0.076959

2453560.232630           15.809556       0.076810

2453560.290308           15.814146       0.076658

2453560.347985           15.818726       0.076503

2453560.405663           15.823298       0.076345

2453560.463341           15.827859       0.076185

2453560.521019           15.832412       0.076022

2453560.578697           15.836955       0.075858

2453560.636375           15.841489       0.075691

2453560.694053           15.846013       0.075522

2453560.751731           15.850528       0.075351

2453560.809408           15.855034       0.075179

2453560.867086           15.859531       0.075005

2453560.924764           15.864019       0.074829

2453560.982442           15.868497       0.074652

2453561.040120           15.872966       0.074475

2453561.097798           15.877426       0.074296

2453561.155476           15.881877       0.074116

2453561.213154           15.886319       0.073935

2453561.270831           15.890752       0.073754

2453561.328509           15.895176       0.073572

2453561.386187           15.899590       0.073390

2453561.443865           15.903996       0.073208

2453561.501543           15.908392       0.073025

2453561.559221           15.912780       0.072843

2453561.616899           15.917158       0.072661

2453561.674577           15.921528       0.072479

2453561.732254           15.925888       0.072298

2453561.789932           15.930240       0.072118

2453561.847610           15.934583       0.071938

2453561.905288           15.938917       0.071760

2453561.962966           15.943241       0.071582

2453562.020644           15.947557       0.071406

2453562.078322           15.951864       0.071231

2453562.136000           15.956162       0.071058

2453562.193677           15.960452       0.070887

2453562.251355           15.964732       0.070717

2453562.309033           15.969004       0.070549

2453562.366711           15.973266       0.070384

2453562.424389           15.977520       0.070220

2453562.482067           15.981765       0.070059

2453562.539745           15.986002       0.069901

2453562.597423           15.990229       0.069745

2453562.655101           15.994448       0.069592

2453562.712778           15.998657       0.069442

2453562.770456           16.002858       0.069295

2453562.828134           16.007050       0.069151

2453562.885812           16.011234       0.069011

2453562.943490           16.015408       0.068874

2453563.001168           16.019574       0.068740

2453563.058846           16.023731       0.068610

2453563.116524           16.027879       0.068484

2453563.174201           16.032018       0.068361

2453563.231879           16.036149       0.068243

2453563.289557           16.040271       0.068128

2453563.347235           16.044383       0.068018

2453563.404913           16.048487       0.067912

2453563.462591           16.052583       0.067810

2453563.520269           16.056669       0.067712

2453563.577947           16.060747       0.067619

2453563.635624           16.064815       0.067531

2453563.693302           16.068875       0.067447

2453563.750980           16.072926       0.067367

2453563.808658           16.076968       0.067292

2453563.866336           16.081001       0.067222

2453563.924014           16.085026       0.067157

2453563.981692           16.089041       0.067096

2453564.039370           16.093047       0.067041

2453564.097047           16.097045       0.066990

2453564.154725           16.101033       0.066943

2453564.212403           16.105013       0.066902

2453564.270081           16.108983       0.066866

2453564.327759           16.112945       0.066834

2453564.385437           16.116897       0.066807

2453564.443115           16.120841       0.066785

2453564.500793           16.124775       0.066768

2453564.558470           16.128700       0.066755

2453564.616148           16.132617       0.066747

2453564.673826           16.136524       0.066744

2453564.731504           16.140421       0.066745

2453564.789182           16.144310       0.066751

2453564.846860           16.148189       0.066762

2453564.904538           16.152059       0.066776

2453564.962216           16.155920       0.066795

2453565.019893           16.159772       0.066819

2453565.077571           16.163614       0.066846

2453565.135249           16.167446       0.066878

2453565.192927           16.171270       0.066913

2453565.250605           16.175084       0.066952

2453565.308283           16.178888       0.066996

2453565.365961           16.182683       0.067042

2453565.423639           16.186468       0.067092

2453565.481317           16.190244       0.067146

2453565.538994           16.194010       0.067203

2453565.596672           16.197767       0.067263

2453565.654350           16.201513       0.067326

2453565.712028           16.205250       0.067392

2453565.769706           16.208977       0.067461

2453565.827384           16.212695       0.067533

2453565.885062           16.216402       0.067607

2453565.942740           16.220100       0.067683

2453566.000417           16.223787       0.067761

2453566.058095           16.227465       0.067842

2453566.115773           16.231132       0.067924

2453566.173451           16.234790       0.068008

2453566.231129           16.238437       0.068094

2453566.288807           16.242074       0.068181

2453566.346485           16.245701       0.068270

2453566.404163           16.249318       0.068359

2453566.461840           16.252924       0.068450

2453566.519518           16.256520       0.068541

2453566.577196           16.260105       0.068633

2453566.634874           16.263680       0.068726

2453566.692552           16.267245       0.068818

2453566.750230           16.270799       0.068911

2453566.807908           16.274342       0.069004

2453566.865586           16.277874       0.069097

2453566.923263           16.281396       0.069190

2453566.980941           16.284907       0.069282

2453567.038619           16.288407       0.069374

2453567.096297           16.291896       0.069464

2453567.153975           16.295375       0.069554

2453567.211653           16.298842       0.069643

2453567.269331           16.302298       0.069731

2453567.327009           16.305743       0.069817

2453567.384686           16.309177       0.069901

2453567.442364           16.312599       0.069984

2453567.500042           16.316010       0.070066

2453567.557720           16.319410       0.070145

2453567.615398           16.322799       0.070222

2453567.673076           16.326176       0.070297

2453567.730754           16.329541       0.070369

2453567.788432           16.332895       0.070439

2453567.846110           16.336237       0.070507

2453567.903787           16.339567       0.070571

2453567.961465           16.342886       0.070633

2453568.019143           16.346193       0.070692

2453568.076821           16.349487       0.070747

2453568.134499           16.352770       0.070799

2453568.192177           16.356041       0.070848

2453568.249855           16.359300       0.070893

2453568.307533           16.362546       0.070935

2453568.365210           16.365781       0.070973

2453568.422888           16.369002       0.071007

2453568.480566           16.372212       0.071037

2453568.538244           16.375409       0.071063

2453568.595922           16.378594       0.071085

2453568.653600           16.381766       0.071103

2453568.711278           16.384926       0.071116

2453568.768956           16.388072       0.071125

2453568.826633           16.391207       0.071129

2453568.884311           16.394328       0.071129

2453568.941989           16.397436       0.071124

2453568.999667           16.400532       0.071115

2453569.057345           16.403614       0.071100

2453569.115023           16.406683       0.071081

2453569.172701           16.409739       0.071056

2453569.230379           16.412782       0.071027

2453569.288056           16.415812       0.070992

2453569.345734           16.418828       0.070953

2453569.403412           16.421831       0.070908

2453569.461090           16.424820       0.070858

2453569.518768           16.427796       0.070802

2453569.576446           16.430758       0.070742

2453569.634124           16.433707       0.070676

2453569.691802           16.436642       0.070604

2453569.749479           16.439562       0.070527

2453569.807157           16.442469       0.070445

2453569.864835           16.445362       0.070357

2453569.922513           16.448241       0.070264

2453569.980191           16.451106       0.070165

2453570.037869           16.453957       0.070061

2453570.095547           16.456793       0.069951

2453570.153225           16.459616       0.069836

2453570.210903           16.462423       0.069715

2453570.268580           16.465217       0.069589

2453570.326258           16.467996       0.069457

2453570.383936           16.470760       0.069320

2453570.441614           16.473509       0.069178

2453570.499292           16.476244       0.069030

2453570.556970           16.478964       0.068877

2453570.614648           16.481670       0.068719

2453570.672326           16.484360       0.068555

2453570.730003           16.487035       0.068386

2453570.787681           16.489696       0.068212

2453570.845359           16.492341       0.068033

2453570.903037           16.494971       0.067850

2453570.960715           16.497586       0.067661

2453571.018393           16.500185       0.067467

2453571.076071           16.502769       0.067269

2453571.133749           16.505338       0.067067

2453571.191426           16.507891       0.066859

2453571.249104           16.510428       0.066648

2453571.306782           16.512950       0.066432

2453571.364460           16.515456       0.066212

2453571.422138           16.517947       0.065988

2453571.479816           16.520421       0.065761

2453571.537494           16.522880       0.065530

2453571.595172           16.525322       0.065295

2453571.652849           16.527749       0.065057

2453571.710527           16.530160       0.064816

2453571.768205           16.532554       0.064572

2453571.825883           16.534932       0.064326

2453571.883561           16.537294       0.064077

2453571.941239           16.539640       0.063825

2453571.998917           16.541969       0.063572

2453572.056595           16.544281       0.063317

2453572.114272           16.546577       0.063060

2453572.171950           16.548857       0.062803

2453572.229628           16.551120       0.062544

2453572.287306           16.553366       0.062284

2453572.344984           16.555596       0.062025

2453572.402662           16.557808       0.061765

2453572.460340           16.560004       0.061505

2453572.518018           16.562183       0.061246

2453572.575695           16.564344       0.060988

2453572.633373           16.566489       0.060732

2453572.691051           16.568617       0.060477

2453572.748729           16.570727       0.060224

2453572.806407           16.572820       0.059974

2453572.864085           16.574896       0.059727

2453572.921763           16.576955       0.059483

2453572.979441           16.578996       0.059242

2453573.037119           16.581020       0.059007

2453573.094796           16.583027       0.058776

2453573.152474           16.585015       0.058550

2453573.210152           16.586987       0.058329

2453573.267830           16.588940       0.058115

2453573.325508           16.590876       0.057908

2453573.383186           16.592794       0.057708

2453573.440864           16.594695       0.057516

2453573.498542           16.596577       0.057332

2453573.556219           16.598442       0.057157

2453573.613897           16.600289       0.056992

2453573.671575           16.602118       0.056836

2453573.729253           16.603929       0.056691

2453573.786931           16.605721       0.056558

2453573.844609           16.607496       0.056436

2453573.902287           16.609253       0.056326

2453573.959965           16.610991       0.056229

2453574.017642           16.612711       0.056146

2453574.075320           16.614413       0.056077

2453574.132998           16.616097       0.056023

2453574.190676           16.617762       0.055984

2453574.248354           16.619409       0.055961

2453574.306032           16.621037       0.055954

2453574.363710           16.622647       0.055964

2453574.421388           16.624239       0.055992

2453574.479065           16.625812       0.056037

2453574.536743           16.627367       0.056101

2453574.594421           16.628903       0.056184

2453574.652099           16.630420       0.056287

2453574.709777           16.631919       0.056409

2453574.767455           16.633399       0.056552

2453574.825133           16.634860       0.056715

2453574.882811           16.636303       0.056899

2453574.940488           16.637727       0.057105

2453574.998166           16.639132       0.057332

2453575.055844           16.640519       0.057582

2453575.113522           16.641887       0.057854

2453575.171200           16.643235       0.058148

