This file contains the LC params of 2007sr in filter-B

#-----------------------------#

#-----------------------------#
Jd at maximum in B band is: 2454545.164523 +/- 38.246614
Magnitude at maximum in B band is: 16.283878 +/- 0.708021
#-----------------------------#
#-----------------------------#
JD after 15-days from B band maximum is: 2454560.164523
Magnitude after 15-days from B band maximum is: 16.452277 +/- 0.874890
Estimated value of dm15 is: 0.168399 +/- 1.125490
Secondary maximum is not applicable for this band
The magnitudes are not k-corrected
Interpolated Light Curve through GP

#-----------------------------#

  JD                 MAG           MERR

2454447.322000           12.874252       0.225675

2454447.519662           12.875872       0.219012

2454447.717323           12.877710       0.212402

2454447.914985           12.879768       0.205846

2454448.112647           12.882051       0.199348

2454448.310308           12.884559       0.192910

2454448.507970           12.887297       0.186536

2454448.705632           12.890267       0.180227

2454448.903293           12.893472       0.173987

2454449.100955           12.896914       0.167818

2454449.298617           12.900597       0.161724

2454449.496278           12.904524       0.155707

2454449.693940           12.908696       0.149771

2454449.891602           12.913116       0.143918

2454450.089263           12.917788       0.138152

2454450.286925           12.922714       0.132475

2454450.484587           12.927896       0.126891

2454450.682248           12.933338       0.121403

2454450.879910           12.939040       0.116014

2454451.077572           12.945007       0.110727

2454451.275233           12.951241       0.105545

2454451.472895           12.957743       0.100473

2454451.670557           12.964516       0.095513

2454451.868218           12.971563       0.090668

2454452.065880           12.978886       0.085943

2454452.263542           12.986486       0.081340

2454452.461203           12.994366       0.076864

2454452.658865           13.002528       0.072517

2454452.856527           13.010975       0.068305

2454453.054188           13.019707       0.064230

2454453.251850           13.028726       0.060297

2454453.449512           13.038035       0.056510

2454453.647173           13.047635       0.052872

2454453.844835           13.057528       0.049390

2454454.042496           13.067714       0.046066

2454454.240158           13.078197       0.042906

2454454.437820           13.088975       0.039915

2454454.635481           13.100052       0.037098

2454454.833143           13.111428       0.034460

2454455.030805           13.123103       0.032006

2454455.228466           13.135079       0.029741

2454455.426128           13.147357       0.027668

2454455.623790           13.159936       0.025792

2454455.821451           13.172818       0.024113

2454456.019113           13.186003       0.022633

2454456.216775           13.199490       0.021348

2454456.414436           13.213281       0.020253

2454456.612098           13.227376       0.019339

2454456.809760           13.241775       0.018594

2454457.007421           13.256477       0.018002

2454457.205083           13.271485       0.017547

2454457.402745           13.286797       0.017207

2454457.600406           13.302415       0.016965

2454457.798068           13.318339       0.016802

2454457.995730           13.334569       0.016700

2454458.193391           13.351106       0.016644

2454458.391053           13.367949       0.016622

2454458.588715           13.385099       0.016625

2454458.786376           13.402556       0.016645

2454458.984038           13.420317       0.016677

2454459.181700           13.438382       0.016719

2454459.379361           13.456749       0.016769

2454459.577023           13.475414       0.016829

2454459.774685           13.494375       0.016900

2454459.972346           13.513626       0.016986

2454460.170008           13.533163       0.017089

2454460.367670           13.552980       0.017214

2454460.565331           13.573070       0.017364

2454460.762993           13.593425       0.017542

2454460.960655           13.614039       0.017753

2454461.158316           13.634901       0.017997

2454461.355978           13.656002       0.018277

2454461.553640           13.677332       0.018592

2454461.751301           13.698879       0.018944

2454461.948963           13.720633       0.019330

2454462.146625           13.742580       0.019748

2454462.344286           13.764709       0.020195

2454462.541948           13.787006       0.020667

2454462.739610           13.809459       0.021161

2454462.937271           13.832054       0.021672

2454463.134933           13.854777       0.022195

2454463.332595           13.877616       0.022726

2454463.530256           13.900556       0.023259

2454463.727918           13.923584       0.023791

2454463.925580           13.946686       0.024315

2454464.123241           13.969848       0.024827

2454464.320903           13.993058       0.025322

2454464.518565           14.016303       0.025796

2454464.716226           14.039568       0.026245

2454464.913888           14.062843       0.026663

2454465.111550           14.086113       0.027049

2454465.309211           14.109367       0.027397

2454465.506873           14.132592       0.027705

2454465.704535           14.155778       0.027972

2454465.902196           14.178912       0.028195

2454466.099858           14.201984       0.028372

2454466.297520           14.224982       0.028504

2454466.495181           14.247897       0.028589

2454466.692843           14.270719       0.028629

2454466.890505           14.293437       0.028623

2454467.088166           14.316043       0.028574

2454467.285828           14.338527       0.028484

2454467.483489           14.360883       0.028355

2454467.681151           14.383103       0.028191

2454467.878813           14.405178       0.027995

2454468.076474           14.427103       0.027772

2454468.274136           14.448871       0.027526

2454468.471798           14.470477       0.027262

2454468.669459           14.491917       0.026986

2454468.867121           14.513186       0.026703

2454469.064783           14.534280       0.026419

2454469.262444           14.555198       0.026140

2454469.460106           14.575937       0.025871

2454469.657768           14.596495       0.025618

2454469.855429           14.616873       0.025385

2454470.053091           14.637069       0.025178

2454470.250753           14.657085       0.024999

2454470.448414           14.676922       0.024854

2454470.646076           14.696580       0.024743

2454470.843738           14.716061       0.024671

2454471.041399           14.735367       0.024638

2454471.239061           14.754500       0.024644

2454471.436723           14.773461       0.024690

2454471.634384           14.792254       0.024776

2454471.832046           14.810879       0.024900

2454472.029708           14.829339       0.025062

2454472.227369           14.847635       0.025259

2454472.425031           14.865771       0.025491

2454472.622693           14.883749       0.025754

2454472.820354           14.901568       0.026047

2454473.018016           14.919233       0.026368

2454473.215678           14.936744       0.026714

2454473.413339           14.954102       0.027082

2454473.611001           14.971308       0.027471

2454473.808663           14.988364       0.027879

2454474.006324           15.005271       0.028303

2454474.203986           15.022028       0.028741

2454474.401648           15.038638       0.029191

2454474.599309           15.055100       0.029653

2454474.796971           15.071415       0.030125

2454474.994633           15.087584       0.030605

2454475.192294           15.103608       0.031092

2454475.389956           15.119486       0.031586

2454475.587618           15.135219       0.032086

2454475.785279           15.150809       0.032589

2454475.982941           15.166256       0.033096

2454476.180603           15.181561       0.033605

2454476.378264           15.196725       0.034114

2454476.575926           15.211749       0.034621

2454476.773588           15.226634       0.035126

2454476.971249           15.241382       0.035624

2454477.168911           15.255995       0.036115

2454477.366573           15.270474       0.036596

2454477.564234           15.284820       0.037064

2454477.761896           15.299037       0.037517

2454477.959558           15.313125       0.037952

2454478.157219           15.327087       0.038367

2454478.354881           15.340925       0.038761

2454478.552543           15.354640       0.039131

2454478.750204           15.368236       0.039476

2454478.947866           15.381714       0.039794

2454479.145528           15.395076       0.040084

2454479.343189           15.408324       0.040347

2454479.540851           15.421461       0.040581

2454479.738513           15.434487       0.040786

2454479.936174           15.447406       0.040963

2454480.133836           15.460218       0.041113

2454480.331497           15.472927       0.041236

2454480.529159           15.485532       0.041334

2454480.726821           15.498036       0.041408

2454480.924482           15.510440       0.041461

2454481.122144           15.522745       0.041495

2454481.319806           15.534952       0.041511

2454481.517467           15.547063       0.041513

2454481.715129           15.559077       0.041502

2454481.912791           15.570995       0.041483

2454482.110452           15.582817       0.041456

2454482.308114           15.594543       0.041426

2454482.505776           15.606174       0.041394

2454482.703437           15.617708       0.041363

2454482.901099           15.629144       0.041335

2454483.098761           15.640482       0.041313

2454483.296422           15.651720       0.041297

2454483.494084           15.662856       0.041289

2454483.691746           15.673888       0.041292

2454483.889407           15.684814       0.041306

2454484.087069           15.695633       0.041333

2454484.284731           15.706341       0.041374

2454484.482392           15.716935       0.041432

2454484.680054           15.727414       0.041508

2454484.877716           15.737773       0.041605

2454485.075377           15.748011       0.041724

2454485.273039           15.758124       0.041869

2454485.470701           15.768108       0.042043

2454485.668362           15.777962       0.042247

2454485.866024           15.787681       0.042487

2454486.063686           15.797262       0.042765

2454486.261347           15.806703       0.043084

2454486.459009           15.816000       0.043449

2454486.656671           15.825151       0.043862

2454486.854332           15.834152       0.044328

2454487.051994           15.843001       0.044848

2454487.249656           15.851696       0.045425

2454487.447317           15.860233       0.046061

2454487.644979           15.868610       0.046758

2454487.842641           15.876827       0.047516

2454488.040302           15.884879       0.048335

2454488.237964           15.892767       0.049214

2454488.435626           15.900489       0.050150

2454488.633287           15.908043       0.051142

2454488.830949           15.915430       0.052185

2454489.028611           15.922648       0.053276

2454489.226272           15.929697       0.054409

2454489.423934           15.936578       0.055579

2454489.621596           15.943290       0.056781

2454489.819257           15.949834       0.058009

2454490.016919           15.956212       0.059256

2454490.214581           15.962423       0.060517

2454490.412242           15.968468       0.061784

2454490.609904           15.974350       0.063052

2454490.807566           15.980070       0.064315

2454491.005227           15.985629       0.065566

2454491.202889           15.991029       0.066799

2454491.400551           15.996273       0.068010

2454491.598212           16.001362       0.069191

2454491.795874           16.006299       0.070338

2454491.993536           16.011086       0.071446

2454492.191197           16.015726       0.072510

2454492.388859           16.020221       0.073526

2454492.586521           16.024575       0.074489

2454492.784182           16.028790       0.075395

2454492.981844           16.032869       0.076241

2454493.179506           16.036816       0.077023

2454493.377167           16.040634       0.077738

2454493.574829           16.044326       0.078384

2454493.772490           16.047895       0.078957

2454493.970152           16.051345       0.079456

2454494.167814           16.054680       0.079880

2454494.365475           16.057903       0.080225

2454494.563137           16.061018       0.080491

2454494.760799           16.064028       0.080677

2454494.958460           16.066937       0.080782

2454495.156122           16.069750       0.080807

2454495.353784           16.072469       0.080749

2454495.551445           16.075100       0.080611

2454495.749107           16.077644       0.080392

2454495.946769           16.080107       0.080093

2454496.144430           16.082493       0.079715

2454496.342092           16.084804       0.079259

2454496.539754           16.087046       0.078728

2454496.737415           16.089221       0.078122

2454496.935077           16.091335       0.077444

2454497.132739           16.093389       0.076697

2454497.330400           16.095390       0.075882

2454497.528062           16.097339       0.075004

2454497.725724           16.099241       0.074065

2454497.923385           16.101100       0.073069

2454498.121047           16.102920       0.072020

2454498.318709           16.104703       0.070921

2454498.516370           16.106453       0.069777

2454498.714032           16.108174       0.068592

2454498.911694           16.109869       0.067371

2454499.109355           16.111542       0.066119

2454499.307017           16.113196       0.064841

2454499.504679           16.114833       0.063543

2454499.702340           16.116457       0.062229

2454499.900002           16.118071       0.060907

2454500.097664           16.119678       0.059582

2454500.295325           16.121280       0.058260

2454500.492987           16.122881       0.056947

2454500.690649           16.124481       0.055650

2454500.888310           16.126085       0.054375

2454501.085972           16.127694       0.053129

2454501.283634           16.129310       0.051919

2454501.481295           16.130935       0.050752

2454501.678957           16.132570       0.049633

2454501.876619           16.134219       0.048571

2454502.074280           16.135881       0.047571

2454502.271942           16.137558       0.046640

2454502.469604           16.139252       0.045785

2454502.667265           16.140963       0.045013

2454502.864927           16.142692       0.044329

2454503.062589           16.144441       0.043742

2454503.260250           16.146208       0.043258

2454503.457912           16.147996       0.042884

2454503.655574           16.149804       0.042626

2454503.853235           16.151633       0.042490

2454504.050897           16.153482       0.042484

2454504.248559           16.155352       0.042612

2454504.446220           16.157244       0.042879

2454504.643882           16.159156       0.043289

2454504.841544           16.161088       0.043845

2454505.039205           16.163041       0.044549

2454505.236867           16.165015       0.045402

2454505.434529           16.167008       0.046402

2454505.632190           16.169021       0.047549

2454505.829852           16.171052       0.048839

2454506.027514           16.173103       0.050269

2454506.225175           16.175171       0.051834

2454506.422837           16.177258       0.053527

2454506.620498           16.179361       0.055343

2454506.818160           16.181482       0.057275

2454507.015822           16.183618       0.059315

2454507.213483           16.185770       0.061455

2454507.411145           16.187938       0.063688

2454507.608807           16.190120       0.066005

2454507.806468           16.192316       0.068398

2454508.004130           16.194525       0.070859

2454508.201792           16.196748       0.073381

2454508.399453           16.198983       0.075956

2454508.597115           16.201229       0.078576

2454508.794777           16.203486       0.081234

2454508.992438           16.205754       0.083923

2454509.190100           16.208032       0.086636

2454509.387762           16.210319       0.089365

2454509.585423           16.212614       0.092104

2454509.783085           16.214917       0.094847

2454509.980747           16.217227       0.097588

2454510.178408           16.219543       0.100320

2454510.376070           16.221865       0.103036

2454510.573732           16.224192       0.105733

2454510.771393           16.226524       0.108403

2454510.969055           16.228858       0.111041

2454511.166717           16.231196       0.113642

2454511.364378           16.233535       0.116201

2454511.562040           16.235876       0.118712

2454511.759702           16.238217       0.121170

2454511.957363           16.240558       0.123572

2454512.155025           16.242897       0.125911

2454512.352687           16.245235       0.128185

2454512.550348           16.247569       0.130387

2454512.748010           16.249901       0.132514

2454512.945672           16.252227       0.134562

2454513.143333           16.254549       0.136527

2454513.340995           16.256864       0.138404

2454513.538657           16.259172       0.140191

2454513.736318           16.261473       0.141883

2454513.933980           16.263764       0.143477

2454514.131642           16.266047       0.144970

2454514.329303           16.268318       0.146358

2454514.526965           16.270579       0.147638

2454514.724627           16.272827       0.148808

2454514.922288           16.275062       0.149865

2454515.119950           16.277283       0.150805

2454515.317612           16.279489       0.151627

2454515.515273           16.281679       0.152328

2454515.712935           16.283852       0.152906

2454515.910597           16.286008       0.153358

2454516.108258           16.288145       0.153682

2454516.305920           16.290263       0.153878

2454516.503582           16.292361       0.153942

2454516.701243           16.294437       0.153875

2454516.898905           16.296491       0.153673

2454517.096567           16.298522       0.153336

2454517.294228           16.300529       0.152863

2454517.491890           16.302511       0.152253

2454517.689552           16.304467       0.151506

2454517.887213           16.306396       0.150620

2454518.084875           16.308298       0.149595

2454518.282537           16.310171       0.148432

2454518.480198           16.312015       0.147131

2454518.677860           16.313829       0.145691

2454518.875522           16.315611       0.144113

2454519.073183           16.317362       0.142398

2454519.270845           16.319080       0.140547

2454519.468507           16.320764       0.138561

2454519.666168           16.322413       0.136442

2454519.863830           16.324027       0.134192

2454520.061491           16.325606       0.131813

2454520.259153           16.327147       0.129308

2454520.456815           16.328650       0.126680

2454520.654476           16.330115       0.123934

2454520.852138           16.331541       0.121073

2454521.049800           16.332927       0.118102

2454521.247461           16.334273       0.115027

2454521.445123           16.335577       0.111856

2454521.642785           16.336839       0.108596

2454521.840446           16.338058       0.105256

2454522.038108           16.339235       0.101847

2454522.235770           16.340367       0.098381

2454522.433431           16.341455       0.094874

2454522.631093           16.342499       0.091342

2454522.828755           16.343497       0.087807

2454523.026416           16.344449       0.084292

2454523.224078           16.345355       0.080826

2454523.421740           16.346214       0.077444

2454523.619401           16.347026       0.074185

2454523.817063           16.347791       0.071097

2454524.014725           16.348509       0.068234

2454524.212386           16.349178       0.065659

2454524.410048           16.349800       0.063440

2454524.607710           16.350373       0.061649

2454524.805371           16.350898       0.060358

2454525.003033           16.351374       0.059635

2454525.200695           16.351802       0.059534

2454525.398356           16.352182       0.060089

2454525.596018           16.352514       0.061314

2454525.793680           16.352798       0.063198

2454525.991341           16.353034       0.065711

2454526.189003           16.353222       0.068808

2454526.386665           16.353364       0.072438

2454526.584326           16.353458       0.076543

2454526.781988           16.353506       0.081071

2454526.979650           16.353509       0.085970

2454527.177311           16.353465       0.091195

2454527.374973           16.353377       0.096706

2454527.572635           16.353245       0.102468

2454527.770296           16.353069       0.108452

2454527.967958           16.352850       0.114630

2454528.165620           16.352589       0.120981

2454528.363281           16.352286       0.127487

2454528.560943           16.351943       0.134129

2454528.758605           16.351559       0.140895

2454528.956266           16.351137       0.147770

2454529.153928           16.350675       0.154744

2454529.351590           16.350177       0.161808

2454529.549251           16.349642       0.168951

2454529.746913           16.349071       0.176167

2454529.944575           16.348465       0.183448

2454530.142236           16.347826       0.190787

2454530.339898           16.347154       0.198179

2454530.537560           16.346450       0.205618

2454530.735221           16.345715       0.213099

2454530.932883           16.344950       0.220617

2454531.130545           16.344157       0.228168

2454531.328206           16.343336       0.235747

2454531.525868           16.342488       0.243351

2454531.723530           16.341615       0.250977

2454531.921191           16.340718       0.258620

2454532.118853           16.339797       0.266277

2454532.316515           16.338854       0.273945

2454532.514176           16.337890       0.281622

2454532.711838           16.336905       0.289303

2454532.909499           16.335902       0.296987

2454533.107161           16.334881       0.304672

2454533.304823           16.333844       0.312353

2454533.502484           16.332791       0.320029

2454533.700146           16.331724       0.327698

2454533.897808           16.330644       0.335357

2454534.095469           16.329552       0.343005

2454534.293131           16.328449       0.350638

2454534.490793           16.327337       0.358255

2454534.688454           16.326216       0.365854

2454534.886116           16.325088       0.373434

2454535.083778           16.323954       0.380991

2454535.281439           16.322814       0.388525

2454535.479101           16.321671       0.396034

2454535.676763           16.320526       0.403516

2454535.874424           16.319378       0.410969

2454536.072086           16.318231       0.418392

2454536.269748           16.317084       0.425784

2454536.467409           16.315940       0.433142

2454536.665071           16.314798       0.440466

2454536.862733           16.313661       0.447754

2454537.060394           16.312529       0.455004

2454537.258056           16.311404       0.462216

2454537.455718           16.310286       0.469388

2454537.653379           16.309178       0.476519

2454537.851041           16.308079       0.483607

2454538.048703           16.306991       0.490652

2454538.246364           16.305915       0.497653

2454538.444026           16.304853       0.504608

2454538.641688           16.303805       0.511516

2454538.839349           16.302772       0.518376

2454539.037011           16.301756       0.525188

2454539.234673           16.300757       0.531950

2454539.432334           16.299777       0.538661

2454539.629996           16.298817       0.545321

2454539.827658           16.297877       0.551928

2454540.025319           16.296959       0.558482

2454540.222981           16.296064       0.564982

2454540.420643           16.295192       0.571427

2454540.618304           16.294346       0.577817

2454540.815966           16.293525       0.584151

2454541.013628           16.292731       0.590427

2454541.211289           16.291964       0.596645

2454541.408951           16.291227       0.602806

2454541.606613           16.290519       0.608907

2454541.804274           16.289841       0.614948

2454542.001936           16.289196       0.620930

2454542.199598           16.288582       0.626850

2454542.397259           16.288002       0.632709

2454542.594921           16.287457       0.638506

2454542.792583           16.286946       0.644241

2454542.990244           16.286472       0.649913

2454543.187906           16.286035       0.655521

2454543.385568           16.285635       0.661065

2454543.583229           16.285274       0.666545

2454543.780891           16.284953       0.671961

2454543.978553           16.284672       0.677311

2454544.176214           16.284432       0.682595

2454544.373876           16.284234       0.687814

2454544.571538           16.284079       0.692966

2454544.769199           16.283968       0.698052

2454544.966861           16.283900       0.703070

2454545.164523           16.283878       0.708021

2454545.362184           16.283902       0.712905

2454545.559846           16.283972       0.717720

2454545.757508           16.284089       0.722468

2454545.955169           16.284254       0.727146

2454546.152831           16.284468       0.731756

2454546.350492           16.284732       0.736297

2454546.548154           16.285045       0.740769

2454546.745816           16.285409       0.745171

2454546.943477           16.285824       0.749504

2454547.141139           16.286292       0.753766

2454547.338801           16.286811       0.757958

2454547.536462           16.287385       0.762080

2454547.734124           16.288012       0.766132

2454547.931786           16.288693       0.770113

2454548.129447           16.289429       0.774022

2454548.327109           16.290221       0.777861

2454548.524771           16.291069       0.781629

2454548.722432           16.291973       0.785325

2454548.920094           16.292935       0.788950

2454549.117756           16.293954       0.792504

2454549.315417           16.295031       0.795985

2454549.513079           16.296167       0.799395

2454549.710741           16.297362       0.802733

2454549.908402           16.298617       0.805998

2454550.106064           16.299932       0.809192

2454550.303726           16.301307       0.812313

2454550.501387           16.302743       0.815362

2454550.699049           16.304240       0.818338

2454550.896711           16.305798       0.821242

2454551.094372           16.307419       0.824073

2454551.292034           16.309103       0.826832

2454551.489696           16.310848       0.829518

2454551.687357           16.312658       0.832131

2454551.885019           16.314530       0.834671

2454552.082681           16.316466       0.837138

2454552.280342           16.318467       0.839532

2454552.478004           16.320531       0.841853

2454552.675666           16.322660       0.844100

2454552.873327           16.324855       0.846275

2454553.070989           16.327114       0.848376

2454553.268651           16.329438       0.850404

2454553.466312           16.331829       0.852358

2454553.663974           16.334285       0.854240

2454553.861636           16.336807       0.856047

2454554.059297           16.339395       0.857781

2454554.256959           16.342049       0.859442

2454554.454621           16.344770       0.861029

2454554.652282           16.347558       0.862542

2454554.849944           16.350412       0.863981

2454555.047606           16.353333       0.865347

2454555.245267           16.356321       0.866639

2454555.442929           16.359377       0.867857

2454555.640591           16.362499       0.869002

2454555.838252           16.365689       0.870072

2454556.035914           16.368946       0.871068

2454556.233576           16.372270       0.871991

2454556.431237           16.375661       0.872839

2454556.628899           16.379120       0.873613

2454556.826561           16.382646       0.874313

2454557.024222           16.386239       0.874939

2454557.221884           16.389900       0.875491

2454557.419546           16.393628       0.875968

2454557.617207           16.397422       0.876371

2454557.814869           16.401284       0.876700

2454558.012531           16.405213       0.876954

2454558.210192           16.409209       0.877134

2454558.407854           16.413271       0.877239

2454558.605516           16.417400       0.877270

2454558.803177           16.421595       0.877225

2454559.000839           16.425857       0.877107

2454559.198501           16.430184       0.876913

2454559.396162           16.434578       0.876645

2454559.593824           16.439037       0.876302

2454559.791485           16.443561       0.875884

2454559.989147           16.448151       0.875391

2454560.186809           16.452805       0.874822

2454560.384470           16.457525       0.874179

2454560.582132           16.462308       0.873461

2454560.779794           16.467156       0.872667

2454560.977455           16.472067       0.871798

2454561.175117           16.477042       0.870854

2454561.372779           16.482080       0.869834

2454561.570440           16.487180       0.868738

2454561.768102           16.492343       0.867568

2454561.965764           16.497568       0.866321

2454562.163425           16.502855       0.864999

2454562.361087           16.508202       0.863601

2454562.558749           16.513610       0.862127

2454562.756410           16.519078       0.860577

2454562.954072           16.524606       0.858951

2454563.151734           16.530194       0.857249

2454563.349395           16.535840       0.855471

2454563.547057           16.541544       0.853616

2454563.744719           16.547306       0.851685

2454563.942380           16.553125       0.849678

2454564.140042           16.559001       0.847594

2454564.337704           16.564932       0.845434

2454564.535365           16.570919       0.843197

2454564.733027           16.576961       0.840884

2454564.930689           16.583057       0.838493

2454565.128350           16.589206       0.836026

2454565.326012           16.595409       0.833482

2454565.523674           16.601663       0.830861

2454565.721335           16.607969       0.828163

2454565.918997           16.614325       0.825387

2454566.116659           16.620732       0.822535

2454566.314320           16.627187       0.819605

2454566.511982           16.633692       0.816597

2454566.709644           16.640244       0.813513

2454566.907305           16.646842       0.810350

2454567.104967           16.653487       0.807110

2454567.302629           16.660178       0.803793

2454567.500290           16.666912       0.800398

2454567.697952           16.673690       0.796925

2454567.895614           16.680511       0.793374

2454568.093275           16.687374       0.789746

2454568.290937           16.694277       0.786040

2454568.488599           16.701221       0.782255

2454568.686260           16.708203       0.778393

2454568.883922           16.715223       0.774453

2454569.081584           16.722281       0.770435

2454569.279245           16.729374       0.766338

2454569.476907           16.736503       0.762164

2454569.674569           16.743665       0.757911

2454569.872230           16.750860       0.753581

2454570.069892           16.758087       0.749172

2454570.267554           16.765345       0.744685

2454570.465215           16.772633       0.740120

2454570.662877           16.779949       0.735477

2454570.860539           16.787293       0.730756

2454571.058200           16.794663       0.725957

2454571.255862           16.802058       0.721080

2454571.453524           16.809477       0.716125

2454571.651185           16.816919       0.711092

2454571.848847           16.824382       0.705981

2454572.046509           16.831866       0.700792

2454572.244170           16.839368       0.695526

2454572.441832           16.846889       0.690181

2454572.639493           16.854426       0.684760

2454572.837155           16.861978       0.679260

2454573.034817           16.869544       0.673684

2454573.232478           16.877123       0.668030

2454573.430140           16.884713       0.662300

2454573.627802           16.892313       0.656492

2454573.825463           16.899922       0.650607

2454574.023125           16.907537       0.644646

2454574.220787           16.915159       0.638609

2454574.418448           16.922785       0.632495

2454574.616110           16.930414       0.626305

2454574.813772           16.938044       0.620040

2454575.011433           16.945675       0.613699

2454575.209095           16.953304       0.607283

2454575.406757           16.960930       0.600792

2454575.604418           16.968552       0.594226

2454575.802080           16.976168       0.587585

2454575.999742           16.983777       0.580871

2454576.197403           16.991377       0.574083

2454576.395065           16.998967       0.567222

2454576.592727           17.006544       0.560288

2454576.790388           17.014109       0.553281

2454576.988050           17.021658       0.546202

2454577.185712           17.029190       0.539052

2454577.383373           17.036705       0.531830

2454577.581035           17.044200       0.524538

2454577.778697           17.051673       0.517175

2454577.976358           17.059124       0.509743

2454578.174020           17.066550       0.502242

2454578.371682           17.073950       0.494673

2454578.569343           17.081322       0.487036

2454578.767005           17.088665       0.479332

2454578.964667           17.095977       0.471561

2454579.162328           17.103257       0.463725

2454579.359990           17.110502       0.455824

2454579.557652           17.117711       0.447860

2454579.755313           17.124883       0.439832

2454579.952975           17.132016       0.431741

2454580.150637           17.139108       0.423590

2454580.348298           17.146158       0.415378

2454580.545960           17.153164       0.407107

2454580.743622           17.160125       0.398778

2454580.941283           17.167038       0.390393

2454581.138945           17.173903       0.381951

2454581.336607           17.180717       0.373455

2454581.534268           17.187480       0.364906

2454581.731930           17.194188       0.356305

2454581.929592           17.200842       0.347655

2454582.127253           17.207440       0.338956

2454582.324915           17.213979       0.330210

2454582.522577           17.220458       0.321420

2454582.720238           17.226876       0.312587

2454582.917900           17.233232       0.303714

2454583.115562           17.239524       0.294802

2454583.313223           17.245750       0.285855

2454583.510885           17.251908       0.276874

2454583.708547           17.257999       0.267864

2454583.906208           17.264020       0.258827

2454584.103870           17.269969       0.249767

2454584.301532           17.275846       0.240688

2454584.499193           17.281649       0.231595

2454584.696855           17.287377       0.222492

2454584.894517           17.293029       0.213385

2454585.092178           17.298604       0.204282

2454585.289840           17.304099       0.195188

2454585.487502           17.309515       0.186114

2454585.685163           17.314850       0.177070

2454585.882825           17.320104       0.168066

2454586.080486           17.325274       0.159119

2454586.278148           17.330361       0.150246

2454586.475810           17.335363       0.141467

2454586.673471           17.340279       0.132810

2454586.871133           17.345109       0.124307

2454587.068795           17.349852       0.116001

2454587.266456           17.354508       0.107943

2454587.464118           17.359075       0.100201

2454587.661780           17.363554       0.092861

2454587.859441           17.367943       0.086033

2454588.057103           17.372243       0.079854

2454588.254765           17.376453       0.074493

2454588.452426           17.380573       0.070140

2454588.650088           17.384603       0.066998

2454588.847750           17.388543       0.065242

2454589.045411           17.392392       0.064987

2454589.243073           17.396151       0.066249

2454589.440735           17.399821       0.068943

2454589.638396           17.403401       0.072906

2454589.836058           17.406892       0.077942

2454590.033720           17.410294       0.083852

2454590.231381           17.413608       0.090460

2454590.429043           17.416835       0.097617

2454590.626705           17.419976       0.105206

2454590.824366           17.423030       0.113133

2454591.022028           17.426000       0.121325

2454591.219690           17.428886       0.129725

2454591.417351           17.431688       0.138288

2454591.615013           17.434409       0.146978

2454591.812675           17.437049       0.155767

2454592.010336           17.439609       0.164632

2454592.207998           17.442091       0.173554

2454592.405660           17.444496       0.182518

2454592.603321           17.446824       0.191512

2454592.800983           17.449079       0.200523

2454592.998645           17.451260       0.209544

2454593.196306           17.453370       0.218565

2454593.393968           17.455409       0.227580

2454593.591630           17.457380       0.236584

2454593.789291           17.459284       0.245571

2454593.986953           17.461122       0.254535

2454594.184615           17.462896       0.263474

2454594.382276           17.464608       0.272383

2454594.579938           17.466259       0.281259

2454594.777600           17.467852       0.290098

2454594.975261           17.469387       0.298898

2454595.172923           17.470867       0.307657

2454595.370585           17.472293       0.316371

2454595.568246           17.473666       0.325038

2454595.765908           17.474990       0.333658

2454595.963570           17.476265       0.342226

2454596.161231           17.477493       0.350743

2454596.358893           17.478677       0.359205

2454596.556555           17.479817       0.367611

2454596.754216           17.480917       0.375961

2454596.951878           17.481977       0.384252

2454597.149540           17.482999       0.392483

2454597.347201           17.483985       0.400653

2454597.544863           17.484938       0.408760

2454597.742525           17.485859       0.416803

2454597.940186           17.486749       0.424782

2454598.137848           17.487612       0.432695

2454598.335510           17.488447       0.440542

2454598.533171           17.489259       0.448320

2454598.730833           17.490047       0.456030

2454598.928494           17.490814       0.463671

2454599.126156           17.491563       0.471241

2454599.323818           17.492294       0.478739

2454599.521479           17.493009       0.486166

2454599.719141           17.493711       0.493521

2454599.916803           17.494401       0.500801

2454600.114464           17.495081       0.508008

2454600.312126           17.495752       0.515140

2454600.509788           17.496418       0.522197

2454600.707449           17.497078       0.529178

2454600.905111           17.497735       0.536083

2454601.102773           17.498391       0.542911

2454601.300434           17.499048       0.549661

2454601.498096           17.499707       0.556333

2454601.695758           17.500369       0.562927

2454601.893419           17.501038       0.569442

2454602.091081           17.501713       0.575878

2454602.288743           17.502397       0.582234

2454602.486404           17.503092       0.588510

2454602.684066           17.503799       0.594705

2454602.881728           17.504520       0.600820

2454603.079389           17.505255       0.606853

2454603.277051           17.506008       0.612805

2454603.474713           17.506779       0.618676

2454603.672374           17.507570       0.624464

2454603.870036           17.508383       0.630170

2454604.067698           17.509218       0.635793

2454604.265359           17.510078       0.641334

2454604.463021           17.510963       0.646791

2454604.660683           17.511876       0.652165

2454604.858344           17.512817       0.657456

2454605.056006           17.513789       0.662663

2454605.253668           17.514791       0.667786

2454605.451329           17.515827       0.672825

2454605.648991           17.516896       0.677779

2454605.846653           17.518001       0.682650

2454606.044314           17.519142       0.687435

2454606.241976           17.520321       0.692137

2454606.439638           17.521539       0.696753

2454606.637299           17.522797       0.701284

2454606.834961           17.524096       0.705730

2454607.032623           17.525438       0.710091

2454607.230284           17.526823       0.714367

2454607.427946           17.528253       0.718558

2454607.625608           17.529729       0.722663

2454607.823269           17.531252       0.726682

2454608.020931           17.532822       0.730616

2454608.218593           17.534441       0.734464

2454608.416254           17.536110       0.738226

2454608.613916           17.537829       0.741903

2454608.811578           17.539600       0.745494

2454609.009239           17.541424       0.748999

2454609.206901           17.543300       0.752418

2454609.404563           17.545231       0.755751

2454609.602224           17.547217       0.758998

2454609.799886           17.549258       0.762158

2454609.997548           17.551356       0.765233

2454610.195209           17.553511       0.768222

2454610.392871           17.555724       0.771125

2454610.590533           17.557995       0.773941

2454610.788194           17.560326       0.776671

2454610.985856           17.562716       0.779315

2454611.183518           17.565166       0.781873

2454611.381179           17.567677       0.784345

2454611.578841           17.570250       0.786730

2454611.776503           17.572884       0.789029

2454611.974164           17.575581       0.791242

2454612.171826           17.578340       0.793369

2454612.369487           17.581163       0.795410

2454612.567149           17.584048       0.797364

2454612.764811           17.586998       0.799232

2454612.962472           17.590012       0.801014

2454613.160134           17.593090       0.802710

2454613.357796           17.596233       0.804319

2454613.555457           17.599441       0.805842

2454613.753119           17.602714       0.807279

2454613.950781           17.606052       0.808630

2454614.148442           17.609456       0.809894

2454614.346104           17.612925       0.811072

2454614.543766           17.616459       0.812164

2454614.741427           17.620059       0.813170

2454614.939089           17.623725       0.814090

2454615.136751           17.627456       0.814923

2454615.334412           17.631253       0.815671

2454615.532074           17.635115       0.816332

2454615.729736           17.639043       0.816907

2454615.927397           17.643035       0.817395

2454616.125059           17.647093       0.817798

2454616.322721           17.651216       0.818114

2454616.520382           17.655403       0.818344

2454616.718044           17.659654       0.818488

2454616.915706           17.663969       0.818546

2454617.113367           17.668348       0.818518

2454617.311029           17.672790       0.818403

2454617.508691           17.677295       0.818202

2454617.706352           17.681862       0.817916

2454617.904014           17.686492       0.817542

2454618.101676           17.691183       0.817083

2454618.299337           17.695934       0.816538

2454618.496999           17.700747       0.815906

2454618.694661           17.705619       0.815188

2454618.892322           17.710550       0.814384

2454619.089984           17.715540       0.813494

2454619.287646           17.720588       0.812518

2454619.485307           17.725692       0.811455

2454619.682969           17.730854       0.810307

2454619.880631           17.736070       0.809072

2454620.078292           17.741342       0.807750

2454620.275954           17.746667       0.806343

2454620.473616           17.752046       0.804849

2454620.671277           17.757477       0.803270

2454620.868939           17.762959       0.801604

2454621.066601           17.768491       0.799851

2454621.264262           17.774072       0.798013

2454621.461924           17.779702       0.796088

2454621.659586           17.785378       0.794077

2454621.857247           17.791101       0.791980

2454622.054909           17.796868       0.789797

2454622.252571           17.802679       0.787527

2454622.450232           17.808532       0.785172

2454622.647894           17.814427       0.782730

2454622.845556           17.820361       0.780202

2454623.043217           17.826334       0.777587

2454623.240879           17.832345       0.774887

2454623.438541           17.838391       0.772101

2454623.636202           17.844472       0.769228

2454623.833864           17.850585       0.766269

2454624.031526           17.856731       0.763224

2454624.229187           17.862906       0.760093

2454624.426849           17.869110       0.756876

2454624.624511           17.875340       0.753574

2454624.822172           17.881597       0.750185

2454625.019834           17.887876       0.746710

2454625.217495           17.894178       0.743149

2454625.415157           17.900500       0.739503

2454625.612819           17.906841       0.735771

2454625.810480           17.913198       0.731953

2454626.008142           17.919571       0.728050

2454626.205804           17.925956       0.724061

2454626.403465           17.932353       0.719986

2454626.601127           17.938760       0.715826

2454626.798789           17.945174       0.711581

2454626.996450           17.951593       0.707251

2454627.194112           17.958016       0.702836

2454627.391774           17.964440       0.698335

2454627.589435           17.970864       0.693750

2454627.787097           17.977285       0.689080

2454627.984759           17.983702       0.684326

2454628.182420           17.990112       0.679487

2454628.380082           17.996512       0.674564

2454628.577744           18.002901       0.669556

2454628.775405           18.009277       0.664465

2454628.973067           18.015637       0.659290

2454629.170729           18.021979       0.654032

2454629.368390           18.028301       0.648690

2454629.566052           18.034600       0.643265

2454629.763714           18.040874       0.637757

2454629.961375           18.047120       0.632166

2454630.159037           18.053337       0.626494

2454630.356699           18.059521       0.620739

2454630.554360           18.065670       0.614902

2454630.752022           18.071782       0.608984

2454630.949684           18.077854       0.602984

2454631.147345           18.083883       0.596904

2454631.345007           18.089868       0.590744

2454631.542669           18.095805       0.584503

2454631.740330           18.101691       0.578183

2454631.937992           18.107525       0.571783

2454632.135654           18.113303       0.565305

2454632.333315           18.119023       0.558748

2454632.530977           18.124682       0.552113

2454632.728639           18.130277       0.545401

2454632.926300           18.135806       0.538613

2454633.123962           18.141266       0.531748

2454633.321624           18.146653       0.524807

2454633.519285           18.151966       0.517791

2454633.716947           18.157201       0.510701

2454633.914609           18.162356       0.503537

2454634.112270           18.167428       0.496300

2454634.309932           18.172413       0.488991

2454634.507594           18.177310       0.481610

2454634.705255           18.182115       0.474159

2454634.902917           18.186825       0.466638

2454635.100579           18.191438       0.459048

2454635.298240           18.195950       0.451390

2454635.495902           18.200358       0.443666

2454635.693564           18.204661       0.435875

2454635.891225           18.208854       0.428020

2454636.088887           18.212935       0.420101

2454636.286549           18.216902       0.412120

2454636.484210           18.220750       0.404078

2454636.681872           18.224478       0.395977

2454636.879534           18.228082       0.387818

2454637.077195           18.231560       0.379602

2454637.274857           18.234908       0.371331

2454637.472519           18.238125       0.363008

2454637.670180           18.241206       0.354633

2454637.867842           18.244149       0.346210

2454638.065504           18.246951       0.337739

2454638.263165           18.249610       0.329225

2454638.460827           18.252123       0.320668

2454638.658488           18.254487       0.312073

2454638.856150           18.256699       0.303441

2454639.053812           18.258757       0.294777

2454639.251473           18.260658       0.286084

2454639.449135           18.262399       0.277365

2454639.646797           18.263978       0.268626

2454639.844458           18.265392       0.259871

2454640.042120           18.266639       0.251105

2454640.239782           18.267715       0.242335

2454640.437443           18.268620       0.233568

2454640.635105           18.269350       0.224810

2454640.832767           18.269904       0.216071

2454641.030428           18.270278       0.207361

2454641.228090           18.270471       0.198692

2454641.425752           18.270480       0.190077

2454641.623413           18.270304       0.181531

2454641.821075           18.269941       0.173074

2454642.018737           18.269388       0.164727

2454642.216398           18.268644       0.156515

2454642.414060           18.267707       0.148471

2454642.611722           18.266575       0.140630

2454642.809383           18.265247       0.133037

2454643.007045           18.263721       0.125746

2454643.204707           18.261997       0.118820

2454643.402368           18.260072       0.112335

2454643.600030           18.257945       0.106380

2454643.797692           18.255616       0.101056

2454643.995353           18.253083       0.096474

2454644.193015           18.250346       0.092751

2454644.390677           18.247404       0.090000

2454644.588338           18.244257       0.088315

2454644.786000           18.240904       0.087763

