This file contains the LC params of 2007sr in filter-V

#-----------------------------#

#-----------------------------#
Jd at maximum in V band is: 2454545.370215 +/- 46.604215
Magnitude at maximum in V band is: 15.727686 +/- 0.705968
#-----------------------------#
#-----------------------------#
JD after 15-days from V band maximum is: 2454560.370215
Magnitude after 15-days from V band maximum is: 15.914744 +/- 0.863693
Estimated value of dm15 is: 0.187057 +/- 1.115507
Secondary maximum is not applicable for this band
The magnitudes are not k-corrected
Interpolated Light Curve through GP

#-----------------------------#

  JD                 MAG           MERR

2454447.334400           12.616230       0.224478

2454447.532053           12.617224       0.217890

2454447.729706           12.618346       0.211353

2454447.927359           12.619597       0.204869

2454448.125011           12.620978       0.198442

2454448.322664           12.622492       0.192073

2454448.520317           12.624141       0.185766

2454448.717970           12.625926       0.179523

2454448.915623           12.627849       0.173347

2454449.113276           12.629913       0.167242

2454449.310929           12.632118       0.161209

2454449.508581           12.634467       0.155252

2454449.706234           12.636962       0.149373

2454449.903887           12.639604       0.143576

2454450.101540           12.642396       0.137864

2454450.299193           12.645338       0.132239

2454450.496846           12.648434       0.126706

2454450.694498           12.651684       0.121266

2454450.892151           12.655091       0.115923

2454451.089804           12.658656       0.110680

2454451.287457           12.662380       0.105541

2454451.485110           12.666267       0.100509

2454451.682763           12.670317       0.095587

2454451.880416           12.674532       0.090778

2454452.078068           12.678914       0.086087

2454452.275721           12.683465       0.081516

2454452.473374           12.688185       0.077068

2454452.671027           12.693078       0.072749

2454452.868680           12.698144       0.068561

2454453.066333           12.703384       0.064509

2454453.263986           12.708802       0.060596

2454453.461638           12.714397       0.056826

2454453.659291           12.720171       0.053204

2454453.856944           12.726127       0.049735

2454454.054597           12.732265       0.046421

2454454.252250           12.738587       0.043270

2454454.449903           12.745093       0.040285

2454454.647556           12.751786       0.037471

2454454.845208           12.758667       0.034834

2454455.042861           12.765736       0.032379

2454455.240514           12.772995       0.030110

2454455.438167           12.780445       0.028032

2454455.635820           12.788087       0.026148

2454455.833473           12.795922       0.024461

2454456.031126           12.803950       0.022971

2454456.228778           12.812174       0.021676

2454456.426431           12.820592       0.020570

2454456.624084           12.829205       0.019646

2454456.821737           12.838013       0.018892

2454457.019390           12.847015       0.018294

2454457.217043           12.856211       0.017833

2454457.414695           12.865600       0.017493

2454457.612348           12.875181       0.017252

2454457.810001           12.884951       0.017093

2454458.007654           12.894911       0.016999

2454458.205307           12.905056       0.016955

2454458.402960           12.915385       0.016948

2454458.600613           12.925896       0.016967

2454458.798265           12.936583       0.017006

2454458.995918           12.947445       0.017060

2454459.193571           12.958475       0.017125

2454459.391224           12.969669       0.017199

2454459.588877           12.981022       0.017284

2454459.786530           12.992526       0.017381

2454459.984183           13.004174       0.017493

2454460.181835           13.015960       0.017621

2454460.379488           13.027873       0.017770

2454460.577141           13.039906       0.017942

2454460.774794           13.052048       0.018141

2454460.972447           13.064289       0.018370

2454461.170100           13.076620       0.018630

2454461.367753           13.089029       0.018923

2454461.565405           13.101504       0.019249

2454461.763058           13.114034       0.019607

2454461.960711           13.126607       0.019997

2454462.158364           13.139211       0.020415

2454462.356017           13.151834       0.020860

2454462.553670           13.164464       0.021327

2454462.751323           13.177089       0.021813

2454462.948975           13.189698       0.022313

2454463.146628           13.202280       0.022823

2454463.344281           13.214823       0.023337

2454463.541934           13.227318       0.023853

2454463.739587           13.239753       0.024364

2454463.937240           13.252121       0.024866

2454464.134892           13.264412       0.025354

2454464.332545           13.276619       0.025824

2454464.530198           13.288733       0.026271

2454464.727851           13.300748       0.026691

2454464.925504           13.312659       0.027081

2454465.123157           13.324459       0.027436

2454465.320810           13.336144       0.027753

2454465.518462           13.347709       0.028031

2454465.716115           13.359152       0.028266

2454465.913768           13.370468       0.028458

2454466.111421           13.381656       0.028604

2454466.309074           13.392714       0.028705

2454466.506727           13.403641       0.028759

2454466.704380           13.414435       0.028769

2454466.902032           13.425098       0.028734

2454467.099685           13.435629       0.028657

2454467.297338           13.446030       0.028540

2454467.494991           13.456302       0.028384

2454467.692644           13.466447       0.028195

2454467.890297           13.476469       0.027975

2454468.087950           13.486371       0.027729

2454468.285602           13.496157       0.027461

2454468.483255           13.505831       0.027177

2454468.680908           13.515398       0.026882

2454468.878561           13.524865       0.026582

2454469.076214           13.534237       0.026282

2454469.273867           13.543521       0.025987

2454469.471520           13.552724       0.025704

2454469.669172           13.561855       0.025438

2454469.866825           13.570922       0.025193

2454470.064478           13.579933       0.024974

2454470.262131           13.588898       0.024785

2454470.459784           13.597826       0.024629

2454470.657437           13.606725       0.024508

2454470.855089           13.615606       0.024426

2454471.052742           13.624476       0.024381

2454471.250395           13.633347       0.024376

2454471.448048           13.642225       0.024410

2454471.645701           13.651120       0.024483

2454471.843354           13.660039       0.024593

2454472.041007           13.668992       0.024738

2454472.238659           13.677986       0.024918

2454472.436312           13.687028       0.025129

2454472.633965           13.696125       0.025371

2454472.831618           13.705283       0.025640

2454473.029271           13.714509       0.025935

2454473.226924           13.723809       0.026253

2454473.424577           13.733186       0.026591

2454473.622229           13.742646       0.026949

2454473.819882           13.752192       0.027322

2454474.017535           13.761828       0.027711

2454474.215188           13.771558       0.028112

2454474.412841           13.781383       0.028524

2454474.610494           13.791305       0.028947

2454474.808147           13.801328       0.029378

2454475.005799           13.811451       0.029817

2454475.203452           13.821676       0.030264

2454475.401105           13.832004       0.030716

2454475.598758           13.842434       0.031174

2454475.796411           13.852968       0.031636

2454475.994064           13.863603       0.032102

2454476.191717           13.874341       0.032570

2454476.389369           13.885179       0.033040

2454476.587022           13.896116       0.033508

2454476.784675           13.907151       0.033974

2454476.982328           13.918282       0.034436

2454477.179981           13.929507       0.034890

2454477.377634           13.940823       0.035335

2454477.575286           13.952229       0.035768

2454477.772939           13.963721       0.036186

2454477.970592           13.975297       0.036588

2454478.168245           13.986952       0.036971

2454478.365898           13.998685       0.037332

2454478.563551           14.010491       0.037671

2454478.761204           14.022366       0.037985

2454478.958856           14.034308       0.038273

2454479.156509           14.046312       0.038534

2454479.354162           14.058373       0.038768

2454479.551815           14.070489       0.038973

2454479.749468           14.082654       0.039149

2454479.947121           14.094863       0.039298

2454480.144774           14.107114       0.039420

2454480.342426           14.119400       0.039515

2454480.540079           14.131717       0.039584

2454480.737732           14.144061       0.039630

2454480.935385           14.156426       0.039654

2454481.133038           14.168809       0.039658

2454481.330691           14.181203       0.039644

2454481.528344           14.193605       0.039615

2454481.725996           14.206009       0.039573

2454481.923649           14.218410       0.039519

2454482.121302           14.230804       0.039458

2454482.318955           14.243185       0.039391

2454482.516608           14.255549       0.039320

2454482.714261           14.267891       0.039247

2454482.911914           14.280206       0.039174

2454483.109566           14.292489       0.039104

2454483.307219           14.304736       0.039036

2454483.504872           14.316942       0.038973

2454483.702525           14.329102       0.038916

2454483.900178           14.341213       0.038866

2454484.097831           14.353268       0.038825

2454484.295483           14.365265       0.038793

2454484.493136           14.377199       0.038772

2454484.690789           14.389066       0.038765

2454484.888442           14.400861       0.038774

2454485.086095           14.412582       0.038801

2454485.283748           14.424223       0.038850

2454485.481401           14.435781       0.038923

2454485.679053           14.447253       0.039024

2454485.876706           14.458635       0.039158

2454486.074359           14.469924       0.039329

2454486.272012           14.481116       0.039540

2454486.469665           14.492209       0.039798

2454486.667318           14.503200       0.040106

2454486.864971           14.514085       0.040469

2454487.062623           14.524862       0.040890

2454487.260276           14.535530       0.041374

2454487.457929           14.546085       0.041923

2454487.655582           14.556525       0.042539

2454487.853235           14.566849       0.043224

2454488.050888           14.577055       0.043979

2454488.248541           14.587141       0.044802

2454488.446193           14.597107       0.045692

2454488.643846           14.606950       0.046646

2454488.841499           14.616672       0.047661

2454489.039152           14.626270       0.048733

2454489.236805           14.635744       0.049855

2454489.434458           14.645095       0.051022

2454489.632111           14.654321       0.052229

2454489.829763           14.663424       0.053469

2454490.027416           14.672404       0.054734

2454490.225069           14.681260       0.056019

2454490.422722           14.689994       0.057316

2454490.620375           14.698606       0.058619

2454490.818028           14.707098       0.059921

2454491.015680           14.715470       0.061216

2454491.213333           14.723724       0.062497

2454491.410986           14.731860       0.063757

2454491.608639           14.739881       0.064992

2454491.806292           14.747788       0.066196

2454492.003945           14.755582       0.067363

2454492.201598           14.763265       0.068487

2454492.399250           14.770840       0.069566

2454492.596903           14.778308       0.070593

2454492.794556           14.785671       0.071565

2454492.992209           14.792931       0.072478

2454493.189862           14.800091       0.073329

2454493.387515           14.807152       0.074113

2454493.585168           14.814118       0.074829

2454493.782820           14.820990       0.075474

2454493.980473           14.827772       0.076045

2454494.178126           14.834465       0.076540

2454494.375779           14.841072       0.076958

2454494.573432           14.847596       0.077298

2454494.771085           14.854040       0.077557

2454494.968738           14.860406       0.077736

2454495.166390           14.866697       0.077834

2454495.364043           14.872916       0.077850

2454495.561696           14.879066       0.077785

2454495.759349           14.885149       0.077640

2454495.957002           14.891169       0.077414

2454496.154655           14.897128       0.077109

2454496.352308           14.903030       0.076726

2454496.549960           14.908876       0.076266

2454496.747613           14.914671       0.075732

2454496.945266           14.920416       0.075125

2454497.142919           14.926115       0.074449

2454497.340572           14.931771       0.073704

2454497.538225           14.937387       0.072895

2454497.735877           14.942965       0.072025

2454497.933530           14.948508       0.071096

2454498.131183           14.954020       0.070113

2454498.328836           14.959502       0.069080

2454498.526489           14.964958       0.068000

2454498.724142           14.970391       0.066878

2454498.921795           14.975803       0.065720

2454499.119447           14.981196       0.064529

2454499.317100           14.986574       0.063311

2454499.514753           14.991939       0.062071

2454499.712406           14.997293       0.060814

2454499.910059           15.002639       0.059547

2454500.107712           15.007979       0.058276

2454500.305365           15.013316       0.057005

2454500.503017           15.018651       0.055743

2454500.700670           15.023988       0.054494

2454500.898323           15.029328       0.053265

2454501.095976           15.034672       0.052064

2454501.293629           15.040024       0.050896

2454501.491282           15.045384       0.049768

2454501.688935           15.050755       0.048687

2454501.886587           15.056138       0.047659

2454502.084240           15.061535       0.046691

2454502.281893           15.066947       0.045789

2454502.479546           15.072376       0.044960

2454502.677199           15.077822       0.044211

2454502.874852           15.083288       0.043548

2454503.072505           15.088773       0.042978

2454503.270157           15.094279       0.042508

2454503.467810           15.099808       0.042144

2454503.665463           15.105359       0.041894

2454503.863116           15.110933       0.041763

2454504.060769           15.116531       0.041757

2454504.258422           15.122154       0.041883

2454504.456074           15.127803       0.042145

2454504.653727           15.133476       0.042548

2454504.851380           15.139176       0.043093

2454505.049033           15.144902       0.043784

2454505.246686           15.150654       0.044621

2454505.444339           15.156433       0.045604

2454505.641992           15.162238       0.046731

2454505.839644           15.168070       0.047999

2454506.037297           15.173929       0.049406

2454506.234950           15.179814       0.050946

2454506.432603           15.185725       0.052614

2454506.630256           15.191662       0.054403

2454506.827909           15.197626       0.056306

2454507.025562           15.203614       0.058317

2454507.223214           15.209628       0.060428

2454507.420867           15.215666       0.062630

2454507.618520           15.221729       0.064916

2454507.816173           15.227815       0.067277

2454508.013826           15.233924       0.069707

2454508.211479           15.240056       0.072198

2454508.409132           15.246209       0.074741

2454508.606784           15.252383       0.077329

2454508.804437           15.258577       0.079955

2454509.002090           15.264791       0.082612

2454509.199743           15.271023       0.085293

2454509.397396           15.277272       0.087992

2454509.595049           15.283539       0.090701

2454509.792702           15.289820       0.093414

2454509.990354           15.296117       0.096125

2454510.188007           15.302427       0.098828

2454510.385660           15.308750       0.101518

2454510.583313           15.315084       0.104187

2454510.780966           15.321428       0.106832

2454510.978619           15.327781       0.109445

2454511.176271           15.334142       0.112023

2454511.373924           15.340509       0.114560

2454511.571577           15.346882       0.117051

2454511.769230           15.353258       0.119490

2454511.966883           15.359638       0.121875

2454512.164536           15.366018       0.124198

2454512.362189           15.372398       0.126458

2454512.559841           15.378776       0.128648

2454512.757494           15.385151       0.130765

2454512.955147           15.391522       0.132805

2454513.152800           15.397887       0.134764

2454513.350453           15.404244       0.136638

2454513.548106           15.410592       0.138424

2454513.745759           15.416929       0.140117

2454513.943411           15.423254       0.141715

2454514.141064           15.429565       0.143215

2454514.338717           15.435861       0.144613

2454514.536370           15.442139       0.145906

2454514.734023           15.448399       0.147091

2454514.931676           15.454638       0.148167

2454515.129329           15.460856       0.149129

2454515.326981           15.467049       0.149977

2454515.524634           15.473217       0.150707

2454515.722287           15.479358       0.151317

2454515.919940           15.485471       0.151806

2454516.117593           15.491552       0.152172

2454516.315246           15.497602       0.152413

2454516.512898           15.503617       0.152527

2454516.710551           15.509596       0.152513

2454516.908204           15.515539       0.152370

2454517.105857           15.521442       0.152098

2454517.303510           15.527304       0.151694

2454517.501163           15.533123       0.151159

2454517.698816           15.538898       0.150492

2454517.896468           15.544627       0.149693

2454518.094121           15.550308       0.148762

2454518.291774           15.555940       0.147699

2454518.489427           15.561520       0.146504

2454518.687080           15.567048       0.145178

2454518.884733           15.572520       0.143723

2454519.082386           15.577937       0.142138

2454519.280038           15.583296       0.140427

2454519.477691           15.588595       0.138591

2454519.675344           15.593833       0.136631

2454519.872997           15.599008       0.134551

2454520.070650           15.604119       0.132355

2454520.268303           15.609164       0.130044

2454520.465956           15.614141       0.127624

2454520.663608           15.619050       0.125100

2454520.861261           15.623888       0.122477

2454521.058914           15.628654       0.119761

2454521.256567           15.633347       0.116959

2454521.454220           15.637965       0.114081

2454521.651873           15.642507       0.111135

2454521.849526           15.646972       0.108133

2454522.047178           15.651358       0.105086

2454522.244831           15.655665       0.102011

2454522.442484           15.659891       0.098923

2454522.640137           15.664034       0.095841

2454522.837790           15.668094       0.092789

2454523.035443           15.672071       0.089791

2454523.233095           15.675961       0.086876

2454523.430748           15.679766       0.084078

2454523.628401           15.683484       0.081434

2454523.826054           15.687115       0.078986

2454524.023707           15.690657       0.076779

2454524.221360           15.694109       0.074863

2454524.419013           15.697473       0.073288

2454524.616665           15.700746       0.072105

2454524.814318           15.703928       0.071362

2454525.011971           15.707020       0.071098

2454525.209624           15.710020       0.071347

2454525.407277           15.712929       0.072130

2454525.604930           15.715747       0.073453

2454525.802583           15.718474       0.075311

2454526.000235           15.721109       0.077688

2454526.197888           15.723653       0.080558

2454526.395541           15.726106       0.083888

2454526.593194           15.728469       0.087642

2454526.790847           15.730742       0.091785

2454526.988500           15.732926       0.096279

2454527.186153           15.735021       0.101091

2454527.383805           15.737027       0.106187

2454527.581458           15.738946       0.111540

2454527.779111           15.740778       0.117123

2454527.976764           15.742524       0.122912

2454528.174417           15.744185       0.128887

2454528.372070           15.745762       0.135028

2454528.569723           15.747256       0.141319

2454528.767375           15.748667       0.147746

2454528.965028           15.749998       0.154296

2454529.162681           15.751248       0.160956

2454529.360334           15.752420       0.167716

2454529.557987           15.753515       0.174566

2454529.755640           15.754533       0.181499

2454529.953292           15.755476       0.188505

2454530.150945           15.756345       0.195579

2454530.348598           15.757142       0.202713

2454530.546251           15.757868       0.209901

2454530.743904           15.758525       0.217138

2454530.941557           15.759113       0.224418

2454531.139210           15.759635       0.231737

2454531.336862           15.760092       0.239090

2454531.534515           15.760485       0.246473

2454531.732168           15.760816       0.253882

2454531.929821           15.761086       0.261312

2454532.127474           15.761298       0.268761

2454532.325127           15.761452       0.276225

2454532.522780           15.761550       0.283701

2454532.720432           15.761594       0.291185

2454532.918085           15.761586       0.298676

2454533.115738           15.761526       0.306169

2454533.313391           15.761418       0.313662

2454533.511044           15.761262       0.321153

2454533.708697           15.761060       0.328640

2454533.906350           15.760814       0.336119

2454534.104002           15.760525       0.343588

2454534.301655           15.760196       0.351046

2454534.499308           15.759827       0.358490

2454534.696961           15.759421       0.365918

2454534.894614           15.758980       0.373329

2454535.092267           15.758504       0.380719

2454535.289920           15.757996       0.388088

2454535.487572           15.757458       0.395434

2454535.685225           15.756891       0.402754

2454535.882878           15.756296       0.410047

2454536.080531           15.755676       0.417313

2454536.278184           15.755033       0.424548

2454536.475837           15.754367       0.431751

2454536.673489           15.753681       0.438922

2454536.871142           15.752977       0.446058

2454537.068795           15.752255       0.453158

2454537.266448           15.751519       0.460221

2454537.464101           15.750768       0.467246

2454537.661754           15.750006       0.474231

2454537.859407           15.749234       0.481176

2454538.057059           15.748453       0.488078

2454538.254712           15.747665       0.494937

2454538.452365           15.746872       0.501752

2454538.650018           15.746075       0.508521

2454538.847671           15.745276       0.515244

2454539.045324           15.744476       0.521920

2454539.242977           15.743678       0.528547

2454539.440629           15.742883       0.535125

2454539.638282           15.742092       0.541653

2454539.835935           15.741307       0.548130

2454540.033588           15.740529       0.554555

2454540.231241           15.739761       0.560927

2454540.428894           15.739003       0.567246

2454540.626547           15.738257       0.573510

2454540.824199           15.737524       0.579719

2454541.021852           15.736807       0.585873

2454541.219505           15.736106       0.591970

2454541.417158           15.735424       0.598010

2454541.614811           15.734761       0.603992

2454541.812464           15.734118       0.609916

2454542.010117           15.733498       0.615780

2454542.207769           15.732902       0.621586

2454542.405422           15.732331       0.627331

2454542.603075           15.731787       0.633015

2454542.800728           15.731270       0.638638

2454542.998381           15.730783       0.644200

2454543.196034           15.730326       0.649699

2454543.393686           15.729901       0.655136

2454543.591339           15.729510       0.660510

2454543.788992           15.729153       0.665820

2454543.986645           15.728831       0.671066

2454544.184298           15.728547       0.676248

2454544.381951           15.728301       0.681365

2454544.579604           15.728094       0.686418

2454544.777256           15.727928       0.691404

2454544.974909           15.727804       0.696325

2454545.172562           15.727723       0.701180

2454545.370215           15.727686       0.705968

2454545.567868           15.727695       0.710690

2454545.765521           15.727750       0.715345

2454545.963174           15.727852       0.719932

2454546.160826           15.728003       0.724452

2454546.358479           15.728204       0.728904

2454546.556132           15.728456       0.733288

2454546.753785           15.728759       0.737604

2454546.951438           15.729116       0.741851

2454547.149091           15.729526       0.746030

2454547.346744           15.729991       0.750139

2454547.544396           15.730511       0.754180

2454547.742049           15.731089       0.758151

2454547.939702           15.731724       0.762053

2454548.137355           15.732417       0.765885

2454548.335008           15.733170       0.769648

2454548.532661           15.733983       0.773340

2454548.730314           15.734858       0.776963

2454548.927966           15.735794       0.780515

2454549.125619           15.736794       0.783997

2454549.323272           15.737856       0.787408

2454549.520925           15.738984       0.790749

2454549.718578           15.740176       0.794019

2454549.916231           15.741435       0.797218

2454550.113883           15.742760       0.800346

2454550.311536           15.744152       0.803403

2454550.509189           15.745613       0.806390

2454550.706842           15.747142       0.809304

2454550.904495           15.748741       0.812148

2454551.102148           15.750410       0.814920

2454551.299801           15.752149       0.817621

2454551.497453           15.753960       0.820250

2454551.695106           15.755842       0.822807

2454551.892759           15.757797       0.825293

2454552.090412           15.759825       0.827707

2454552.288065           15.761926       0.830049

2454552.485718           15.764102       0.832320

2454552.683371           15.766352       0.834518

2454552.881023           15.768677       0.836644

2454553.078676           15.771077       0.838699

2454553.276329           15.773553       0.840681

2454553.473982           15.776105       0.842591

2454553.671635           15.778734       0.844429

2454553.869288           15.781440       0.846195

2454554.066941           15.784224       0.847888

2454554.264593           15.787085       0.849509

2454554.462246           15.790024       0.851057

2454554.659899           15.793042       0.852533

2454554.857552           15.796138       0.853937

2454555.055205           15.799313       0.855268

2454555.252858           15.802568       0.856527

2454555.450511           15.805902       0.857713

2454555.648163           15.809315       0.858826

2454555.845816           15.812808       0.859866

2454556.043469           15.816382       0.860834

2454556.241122           15.820035       0.861729

2454556.438775           15.823769       0.862551

2454556.636428           15.827583       0.863300

2454556.834080           15.831477       0.863976

2454557.031733           15.835452       0.864580

2454557.229386           15.839508       0.865110

2454557.427039           15.843644       0.865567

2454557.624692           15.847861       0.865951

2454557.822345           15.852158       0.866262

2454558.019998           15.856537       0.866499

2454558.217650           15.860996       0.866664

2454558.415303           15.865535       0.866755

2454558.612956           15.870155       0.866772

2454558.810609           15.874855       0.866716

2454559.008262           15.879635       0.866587

2454559.205915           15.884496       0.866384

2454559.403568           15.889437       0.866108

2454559.601220           15.894457       0.865757

2454559.798873           15.899557       0.865334

2454559.996526           15.904736       0.864836

2454560.194179           15.909994       0.864264

2454560.391832           15.915331       0.863619

2454560.589485           15.920747       0.862899

2454560.787138           15.926241       0.862106

2454560.984790           15.931813       0.861238

2454561.182443           15.937463       0.860297

2454561.380096           15.943190       0.859281

2454561.577749           15.948993       0.858190

2454561.775402           15.954874       0.857026

2454561.973055           15.960830       0.855787

2454562.170708           15.966862       0.854473

2454562.368360           15.972969       0.853085

2454562.566013           15.979151       0.851622

2454562.763666           15.985407       0.850084

2454562.961319           15.991736       0.848472

2454563.158972           15.998139       0.846784

2454563.356625           16.004614       0.845022

2454563.554277           16.011161       0.843185

2454563.751930           16.017780       0.841272

2454563.949583           16.024469       0.839285

2454564.147236           16.031229       0.837222

2454564.344889           16.038057       0.835084

2454564.542542           16.044955       0.832870

2454564.740195           16.051920       0.830581

2454564.937847           16.058953       0.828216

2454565.135500           16.066052       0.825776

2454565.333153           16.073217       0.823259

2454565.530806           16.080447       0.820668

2454565.728459           16.087741       0.818000

2454565.926112           16.095098       0.815256

2454566.123765           16.102518       0.812437

2454566.321417           16.109999       0.809541

2454566.519070           16.117540       0.806569

2454566.716723           16.125142       0.803521

2454566.914376           16.132802       0.800397

2454567.112029           16.140520       0.797196

2454567.309682           16.148294       0.793919

2454567.507335           16.156125       0.790565

2454567.704987           16.164010       0.787135

2454567.902640           16.171949       0.783629

2454568.100293           16.179940       0.780046

2454568.297946           16.187983       0.776386

2454568.495599           16.196076       0.772650

2454568.693252           16.204218       0.768837

2454568.890905           16.212409       0.764947

2454569.088557           16.220646       0.760980

2454569.286210           16.228929       0.756937

2454569.483863           16.237256       0.752817

2454569.681516           16.245626       0.748620

2454569.879169           16.254039       0.744346

2454570.076822           16.262492       0.739995

2454570.274474           16.270984       0.735567

2454570.472127           16.279514       0.731063

2454570.669780           16.288081       0.726482

2454570.867433           16.296682       0.721824

2454571.065086           16.305318       0.717089

2454571.262739           16.313986       0.712278

2454571.460392           16.322685       0.707390

2454571.658044           16.331414       0.702425

2454571.855697           16.340170       0.697384

2454572.053350           16.348953       0.692266

2454572.251003           16.357761       0.687072

2454572.448656           16.366592       0.681801

2454572.646309           16.375445       0.676454

2454572.843962           16.384318       0.671031

2454573.041614           16.393210       0.665532

2454573.239267           16.402119       0.659958

2454573.436920           16.411044       0.654307

2454573.634573           16.419982       0.648581

2454573.832226           16.428932       0.642780

2454574.029879           16.437893       0.636903

2454574.227532           16.446862       0.630951

2454574.425184           16.455838       0.624925

2454574.622837           16.464820       0.618824

2454574.820490           16.473804       0.612648

2454575.018143           16.482791       0.606398

2454575.215796           16.491777       0.600075

2454575.413449           16.500761       0.593678

2454575.611102           16.509742       0.587208

2454575.808754           16.518716       0.580665

2454576.006407           16.527684       0.574049

2454576.204060           16.536641       0.567361

2454576.401713           16.545588       0.560601

2454576.599366           16.554521       0.553770

2454576.797019           16.563440       0.546868

2454576.994671           16.572341       0.539895

2454577.192324           16.581224       0.532852

2454577.389977           16.590085       0.525740

2454577.587630           16.598924       0.518558

2454577.785283           16.607738       0.511308

2454577.982936           16.616525       0.503990

2454578.180589           16.625283       0.496605

2454578.378241           16.634011       0.489153

2454578.575894           16.642706       0.481635

2454578.773547           16.651366       0.474052

2454578.971200           16.659990       0.466404

2454579.168853           16.668574       0.458693

2454579.366506           16.677118       0.450918

2454579.564159           16.685620       0.443082

2454579.761811           16.694076       0.435184

2454579.959464           16.702486       0.427226

2454580.157117           16.710847       0.419209

2454580.354770           16.719157       0.411134

2454580.552423           16.727415       0.403002

2454580.750076           16.735618       0.394814

2454580.947729           16.743764       0.386572

2454581.145381           16.751851       0.378276

2454581.343034           16.759877       0.369928

2454581.540687           16.767841       0.361531

2454581.738340           16.775740       0.353084

2454581.935993           16.783573       0.344591

2454582.133646           16.791337       0.336052

2454582.331298           16.799031       0.327470

2454582.528951           16.806652       0.318846

2454582.726604           16.814199       0.310184

2454582.924257           16.821670       0.301485

2454583.121910           16.829064       0.292752

2454583.319563           16.836377       0.283988

2454583.517216           16.843610       0.275196

2454583.714868           16.850759       0.266380

2454583.912521           16.857823       0.257542

2454584.110174           16.864800       0.248688

2454584.307827           16.871689       0.239821

2454584.505480           16.878489       0.230948

2454584.703133           16.885197       0.222073

2454584.900786           16.891812       0.213204

2454585.098438           16.898332       0.204348

2454585.296091           16.904757       0.195514

2454585.493744           16.911084       0.186711

2454585.691397           16.917313       0.177952

2454585.889050           16.923442       0.169250

2454586.086703           16.929469       0.160623

2454586.284356           16.935395       0.152089

2454586.482008           16.941217       0.143673

2454586.679661           16.946934       0.135404

2454586.877314           16.952547       0.127318

2454587.074967           16.958053       0.119459

2454587.272620           16.963451       0.111882

2454587.470273           16.968742       0.104655

2454587.667926           16.973925       0.097863

2454587.865578           16.978998       0.091607

2454588.063231           16.983962       0.086011

2454588.260884           16.988816       0.081216

2454588.458537           16.993560       0.077376

2454588.656190           16.998193       0.074641

2454588.853843           17.002716       0.073136

2454589.051495           17.007129       0.072940

2454589.249148           17.011431       0.074062

2454589.446801           17.015624       0.076441

2454589.644454           17.019707       0.079963

2454589.842107           17.023681       0.084482

2454590.039760           17.027546       0.089842

2454590.237413           17.031304       0.095897

2454590.435065           17.034955       0.102519

2454590.632718           17.038500       0.109599

2454590.830371           17.041939       0.117047

2454591.028024           17.045275       0.124792

2454591.225677           17.048508       0.132774

2454591.423330           17.051639       0.140947

2454591.620983           17.054670       0.149273

2454591.818635           17.057602       0.157720

2454592.016288           17.060437       0.166264

2454592.213941           17.063175       0.174883

2454592.411594           17.065820       0.183560

2454592.609247           17.068371       0.192280

2454592.806900           17.070831       0.201031

2454593.004553           17.073201       0.209802

2454593.202205           17.075484       0.218584

2454593.399858           17.077681       0.227370

2454593.597511           17.079794       0.236153

2454593.795164           17.081825       0.244926

2454593.992817           17.083775       0.253684

2454594.190470           17.085648       0.262422

2454594.388123           17.087444       0.271136

2454594.585775           17.089166       0.279823

2454594.783428           17.090816       0.288478

2454594.981081           17.092395       0.297099

2454595.178734           17.093907       0.305682

2454595.376387           17.095353       0.314224

2454595.574040           17.096736       0.322725

2454595.771692           17.098057       0.331180

2454595.969345           17.099319       0.339588

2454596.166998           17.100523       0.347947

2454596.364651           17.101673       0.356255

2454596.562304           17.102770       0.364510

2454596.759957           17.103817       0.372711

2454596.957610           17.104816       0.380855

2454597.155262           17.105769       0.388943

2454597.352915           17.106678       0.396971

2454597.550568           17.107546       0.404940

2454597.748221           17.108375       0.412847

2454597.945874           17.109168       0.420692

2454598.143527           17.109925       0.428473

2454598.341180           17.110651       0.436189

2454598.538832           17.111346       0.443839

2454598.736485           17.112014       0.451423

2454598.934138           17.112656       0.458940

2454599.131791           17.113275       0.466387

2454599.329444           17.113874       0.473766

2454599.527097           17.114453       0.481074

2454599.724750           17.115016       0.488312

2454599.922402           17.115565       0.495478

2454600.120055           17.116101       0.502571

2454600.317708           17.116628       0.509592

2454600.515361           17.117147       0.516539

2454600.713014           17.117661       0.523412

2454600.910667           17.118171       0.530210

2454601.108320           17.118680       0.536933

2454601.305972           17.119189       0.543580

2454601.503625           17.119702       0.550151

2454601.701278           17.120220       0.556645

2454601.898931           17.120745       0.563062

2454602.096584           17.121279       0.569400

2454602.294237           17.121824       0.575661

2454602.491889           17.122382       0.581843

2454602.689542           17.122956       0.587947

2454602.887195           17.123547       0.593971

2454603.084848           17.124157       0.599915

2454603.282501           17.124787       0.605780

2454603.480154           17.125441       0.611564

2454603.677807           17.126120       0.617267

2454603.875459           17.126825       0.622890

2454604.073112           17.127558       0.628432

2454604.270765           17.128322       0.633892

2454604.468418           17.129118       0.639271

2454604.666071           17.129947       0.644568

2454604.863724           17.130812       0.649783

2454605.061377           17.131715       0.654916

2454605.259029           17.132656       0.659966

2454605.456682           17.133637       0.664933

2454605.654335           17.134661       0.669818

2454605.851988           17.135728       0.674620

2454606.049641           17.136840       0.679339

2454606.247294           17.137999       0.683974

2454606.444947           17.139206       0.688526

2454606.642599           17.140463       0.692995

2454606.840252           17.141771       0.697380

2454607.037905           17.143131       0.701681

2454607.235558           17.144546       0.705899

2454607.433211           17.146015       0.710032

2454607.630864           17.147541       0.714082

2454607.828517           17.149125       0.718047

2454608.026169           17.150768       0.721928

2454608.223822           17.152471       0.725725

2454608.421475           17.154235       0.729438

2454608.619128           17.156062       0.733066

2454608.816781           17.157953       0.736610

2454609.014434           17.159908       0.740070

2454609.212086           17.161929       0.743445

2454609.409739           17.164017       0.746735

2454609.607392           17.166173       0.749941

2454609.805045           17.168398       0.753062

2454610.002698           17.170692       0.756098

2454610.200351           17.173056       0.759050

2454610.398004           17.175493       0.761917

2454610.595656           17.178001       0.764699

2454610.793309           17.180582       0.767397

2454610.990962           17.183237       0.770010

2454611.188615           17.185966       0.772538

2454611.386268           17.188771       0.774981

2454611.583921           17.191651       0.777340

2454611.781574           17.194607       0.779613

2454611.979226           17.197641       0.781802

2454612.176879           17.200751       0.783906

2454612.374532           17.203940       0.785926

2454612.572185           17.207207       0.787860

2454612.769838           17.210553       0.789710

2454612.967491           17.213978       0.791475

2454613.165144           17.217482       0.793155

2454613.362796           17.221067       0.794750

2454613.560449           17.224731       0.796261

2454613.758102           17.228476       0.797687

2454613.955755           17.232301       0.799028

2454614.153408           17.236207       0.800284

2454614.351061           17.240194       0.801456

2454614.548714           17.244261       0.802542

2454614.746366           17.248410       0.803544

2454614.944019           17.252640       0.804462

2454615.141672           17.256950       0.805294

2454615.339325           17.261342       0.806042

2454615.536978           17.265814       0.806705

2454615.734631           17.270367       0.807283

2454615.932283           17.275001       0.807777

2454616.129936           17.279714       0.808186

2454616.327589           17.284508       0.808510

2454616.525242           17.289382       0.808750

2454616.722895           17.294335       0.808905

2454616.920548           17.299367       0.808975

2454617.118201           17.304478       0.808960

2454617.315853           17.309667       0.808861

2454617.513506           17.314933       0.808677

2454617.711159           17.320277       0.808409

2454617.908812           17.325697       0.808056

2454618.106465           17.331194       0.807618

2454618.304118           17.336766       0.807096

2454618.501771           17.342413       0.806489

2454618.699423           17.348133       0.805797

2454618.897076           17.353927       0.805021

2454619.094729           17.359794       0.804160

2454619.292382           17.365732       0.803214

2454619.490035           17.371741       0.802184

2454619.687688           17.377819       0.801069

2454619.885341           17.383967       0.799869

2454620.082993           17.390182       0.798585

2454620.280646           17.396464       0.797217

2454620.478299           17.402813       0.795763

2454620.675952           17.409225       0.794225

2454620.873605           17.415702       0.792603

2454621.071258           17.422240       0.790896

2454621.268911           17.428840       0.789104

2454621.466563           17.435499       0.787228

2454621.664216           17.442217       0.785267

2454621.861869           17.448992       0.783221

2454622.059522           17.455823       0.781092

2454622.257175           17.462709       0.778877

2454622.454828           17.469647       0.776578

2454622.652480           17.476636       0.774195

2454622.850133           17.483675       0.771727

2454623.047786           17.490762       0.769174

2454623.245439           17.497896       0.766538

2454623.443092           17.505075       0.763817

2454623.640745           17.512297       0.761011

2454623.838398           17.519560       0.758121

2454624.036050           17.526863       0.755147

2454624.233703           17.534204       0.752089

2454624.431356           17.541580       0.748946

2454624.629009           17.548991       0.745719

2454624.826662           17.556433       0.742409

2454625.024315           17.563905       0.739014

2454625.221968           17.571406       0.735535

2454625.419620           17.578932       0.731972

2454625.617273           17.586482       0.728326

2454625.814926           17.594054       0.724596

2454626.012579           17.601645       0.720782

2454626.210232           17.609253       0.716884

2454626.407885           17.616876       0.712903

2454626.605538           17.624512       0.708839

2454626.803190           17.632158       0.704692

2454627.000843           17.639812       0.700461

2454627.198496           17.647471       0.696147

2454627.396149           17.655133       0.691751

2454627.593802           17.662796       0.687272

2454627.791455           17.670456       0.682710

2454627.989108           17.678112       0.678066

2454628.186760           17.685761       0.673339

2454628.384413           17.693400       0.668531

2454628.582066           17.701026       0.663641

2454628.779719           17.708636       0.658669

2454628.977372           17.716229       0.653616

2454629.175025           17.723801       0.648482

2454629.372677           17.731349       0.643267

2454629.570330           17.738871       0.637971

2454629.767983           17.746363       0.632595

2454629.965636           17.753822       0.627139

2454630.163289           17.761247       0.621603

2454630.360942           17.768633       0.615988

2454630.558595           17.775977       0.610294

2454630.756247           17.783277       0.604521

2454630.953900           17.790530       0.598670

2454631.151553           17.797732       0.592741

2454631.349206           17.804880       0.586734

2454631.546859           17.811972       0.580650

2454631.744512           17.819003       0.574490

2454631.942165           17.825970       0.568254

2454632.139817           17.832872       0.561942

2454632.337470           17.839703       0.555556

2454632.535123           17.846461       0.549095

2454632.732776           17.853142       0.542560

2454632.930429           17.859744       0.535952

2454633.128082           17.866262       0.529272

2454633.325735           17.872694       0.522520

2454633.523387           17.879036       0.515696

2454633.721040           17.885284       0.508803

2454633.918693           17.891435       0.501840

2454634.116346           17.897486       0.494809

2454634.313999           17.903433       0.487710

2454634.511652           17.909273       0.480545

2454634.709305           17.915002       0.473314

2454634.906957           17.920617       0.466018

2454635.104610           17.926113       0.458659

2454635.302263           17.931489       0.451238

2454635.499916           17.936739       0.443756

2454635.697569           17.941861       0.436214

2454635.895222           17.946852       0.428614

2454636.092874           17.951706       0.420958

2454636.290527           17.956422       0.413246

2454636.488180           17.960995       0.405481

2454636.685833           17.965422       0.397665

2454636.883486           17.969700       0.389799

2454637.081139           17.973824       0.381886

2454637.278792           17.977792       0.373927

2454637.476444           17.981600       0.365926

2454637.674097           17.985244       0.357884

2454637.871750           17.988721       0.349804

2454638.069403           17.992028       0.341690

2454638.267056           17.995161       0.333544

2454638.464709           17.998117       0.325371

2454638.662362           18.000892       0.317173

2454638.860014           18.003484       0.308955

2454639.057667           18.005888       0.300722

2454639.255320           18.008103       0.292478

2454639.452973           18.010123       0.284229

2454639.650626           18.011947       0.275980

2454639.848279           18.013571       0.267739

2454640.045932           18.014992       0.259513

2454640.243584           18.016207       0.251309

2454640.441237           18.017214       0.243138

2454640.638890           18.018009       0.235008

2454640.836543           18.018589       0.226932

2454641.034196           18.018952       0.218923

2454641.231849           18.019095       0.210996

2454641.429502           18.019016       0.203166

2454641.627154           18.018711       0.195454

2454641.824807           18.018179       0.187881

2454642.022460           18.017417       0.180471

2454642.220113           18.016423       0.173254

2454642.417766           18.015195       0.166260

2454642.615419           18.013731       0.159528

2454642.813071           18.012029       0.153097

2454643.010724           18.010087       0.147016

2454643.208377           18.007903       0.141335

2454643.406030           18.005476       0.136111

2454643.603683           18.002804       0.131406

2454643.801336           17.999886       0.127282

2454643.998989           17.996722       0.123803

2454644.196641           17.993309       0.121029

2454644.394294           17.989648       0.119014

2454644.591947           17.985737       0.117800

2454644.789600           17.981576       0.117414

