This file contains the LC params of SN2011fe in filter-B

#-----------------------------#

#-----------------------------#
Jd at maximum in B band is: 2455817.229819 +/- 1.017716
Magnitude at maximum in B band is: 7.201071 +/- 0.229894
#-----------------------------#
#-----------------------------#
JD after 15-days from B band maximum is: 2455832.229819
Magnitude after 15-days from B band maximum is: 9.819628 +/- 0.230034
Estimated value of dm15 is: 2.618557 +/- 0.325219
Secondary maximum is not applicable for this band
The magnitudes are not k-corrected
Interpolated Light Curve through GP

#-----------------------------#

  JD                 MAG           MERR

2455790.426100           19.820190       0.143401

2455790.550191           19.763355       0.141051

2455790.674283           19.705835       0.138708

2455790.798374           19.647632       0.136375

2455790.922465           19.588746       0.134051

2455791.046556           19.529179       0.131737

2455791.170648           19.468931       0.129432

2455791.294739           19.408005       0.127138

2455791.418830           19.346402       0.124854

2455791.542922           19.284123       0.122582

2455791.667013           19.221171       0.120320

2455791.791104           19.157549       0.118069

2455791.915195           19.093258       0.115831

2455792.039287           19.028301       0.113605

2455792.163378           18.962681       0.111391

2455792.287469           18.896400       0.109189

2455792.411561           18.829463       0.107001

2455792.535652           18.761872       0.104826

2455792.659743           18.693631       0.102665

2455792.783835           18.624743       0.100518

2455792.907926           18.555214       0.098385

2455793.032017           18.485047       0.096267

2455793.156108           18.414246       0.094164

2455793.280200           18.342817       0.092076

2455793.404291           18.270764       0.090004

2455793.528382           18.198092       0.087947

2455793.652474           18.124807       0.085906

2455793.776565           18.050915       0.083882

2455793.900656           17.976422       0.081875

2455794.024747           17.901333       0.079884

2455794.148839           17.825656       0.077911

2455794.272930           17.749397       0.075956

2455794.397021           17.672563       0.074018

2455794.521113           17.595162       0.072098

2455794.645204           17.517201       0.070196

2455794.769295           17.438689       0.068313

2455794.893386           17.359632       0.066449

2455795.017478           17.280041       0.064604

2455795.141569           17.199924       0.062778

2455795.265660           17.119289       0.060971

2455795.389752           17.038147       0.059184

2455795.513843           16.956508       0.057416

2455795.637934           16.874381       0.055669

2455795.762026           16.791778       0.053941

2455795.886117           16.708708       0.052234

2455796.010208           16.625184       0.050548

2455796.134299           16.541217       0.048881

2455796.258391           16.456819       0.047236

2455796.382482           16.372002       0.045611

2455796.506573           16.286780       0.044007

2455796.630665           16.201165       0.042424

2455796.754756           16.115171       0.040862

2455796.878847           16.028812       0.039321

2455797.002938           15.942102       0.037801

2455797.127030           15.855057       0.036302

2455797.251121           15.767691       0.034825

2455797.375212           15.680020       0.033369

2455797.499304           15.592061       0.031935

2455797.623395           15.503830       0.030522

2455797.747486           15.415344       0.029131

2455797.871577           15.326621       0.027763

2455797.995669           15.237678       0.026417

2455798.119760           15.148535       0.025094

2455798.243851           15.059210       0.023795

2455798.367943           14.969723       0.022520

2455798.492034           14.880095       0.021270

2455798.616125           14.790345       0.020048

2455798.740217           14.700495       0.018853

2455798.864308           14.610566       0.017690

2455798.988399           14.520581       0.016562

2455799.112490           14.430562       0.015471

2455799.236582           14.340530       0.014424

2455799.360673           14.250510       0.013427

2455799.484764           14.160524       0.012490

2455799.608856           14.070594       0.011624

2455799.732947           13.980743       0.010844

2455799.857038           13.890995       0.010166

2455799.981129           13.801372       0.009610

2455800.105221           13.711896       0.009198

2455800.229312           13.622590       0.008949

2455800.353403           13.533475       0.008875

2455800.477495           13.444573       0.008982

2455800.601586           13.355905       0.009264

2455800.725677           13.267492       0.009707

2455800.849768           13.179353       0.010293

2455800.973860           13.091510       0.011000

2455801.097951           13.003980       0.011810

2455801.222042           12.916783       0.012705

2455801.346134           12.829936       0.013672

2455801.470225           12.743458       0.014698

2455801.594316           12.657365       0.015776

2455801.718408           12.571675       0.016898

2455801.842499           12.486403       0.018058

2455801.966590           12.401565       0.019253

2455802.090681           12.317176       0.020479

2455802.214773           12.233252       0.021733

2455802.338864           12.149806       0.023014

2455802.462955           12.066852       0.024320

2455802.587047           11.984405       0.025650

2455802.711138           11.902476       0.027001

2455802.835229           11.821080       0.028374

2455802.959320           11.740227       0.029768

2455803.083412           11.659931       0.031182

2455803.207503           11.580202       0.032616

2455803.331594           11.501051       0.034069

2455803.455686           11.422490       0.035540

2455803.579777           11.344528       0.037030

2455803.703868           11.267176       0.038537

2455803.827959           11.190443       0.040062

2455803.952051           11.114339       0.041604

2455804.076142           11.038873       0.043163

2455804.200233           10.964052       0.044739

2455804.324325           10.889886       0.046331

2455804.448416           10.816383       0.047939

2455804.572507           10.743549       0.049563

2455804.696598           10.671393       0.051202

2455804.820690           10.599922       0.052855

2455804.944781           10.529142       0.054524

2455805.068872           10.459059       0.056207

2455805.192964           10.389680       0.057904

2455805.317055           10.321012       0.059614

2455805.441146           10.253058       0.061338

2455805.565238           10.185825       0.063075

2455805.689329           10.119318       0.064824

2455805.813420           10.053542       0.066586

2455805.937511            9.988501       0.068359

2455806.061603            9.924199       0.070144

2455806.185694            9.860641       0.071940

2455806.309785            9.797830       0.073747

2455806.433877            9.735771       0.075564

2455806.557968            9.674466       0.077391

2455806.682059            9.613918       0.079228

2455806.806150            9.554131       0.081073

2455806.930242            9.495107       0.082928

2455807.054333            9.436849       0.084791

2455807.178424            9.379358       0.086661

2455807.302516            9.322638       0.088540

2455807.426607            9.266690       0.090425

2455807.550698            9.211515       0.092318

2455807.674789            9.157116       0.094216

2455807.798881            9.103493       0.096121

2455807.922972            9.050648       0.098031

2455808.047063            8.998581       0.099946

2455808.171155            8.947294       0.101866

2455808.295246            8.896787       0.103790

2455808.419337            8.847060       0.105718

2455808.543429            8.798115       0.107650

2455808.667520            8.749950       0.109584

2455808.791611            8.702566       0.111522

2455808.915702            8.655963       0.113461

2455809.039794            8.610140       0.115403

2455809.163885            8.565097       0.117346

2455809.287976            8.520834       0.119290

2455809.412068            8.477349       0.121235

2455809.536159            8.434642       0.123180

2455809.660250            8.392712       0.125124

2455809.784341            8.351557       0.127069

2455809.908433            8.311177       0.129012

2455810.032524            8.271569       0.130955

2455810.156615            8.232733       0.132895

2455810.280707            8.194667       0.134834

2455810.404798            8.157369       0.136770

2455810.528889            8.120837       0.138703

2455810.652980            8.085069       0.140633

2455810.777072            8.050063       0.142560

2455810.901163            8.015817       0.144483

2455811.025254            7.982329       0.146401

2455811.149346            7.949597       0.148315

2455811.273437            7.917617       0.150224

2455811.397528            7.886387       0.152128

2455811.521620            7.855906       0.154026

2455811.645711            7.826169       0.155918

2455811.769802            7.797174       0.157804

2455811.893893            7.768918       0.159682

2455812.017985            7.741398       0.161554

2455812.142076            7.714612       0.163419

2455812.266167            7.688555       0.165276

2455812.390259            7.663225       0.167124

2455812.514350            7.638619       0.168965

2455812.638441            7.614732       0.170797

2455812.762532            7.591562       0.172619

2455812.886624            7.569105       0.174433

2455813.010715            7.547358       0.176237

2455813.134806            7.526316       0.178031

2455813.258898            7.505977       0.179815

2455813.382989            7.486336       0.181588

2455813.507080            7.467389       0.183350

2455813.631171            7.449133       0.185102

2455813.755263            7.431564       0.186842

2455813.879354            7.414678       0.188570

2455814.003445            7.398470       0.190286

2455814.127537            7.382937       0.191991

2455814.251628            7.368075       0.193682

2455814.375719            7.353879       0.195361

2455814.499811            7.340345       0.197027

2455814.623902            7.327468       0.198680

2455814.747993            7.315246       0.200319

2455814.872084            7.303672       0.201944

2455814.996176            7.292743       0.203556

2455815.120267            7.282455       0.205153

2455815.244358            7.272802       0.206735

2455815.368450            7.263781       0.208303

2455815.492541            7.255386       0.209856

2455815.616632            7.247614       0.211393

2455815.740723            7.240460       0.212915

2455815.864815            7.233918       0.214422

2455815.988906            7.227985       0.215912

2455816.112997            7.222656       0.217386

2455816.237089            7.217925       0.218844

2455816.361180            7.213789       0.220285

2455816.485271            7.210242       0.221710

2455816.609362            7.207280       0.223118

2455816.733454            7.204898       0.224508

2455816.857545            7.203091       0.225881

2455816.981636            7.201854       0.227237

2455817.105728            7.201182       0.228575

2455817.229819            7.201071       0.229894

2455817.353910            7.201515       0.231196

2455817.478002            7.202510       0.232480

2455817.602093            7.204051       0.233744

2455817.726184            7.206132       0.234991

2455817.850275            7.208749       0.236218

2455817.974367            7.211897       0.237427

2455818.098458            7.215571       0.238616

2455818.222549            7.219765       0.239786

2455818.346641            7.224476       0.240936

2455818.470732            7.229697       0.242067

2455818.594823            7.235423       0.243178

2455818.718914            7.241651       0.244270

2455818.843006            7.248374       0.245341

2455818.967097            7.255587       0.246392

2455819.091188            7.263287       0.247422

2455819.215280            7.271466       0.248432

2455819.339371            7.280121       0.249422

2455819.463462            7.289247       0.250391

2455819.587553            7.298837       0.251338

2455819.711645            7.308888       0.252265

2455819.835736            7.319394       0.253171

2455819.959827            7.330350       0.254056

2455820.083919            7.341751       0.254919

2455820.208010            7.353591       0.255761

2455820.332101            7.365867       0.256581

2455820.456192            7.378572       0.257379

2455820.580284            7.391702       0.258156

2455820.704375            7.405251       0.258911

2455820.828466            7.419215       0.259644

2455820.952558            7.433588       0.260355

2455821.076649            7.448365       0.261044

2455821.200740            7.463542       0.261711

2455821.324832            7.479112       0.262355

2455821.448923            7.495072       0.262977

2455821.573014            7.511416       0.263577

2455821.697105            7.528139       0.264154

2455821.821197            7.545235       0.264709

2455821.945288            7.562701       0.265240

2455822.069379            7.580531       0.265749

2455822.193471            7.598719       0.266236

2455822.317562            7.617261       0.266699

2455822.441653            7.636152       0.267140

2455822.565744            7.655387       0.267558

2455822.689836            7.674961       0.267952

2455822.813927            7.694869       0.268324

2455822.938018            7.715105       0.268672

2455823.062110            7.735665       0.268998

2455823.186201            7.756544       0.269300

2455823.310292            7.777738       0.269579

2455823.434383            7.799240       0.269835

2455823.558475            7.821046       0.270067

2455823.682566            7.843152       0.270277

2455823.806657            7.865551       0.270463

2455823.930749            7.888240       0.270625

2455824.054840            7.911214       0.270764

2455824.178931            7.934467       0.270880

2455824.303023            7.957995       0.270973

2455824.427114            7.981793       0.271042

2455824.551205            8.005856       0.271087

2455824.675296            8.030180       0.271110

2455824.799388            8.054758       0.271109

2455824.923479            8.079588       0.271084

2455825.047570            8.104663       0.271036

2455825.171662            8.129979       0.270965

2455825.295753            8.155531       0.270870

2455825.419844            8.181315       0.270752

2455825.543935            8.207326       0.270611

2455825.668027            8.233559       0.270446

2455825.792118            8.260010       0.270258

2455825.916209            8.286673       0.270047

2455826.040301            8.313544       0.269812

2455826.164392            8.340618       0.269554

2455826.288483            8.367891       0.269273

2455826.412574            8.395358       0.268969

2455826.536666            8.423015       0.268642

2455826.660757            8.450856       0.268291

2455826.784848            8.478878       0.267918

2455826.908940            8.507075       0.267522

2455827.033031            8.535443       0.267102

2455827.157122            8.563978       0.266660

2455827.281214            8.592675       0.266195

2455827.405305            8.621530       0.265707

2455827.529396            8.650537       0.265196

2455827.653487            8.679694       0.264663

2455827.777579            8.708994       0.264108

2455827.901670            8.738434       0.263529

2455828.025761            8.768008       0.262929

2455828.149853            8.797714       0.262305

2455828.273944            8.827546       0.261660

2455828.398035            8.857501       0.260993

2455828.522126            8.887572       0.260303

2455828.646218            8.917757       0.259591

2455828.770309            8.948051       0.258858

2455828.894400            8.978450       0.258102

2455829.018492            9.008949       0.257325

2455829.142583            9.039544       0.256526

2455829.266674            9.070231       0.255706

2455829.390765            9.101005       0.254864

2455829.514857            9.131862       0.254001

2455829.638948            9.162799       0.253116

2455829.763039            9.193811       0.252211

2455829.887131            9.224893       0.251284

2455830.011222            9.256042       0.250337

2455830.135313            9.287253       0.249369

2455830.259405            9.318522       0.248380

2455830.383496            9.349846       0.247371

2455830.507587            9.381220       0.246342

2455830.631678            9.412640       0.245292

2455830.755770            9.444101       0.244222

2455830.879861            9.475601       0.243133

2455831.003952            9.507135       0.242023

2455831.128044            9.538698       0.240894

2455831.252135            9.570288       0.239746

2455831.376226            9.601899       0.238578

2455831.500317            9.633528       0.237391

2455831.624409            9.665172       0.236185

2455831.748500            9.696826       0.234960

2455831.872591            9.728486       0.233717

2455831.996683            9.760149       0.232455

2455832.120774            9.791810       0.231174

2455832.244865            9.823466       0.229876

2455832.368956            9.855113       0.228560

2455832.493048            9.886748       0.227226

2455832.617139            9.918365       0.225874

2455832.741230            9.949963       0.224505

2455832.865322            9.981536       0.223119

2455832.989413           10.013082       0.221716

2455833.113504           10.044597       0.220296

2455833.237595           10.076076       0.218859

2455833.361687           10.107517       0.217406

2455833.485778           10.138915       0.215937

2455833.609869           10.170267       0.214452

2455833.733961           10.201570       0.212951

2455833.858052           10.232820       0.211435

2455833.982143           10.264013       0.209904

2455834.106235           10.295147       0.208357

2455834.230326           10.326216       0.206796

2455834.354417           10.357219       0.205220

2455834.478508           10.388151       0.203630

2455834.602600           10.419009       0.202026

2455834.726691           10.449789       0.200408

2455834.850782           10.480490       0.198776

2455834.974874           10.511106       0.197131

2455835.098965           10.541634       0.195473

2455835.223056           10.572072       0.193803

2455835.347147           10.602416       0.192119

2455835.471239           10.632663       0.190424

2455835.595330           10.662809       0.188716

2455835.719421           10.692851       0.186997

2455835.843513           10.722787       0.185267

2455835.967604           10.752612       0.183525

2455836.091695           10.782325       0.181773

2455836.215786           10.811921       0.180010

2455836.339878           10.841398       0.178236

2455836.463969           10.870752       0.176453

2455836.588060           10.899981       0.174660

2455836.712152           10.929081       0.172858

2455836.836243           10.958050       0.171047

2455836.960334           10.986885       0.169227

2455837.084426           11.015582       0.167399

2455837.208517           11.044139       0.165563

2455837.332608           11.072553       0.163719

2455837.456699           11.100822       0.161868

2455837.580791           11.128941       0.160009

2455837.704882           11.156909       0.158144

2455837.828973           11.184723       0.156273

2455837.953065           11.212380       0.154395

2455838.077156           11.239877       0.152512

2455838.201247           11.267212       0.150624

2455838.325338           11.294382       0.148731

2455838.449430           11.321385       0.146833

2455838.573521           11.348217       0.144931

2455838.697612           11.374877       0.143025

2455838.821704           11.401362       0.141115

2455838.945795           11.427670       0.139203

2455839.069886           11.453797       0.137288

2455839.193977           11.479743       0.135370

2455839.318069           11.505503       0.133451

2455839.442160           11.531077       0.131530

2455839.566251           11.556461       0.129608

2455839.690343           11.581654       0.127685

2455839.814434           11.606653       0.125762

2455839.938525           11.631457       0.123839

2455840.062617           11.656062       0.121917

2455840.186708           11.680467       0.119995

2455840.310799           11.704670       0.118075

2455840.434890           11.728669       0.116156

2455840.558982           11.752462       0.114240

2455840.683073           11.776047       0.112327

2455840.807164           11.799423       0.110416

2455840.931256           11.822586       0.108509

2455841.055347           11.845536       0.106606

2455841.179438           11.868271       0.104707

2455841.303529           11.890788       0.102813

2455841.427621           11.913088       0.100925

2455841.551712           11.935166       0.099042

2455841.675803           11.957024       0.097166

2455841.799895           11.978658       0.095296

2455841.923986           12.000067       0.093433

2455842.048077           12.021250       0.091578

2455842.172168           12.042206       0.089731

2455842.296260           12.062932       0.087893

2455842.420351           12.083429       0.086064

2455842.544442           12.103695       0.084244

2455842.668534           12.123728       0.082434

2455842.792625           12.143528       0.080635

2455842.916716           12.163093       0.078847

2455843.040808           12.182423       0.077070

2455843.164899           12.201516       0.075305

2455843.288990           12.220372       0.073553

2455843.413081           12.238990       0.071814

2455843.537173           12.257370       0.070088

2455843.661264           12.275510       0.068377

2455843.785355           12.293410       0.066680

2455843.909447           12.311069       0.064998

2455844.033538           12.328487       0.063331

2455844.157629           12.345664       0.061681

2455844.281720           12.362599       0.060047

2455844.405812           12.379292       0.058431

2455844.529903           12.395743       0.056832

2455844.653994           12.411951       0.055251

2455844.778086           12.427917       0.053689

2455844.902177           12.443641       0.052146

2455845.026268           12.459122       0.050623

2455845.150359           12.474361       0.049121

2455845.274451           12.489359       0.047639

2455845.398542           12.504115       0.046178

2455845.522633           12.518629       0.044740

2455845.646725           12.532904       0.043324

2455845.770816           12.546938       0.041931

2455845.894907           12.560733       0.040561

2455846.018998           12.574289       0.039216

2455846.143090           12.587608       0.037895

2455846.267181           12.600690       0.036600

2455846.391272           12.613536       0.035330

2455846.515364           12.626147       0.034086

2455846.639455           12.638525       0.032869

2455846.763546           12.650672       0.031680

2455846.887638           12.662587       0.030518

2455847.011729           12.674274       0.029385

2455847.135820           12.685732       0.028280

2455847.259911           12.696966       0.027205

2455847.384003           12.707975       0.026160

2455847.508094           12.718762       0.025145

2455847.632185           12.729330       0.024161

2455847.756277           12.739680       0.023208

2455847.880368           12.749814       0.022287

2455848.004459           12.759735       0.021398

2455848.128550           12.769446       0.020541

2455848.252642           12.778949       0.019717

2455848.376733           12.788246       0.018926

2455848.500824           12.797342       0.018168

2455848.624916           12.806238       0.017443

2455848.749007           12.814938       0.016751

2455848.873098           12.823445       0.016093

2455848.997189           12.831763       0.015468

2455849.121281           12.839895       0.014876

2455849.245372           12.847844       0.014317

2455849.369463           12.855615       0.013790

2455849.493555           12.863211       0.013295

2455849.617646           12.870636       0.012831

2455849.741737           12.877894       0.012397

2455849.865829           12.884989       0.011992

2455849.989920           12.891926       0.011616

2455850.114011           12.898708       0.011267

2455850.238102           12.905340       0.010945

2455850.362194           12.911826       0.010647

2455850.486285           12.918170       0.010374

2455850.610376           12.924378       0.010122

2455850.734468           12.930452       0.009892

2455850.858559           12.936399       0.009681

2455850.982650           12.942223       0.009489

2455851.106741           12.947927       0.009314

2455851.230833           12.953516       0.009155

2455851.354924           12.958995       0.009010

2455851.479015           12.964369       0.008878

2455851.603107           12.969641       0.008759

2455851.727198           12.974816       0.008651

2455851.851289           12.979897       0.008554

2455851.975380           12.984890       0.008466

2455852.099472           12.989798       0.008386

2455852.223563           12.994625       0.008315

2455852.347654           12.999375       0.008251

2455852.471746           13.004052       0.008193

2455852.595837           13.008658       0.008142

2455852.719928           13.013197       0.008096

2455852.844020           13.017674       0.008055

2455852.968111           13.022090       0.008019

2455853.092202           13.026448       0.007987

2455853.216293           13.030752       0.007959

2455853.340385           13.035005       0.007934

2455853.464476           13.039208       0.007912

2455853.588567           13.043364       0.007893

2455853.712659           13.047476       0.007876

2455853.836750           13.051545       0.007862

2455853.960841           13.055573       0.007849

2455854.084932           13.059562       0.007838

2455854.209024           13.063512       0.007828

2455854.333115           13.067427       0.007819

2455854.457206           13.071305       0.007811

2455854.581298           13.075149       0.007804

2455854.705389           13.078959       0.007797

2455854.829480           13.082735       0.007791

2455854.953571           13.086479       0.007785

2455855.077663           13.090190       0.007779

2455855.201754           13.093869       0.007774

2455855.325845           13.097515       0.007768

2455855.449937           13.101130       0.007763

2455855.574028           13.104712       0.007758

2455855.698119           13.108262       0.007752

2455855.822211           13.111779       0.007747

2455855.946302           13.115264       0.007742

2455856.070393           13.118716       0.007737

2455856.194484           13.122134       0.007732

2455856.318576           13.125519       0.007727

2455856.442667           13.128870       0.007722

2455856.566758           13.132187       0.007717

2455856.690850           13.135470       0.007712

2455856.814941           13.138718       0.007708

2455856.939032           13.141931       0.007704

2455857.063123           13.145110       0.007700

2455857.187215           13.148252       0.007696

2455857.311306           13.151360       0.007692

2455857.435397           13.154431       0.007689

2455857.559489           13.157467       0.007686

2455857.683580           13.160468       0.007683

2455857.807671           13.163432       0.007681

2455857.931762           13.166362       0.007678

2455858.055854           13.169256       0.007676

2455858.179945           13.172115       0.007674

2455858.304036           13.174940       0.007672

2455858.428128           13.177731       0.007669

2455858.552219           13.180489       0.007667

2455858.676310           13.183213       0.007665

2455858.800402           13.185906       0.007662

2455858.924493           13.188568       0.007660

2455859.048584           13.191200       0.007657

2455859.172675           13.193802       0.007654

2455859.296767           13.196376       0.007651

2455859.420858           13.198923       0.007647

2455859.544949           13.201443       0.007644

2455859.669041           13.203939       0.007640

2455859.793132           13.206412       0.007636

2455859.917223           13.208861       0.007632

2455860.041314           13.211289       0.007629

2455860.165406           13.213697       0.007625

2455860.289497           13.216086       0.007622

2455860.413588           13.218457       0.007619

2455860.537680           13.220810       0.007616

2455860.661771           13.223148       0.007614

2455860.785862           13.225470       0.007612

2455860.909953           13.227778       0.007611

2455861.034045           13.230073       0.007610

2455861.158136           13.232355       0.007610

2455861.282227           13.234624       0.007611

2455861.406319           13.236883       0.007612

2455861.530410           13.239130       0.007613

2455861.654501           13.241368       0.007615

2455861.778592           13.243595       0.007617

2455861.902684           13.245814       0.007620

2455862.026775           13.248024       0.007623

2455862.150866           13.250226       0.007626

2455862.274958           13.252420       0.007630

2455862.399049           13.254607       0.007633

2455862.523140           13.256786       0.007637

2455862.647232           13.258958       0.007640

2455862.771323           13.261123       0.007643

2455862.895414           13.263282       0.007646

2455863.019505           13.265433       0.007648

2455863.143597           13.267578       0.007650

2455863.267688           13.269717       0.007650

2455863.391779           13.271849       0.007650

2455863.515871           13.273974       0.007649

2455863.639962           13.276094       0.007646

2455863.764053           13.278207       0.007642

2455863.888144           13.280314       0.007636

2455864.012236           13.282416       0.007628

2455864.136327           13.284512       0.007619

2455864.260418           13.286602       0.007608

2455864.384510           13.288688       0.007595

2455864.508601           13.290768       0.007579

2455864.632692           13.292844       0.007562

2455864.756783           13.294916       0.007543

2455864.880875           13.296985       0.007521

2455865.004966           13.299049       0.007498

2455865.129057           13.301111       0.007473

2455865.253149           13.303170       0.007446

2455865.377240           13.305227       0.007417

2455865.501331           13.307283       0.007387

2455865.625423           13.309338       0.007355

2455865.749514           13.311393       0.007323

2455865.873605           13.313449       0.007290

2455865.997696           13.315507       0.007257

2455866.121788           13.317568       0.007224

2455866.245879           13.319633       0.007192

2455866.369970           13.321703       0.007161

2455866.494062           13.323780       0.007133

2455866.618153           13.325864       0.007107

2455866.742244           13.327956       0.007084

2455866.866335           13.330059       0.007066

2455866.990427           13.332172       0.007052

2455867.114518           13.334298       0.007045

2455867.238609           13.336436       0.007045

2455867.362701           13.338589       0.007052

2455867.486792           13.340758       0.007068

2455867.610883           13.342943       0.007094

2455867.734974           13.345145       0.007130

2455867.859066           13.347364       0.007177

2455867.983157           13.349603       0.007235

2455868.107248           13.351861       0.007306

2455868.231340           13.354140       0.007389

2455868.355431           13.356438       0.007485

2455868.479522           13.358758       0.007593

2455868.603614           13.361099       0.007715

2455868.727705           13.363461       0.007849

2455868.851796           13.365844       0.007995

2455868.975887           13.368249       0.008153

2455869.099979           13.370675       0.008322

2455869.224070           13.373122       0.008501

2455869.348161           13.375589       0.008690

2455869.472253           13.378076       0.008889

2455869.596344           13.380582       0.009095

2455869.720435           13.383106       0.009308

2455869.844526           13.385648       0.009527

2455869.968618           13.388207       0.009752

2455870.092709           13.390782       0.009981

2455870.216800           13.393372       0.010213

2455870.340892           13.395976       0.010448

2455870.464983           13.398592       0.010684

2455870.589074           13.401221       0.010921

2455870.713165           13.403859       0.011158

2455870.837257           13.406507       0.011393

2455870.961348           13.409163       0.011627

2455871.085439           13.411825       0.011858

2455871.209531           13.414492       0.012086

2455871.333622           13.417164       0.012310

2455871.457713           13.419838       0.012530

2455871.581805           13.422513       0.012745

2455871.705896           13.425187       0.012955

2455871.829987           13.427860       0.013159

2455871.954078           13.430529       0.013357

2455872.078170           13.433194       0.013548

2455872.202261           13.435852       0.013732

2455872.326352           13.438503       0.013910

2455872.450444           13.441145       0.014080

2455872.574535           13.443775       0.014243

2455872.698626           13.446394       0.014398

2455872.822717           13.449000       0.014546

2455872.946809           13.451590       0.014686

2455873.070900           13.454164       0.014818

2455873.194991           13.456721       0.014942

2455873.319083           13.459259       0.015059

2455873.443174           13.461776       0.015168

2455873.567265           13.464272       0.015270

2455873.691356           13.466746       0.015364

2455873.815448           13.469195       0.015451

2455873.939539           13.471620       0.015530

2455874.063630           13.474018       0.015602

2455874.187722           13.476390       0.015667

2455874.311813           13.478733       0.015726

2455874.435904           13.481048       0.015778

2455874.559995           13.483333       0.015823

2455874.684087           13.485587       0.015862

2455874.808178           13.487810       0.015895

2455874.932269           13.490000       0.015923

2455875.056361           13.492158       0.015945

2455875.180452           13.494283       0.015962

2455875.304543           13.496374       0.015974

2455875.428635           13.498430       0.015981

2455875.552726           13.500451       0.015985

2455875.676817           13.502437       0.015984

2455875.800908           13.504387       0.015980

2455875.925000           13.506301       0.015973

2455876.049091           13.508179       0.015963

2455876.173182           13.510020       0.015951

2455876.297274           13.511824       0.015937

2455876.421365           13.513592       0.015921

2455876.545456           13.515324       0.015903

2455876.669547           13.517018       0.015885

2455876.793639           13.518676       0.015866

2455876.917730           13.520297       0.015847

2455877.041821           13.521882       0.015828

2455877.165913           13.523431       0.015810

2455877.290004           13.524944       0.015792

2455877.414095           13.526422       0.015775

2455877.538186           13.527865       0.015760

2455877.662278           13.529274       0.015747

2455877.786369           13.530649       0.015736

2455877.910460           13.531991       0.015727

2455878.034552           13.533301       0.015721

2455878.158643           13.534580       0.015717

2455878.282734           13.535828       0.015717

2455878.406826           13.537046       0.015719

2455878.530917           13.538236       0.015725

2455878.655008           13.539399       0.015735

2455878.779099           13.540536       0.015748

2455878.903191           13.541649       0.015765

2455879.027282           13.542738       0.015785

2455879.151373           13.543805       0.015809

2455879.275465           13.544851       0.015837

2455879.399556           13.545879       0.015868

2455879.523647           13.546890       0.015903

2455879.647738           13.547885       0.015940

2455879.771830           13.548866       0.015981

2455879.895921           13.549834       0.016025

2455880.020012           13.550792       0.016072

2455880.144104           13.551741       0.016120

2455880.268195           13.552682       0.016171

2455880.392286           13.553618       0.016224

2455880.516377           13.554550       0.016279

2455880.640469           13.555479       0.016335

2455880.764560           13.556408       0.016391

2455880.888651           13.557338       0.016449

2455881.012743           13.558270       0.016507

2455881.136834           13.559207       0.016564

2455881.260925           13.560149       0.016622

2455881.385017           13.561099       0.016679

2455881.509108           13.562057       0.016735

2455881.633199           13.563027       0.016791

2455881.757290           13.564008       0.016844

2455881.881382           13.565002       0.016896

2455882.005473           13.566011       0.016947

2455882.129564           13.567035       0.016995

2455882.253656           13.568077       0.017040

2455882.377747           13.569138       0.017083

2455882.501838           13.570217       0.017123

2455882.625929           13.571318       0.017160

2455882.750021           13.572440       0.017194

2455882.874112           13.573584       0.017224

2455882.998203           13.574752       0.017251

2455883.122295           13.575944       0.017274

2455883.246386           13.577161       0.017293

2455883.370477           13.578404       0.017307

2455883.494568           13.579673       0.017318

2455883.618660           13.580968       0.017324

2455883.742751           13.582291       0.017326

2455883.866842           13.583641       0.017323

2455883.990934           13.585019       0.017316

2455884.115025           13.586426       0.017305

2455884.239116           13.587861       0.017289

2455884.363208           13.589325       0.017269

2455884.487299           13.590818       0.017245

2455884.611390           13.592340       0.017216

2455884.735481           13.593890       0.017184

2455884.859573           13.595471       0.017148

2455884.983664           13.597080       0.017109

2455885.107755           13.598717       0.017066

2455885.231847           13.600384       0.017020

2455885.355938           13.602079       0.016972

2455885.480029           13.603803       0.016921

2455885.604120           13.605554       0.016867

2455885.728212           13.607333       0.016812

2455885.852303           13.609140       0.016756

2455885.976394           13.610973       0.016698

2455886.100486           13.612833       0.016639

2455886.224577           13.614718       0.016580

2455886.348668           13.616629       0.016521

2455886.472759           13.618564       0.016462

2455886.596851           13.620524       0.016403

2455886.720942           13.622507       0.016345

2455886.845033           13.624512       0.016288

2455886.969125           13.626540       0.016232

2455887.093216           13.628589       0.016178

2455887.217307           13.630658       0.016125

2455887.341398           13.632747       0.016074

2455887.465490           13.634854       0.016025

2455887.589581           13.636979       0.015978

2455887.713672           13.639121       0.015934

2455887.837764           13.641280       0.015891

2455887.961855           13.643453       0.015851

2455888.085946           13.645640       0.015814

2455888.210038           13.647841       0.015779

2455888.334129           13.650054       0.015746

2455888.458220           13.652278       0.015716

2455888.582311           13.654512       0.015688

2455888.706403           13.656756       0.015662

2455888.830494           13.659008       0.015638

2455888.954585           13.661267       0.015616

2455889.078677           13.663533       0.015597

2455889.202768           13.665803       0.015579

2455889.326859           13.668078       0.015563

2455889.450950           13.670356       0.015548

2455889.575042           13.672637       0.015535

2455889.699133           13.674918       0.015524

2455889.823224           13.677200       0.015514

2455889.947316           13.679480       0.015505

2455890.071407           13.681759       0.015497

2455890.195498           13.684035       0.015491

2455890.319589           13.686307       0.015485

2455890.443681           13.688575       0.015480

2455890.567772           13.690836       0.015475

2455890.691863           13.693091       0.015471

2455890.815955           13.695338       0.015468

2455890.940046           13.697576       0.015465

2455891.064137           13.699805       0.015462

2455891.188229           13.702024       0.015460

2455891.312320           13.704231       0.015457

2455891.436411           13.706426       0.015454

2455891.560502           13.708609       0.015452

2455891.684594           13.710777       0.015449

2455891.808685           13.712932       0.015446

2455891.932776           13.715071       0.015443

2455892.056868           13.717195       0.015439

2455892.180959           13.719303       0.015435

2455892.305050           13.721394       0.015431

2455892.429141           13.723468       0.015426

2455892.553233           13.725524       0.015421

2455892.677324           13.727562       0.015416

2455892.801415           13.729583       0.015410

2455892.925507           13.731584       0.015404

2455893.049598           13.733568       0.015397

2455893.173689           13.735532       0.015390

2455893.297780           13.737478       0.015382

2455893.421872           13.739405       0.015374

2455893.545963           13.741313       0.015365

2455893.670054           13.743202       0.015356

2455893.794146           13.745072       0.015347

2455893.918237           13.746924       0.015338

2455894.042328           13.748758       0.015328

2455894.166420           13.750573       0.015318

2455894.290511           13.752371       0.015308

2455894.414602           13.754150       0.015298

2455894.538693           13.755913       0.015288

2455894.662785           13.757659       0.015278

2455894.786876           13.759388       0.015268

2455894.910967           13.761101       0.015258

2455895.035059           13.762798       0.015248

2455895.159150           13.764480       0.015239

2455895.283241           13.766148       0.015230

2455895.407332           13.767801       0.015221

2455895.531424           13.769441       0.015213

2455895.655515           13.771068       0.015205

2455895.779606           13.772682       0.015198

2455895.903698           13.774285       0.015191

2455896.027789           13.775876       0.015185

2455896.151880           13.777457       0.015179

2455896.275971           13.779028       0.015175

2455896.400063           13.780591       0.015170

2455896.524154           13.782145       0.015167

2455896.648245           13.783691       0.015165

2455896.772337           13.785230       0.015163

2455896.896428           13.786763       0.015162

2455897.020519           13.788291       0.015161

2455897.144611           13.789814       0.015161

2455897.268702           13.791333       0.015162

2455897.392793           13.792849       0.015164

2455897.516884           13.794363       0.015166

2455897.640976           13.795874       0.015169

2455897.765067           13.797385       0.015172

2455897.889158           13.798895       0.015175

2455898.013250           13.800406       0.015179

2455898.137341           13.801917       0.015183

2455898.261432           13.803430       0.015188

2455898.385523           13.804944       0.015192

2455898.509615           13.806461       0.015197

2455898.633706           13.807981       0.015202

2455898.757797           13.809504       0.015207

2455898.881889           13.811031       0.015211

2455899.005980           13.812562       0.015215

2455899.130071           13.814097       0.015220

2455899.254162           13.815637       0.015224

2455899.378254           13.817182       0.015228

2455899.502345           13.818732       0.015231

2455899.626436           13.820287       0.015235

2455899.750528           13.821848       0.015238

2455899.874619           13.823414       0.015242

2455899.998710           13.824986       0.015245

2455900.122802           13.826564       0.015248

2455900.246893           13.828147       0.015252

2455900.370984           13.829736       0.015256

2455900.495075           13.831331       0.015260

2455900.619167           13.832931       0.015264

2455900.743258           13.834537       0.015269

2455900.867349           13.836148       0.015275

2455900.991441           13.837763       0.015282

2455901.115532           13.839384       0.015289

2455901.239623           13.841010       0.015298

2455901.363714           13.842640       0.015309

2455901.487806           13.844274       0.015320

2455901.611897           13.845912       0.015334

2455901.735988           13.847554       0.015350

2455901.860080           13.849200       0.015368

2455901.984171           13.850849       0.015389

2455902.108262           13.852501       0.015412

2455902.232353           13.854157       0.015438

2455902.356445           13.855815       0.015468

2455902.480536           13.857477       0.015501

2455902.604627           13.859141       0.015538

2455902.728719           13.860807       0.015578

2455902.852810           13.862476       0.015623

2455902.976901           13.864147       0.015672

2455903.100992           13.865820       0.015726

2455903.225084           13.867496       0.015785

2455903.349175           13.869173       0.015848

2455903.473266           13.870852       0.015917

2455903.597358           13.872533       0.015990

2455903.721449           13.874215       0.016069

2455903.845540           13.875898       0.016154

2455903.969632           13.877583       0.016243

2455904.093723           13.879268       0.016339

2455904.217814           13.880954       0.016440

2455904.341905           13.882641       0.016546

2455904.465997           13.884327       0.016657

2455904.590088           13.886013       0.016774

2455904.714179           13.887698       0.016896

2455904.838271           13.889382       0.017023

2455904.962362           13.891064       0.017154

2455905.086453           13.892745       0.017289

2455905.210544           13.894423       0.017429

2455905.334636           13.896097       0.017571

2455905.458727           13.897769       0.017718

2455905.582818           13.899437       0.017867

2455905.706910           13.901100       0.018018

2455905.831001           13.902758       0.018171

2455905.955092           13.904411       0.018326

2455906.079183           13.906058       0.018481

2455906.203275           13.907699       0.018637

2455906.327366           13.909333       0.018793

2455906.451457           13.910960       0.018947

2455906.575549           13.912579       0.019101

2455906.699640           13.914189       0.019253

2455906.823731           13.915791       0.019403

2455906.947823           13.917383       0.019550

2455907.071914           13.918966       0.019694

2455907.196005           13.920538       0.019834

2455907.320096           13.922100       0.019971

2455907.444188           13.923651       0.020102

2455907.568279           13.925189       0.020229

2455907.692370           13.926716       0.020351

2455907.816462           13.928230       0.020467

2455907.940553           13.929732       0.020577

2455908.064644           13.931219       0.020681

2455908.188735           13.932693       0.020779

2455908.312827           13.934153       0.020871

2455908.436918           13.935598       0.020955

2455908.561009           13.937027       0.021033

2455908.685101           13.938441       0.021105

2455908.809192           13.939839       0.021169

2455908.933283           13.941220       0.021227

2455909.057374           13.942585       0.021278

2455909.181466           13.943932       0.021322

2455909.305557           13.945262       0.021361

2455909.429648           13.946574       0.021392

2455909.553740           13.947868       0.021419

2455909.677831           13.949143       0.021439

2455909.801922           13.950399       0.021454

2455909.926014           13.951635       0.021465

2455910.050105           13.952852       0.021471

2455910.174196           13.954049       0.021474

2455910.298287           13.955226       0.021473

2455910.422379           13.956383       0.021471

2455910.546470           13.957518       0.021466

2455910.670561           13.958633       0.021461

2455910.794653           13.959726       0.021456

2455910.918744           13.960798       0.021452

2455911.042835           13.961848       0.021450

2455911.166926           13.962876       0.021452

2455911.291018           13.963882       0.021458

2455911.415109           13.964866       0.021471

2455911.539200           13.965827       0.021491

2455911.663292           13.966766       0.021520

2455911.787383           13.967682       0.021559

2455911.911474           13.968575       0.021612

2455912.035565           13.969445       0.021679

2455912.159657           13.970292       0.021762

2455912.283748           13.971115       0.021864

2455912.407839           13.971916       0.021986

2455912.531931           13.972693       0.022131

2455912.656022           13.973446       0.022301

2455912.780113           13.974176       0.022497

2455912.904205           13.974882       0.022723

2455913.028296           13.975564       0.022980

2455913.152387           13.976223       0.023271

2455913.276478           13.976858       0.023596

2455913.400570           13.977469       0.023958

2455913.524661           13.978056       0.024359

2455913.648752           13.978620       0.024800

2455913.772844           13.979159       0.025282

2455913.896935           13.979675       0.025807

2455914.021026           13.980166       0.026375

2455914.145117           13.980634       0.026987

2455914.269209           13.981078       0.027644

2455914.393300           13.981498       0.028346

