This file contains the LC params of SN2009ig in filter-B

#-----------------------------#

#-----------------------------#
Jd at maximum in B band is: 2455078.862862 +/- 0.774446
Magnitude at maximum in B band is: 13.528963 +/- 0.021524
#-----------------------------#
#-----------------------------#
JD after 15-days from B band maximum is: 2455093.862862
Magnitude after 15-days from B band maximum is: 14.260264 +/- 0.043932
Estimated value of dm15 is: 0.731300 +/- 0.048921
Secondary maximum is not applicable for this band
The magnitudes are not k-corrected
Interpolated Light Curve through GP

#-----------------------------#

  JD                 MAG           MERR

2455057.338300           19.702257       0.232589

2455057.397925           19.683683       0.230806

2455057.457550           19.665005       0.229026

2455057.517174           19.646223       0.227249

2455057.576799           19.627337       0.225475

2455057.636424           19.608347       0.223704

2455057.696049           19.589254       0.221937

2455057.755674           19.570058       0.220173

2455057.815299           19.550759       0.218412

2455057.874923           19.531357       0.216655

2455057.934548           19.511852       0.214901

2455057.994173           19.492245       0.213151

2455058.053798           19.472536       0.211404

2455058.113423           19.452725       0.209661

2455058.173048           19.432813       0.207922

2455058.232672           19.412800       0.206186

2455058.292297           19.392686       0.204455

2455058.351922           19.372471       0.202727

2455058.411547           19.352156       0.201004

2455058.471172           19.331740       0.199284

2455058.530796           19.311225       0.197569

2455058.590421           19.290611       0.195857

2455058.650046           19.269898       0.194150

2455058.709671           19.249086       0.192447

2455058.769296           19.228176       0.190749

2455058.828921           19.207168       0.189055

2455058.888545           19.186062       0.187366

2455058.948170           19.164859       0.185681

2455059.007795           19.143560       0.184000

2455059.067420           19.122164       0.182325

2455059.127045           19.100672       0.180654

2455059.186670           19.079084       0.178988

2455059.246294           19.057402       0.177327

2455059.305919           19.035624       0.175671

2455059.365544           19.013753       0.174020

2455059.425169           18.991787       0.172374

2455059.484794           18.969729       0.170733

2455059.544419           18.947577       0.169097

2455059.604043           18.925334       0.167467

2455059.663668           18.902998       0.165842

2455059.723293           18.880571       0.164222

2455059.782918           18.858053       0.162608

2455059.842543           18.835445       0.161000

2455059.902167           18.812747       0.159397

2455059.961792           18.789961       0.157800

2455060.021417           18.767085       0.156209

2455060.081042           18.744121       0.154624

2455060.140667           18.721070       0.153044

2455060.200292           18.697932       0.151471

2455060.259916           18.674708       0.149903

2455060.319541           18.651398       0.148342

2455060.379166           18.628003       0.146787

2455060.438791           18.604524       0.145238

2455060.498416           18.580961       0.143696

2455060.558041           18.557314       0.142160

2455060.617665           18.533586       0.140631

2455060.677290           18.509775       0.139108

2455060.736915           18.485884       0.137592

2455060.796540           18.461913       0.136083

2455060.856165           18.437861       0.134580

2455060.915789           18.413731       0.133084

2455060.975414           18.389523       0.131596

2455061.035039           18.365238       0.130114

2455061.094664           18.340875       0.128640

2455061.154289           18.316437       0.127172

2455061.213914           18.291925       0.125712

2455061.273538           18.267337       0.124260

2455061.333163           18.242677       0.122814

2455061.392788           18.217944       0.121377

2455061.452413           18.193139       0.119947

2455061.512038           18.168264       0.118524

2455061.571663           18.143319       0.117109

2455061.631287           18.118304       0.115703

2455061.690912           18.093222       0.114304

2455061.750537           18.068072       0.112913

2455061.810162           18.042856       0.111530

2455061.869787           18.017574       0.110155

2455061.929412           17.992229       0.108789

2455061.989036           17.966820       0.107430

2455062.048661           17.941348       0.106081

2455062.108286           17.915815       0.104739

2455062.167911           17.890222       0.103407

2455062.227536           17.864569       0.102083

2455062.287160           17.838858       0.100767

2455062.346785           17.813090       0.099461

2455062.406410           17.787266       0.098163

2455062.466035           17.761386       0.096875

2455062.525660           17.735453       0.095595

2455062.585285           17.709467       0.094325

2455062.644909           17.683429       0.093064

2455062.704534           17.657341       0.091812

2455062.764159           17.631203       0.090569

2455062.823784           17.605018       0.089337

2455062.883409           17.578785       0.088113

2455062.943034           17.552507       0.086900

2455063.002658           17.526184       0.085696

2455063.062283           17.499818       0.084502

2455063.121908           17.473410       0.083318

2455063.181533           17.446962       0.082144

2455063.241158           17.420474       0.080980

2455063.300782           17.393949       0.079826

2455063.360407           17.367386       0.078683

2455063.420032           17.340789       0.077550

2455063.479657           17.314157       0.076428

2455063.539282           17.287493       0.075316

2455063.598907           17.260799       0.074214

2455063.658531           17.234074       0.073124

2455063.718156           17.207321       0.072044

2455063.777781           17.180542       0.070976

2455063.837406           17.153738       0.069918

2455063.897031           17.126910       0.068871

2455063.956656           17.100059       0.067836

2455064.016280           17.073189       0.066812

2455064.075905           17.046299       0.065799

2455064.135530           17.019392       0.064798

2455064.195155           16.992469       0.063809

2455064.254780           16.965532       0.062831

2455064.314405           16.938582       0.061865

2455064.374029           16.911622       0.060910

2455064.433654           16.884652       0.059968

2455064.493279           16.857675       0.059038

2455064.552904           16.830693       0.058119

2455064.612529           16.803706       0.057213

2455064.672153           16.776717       0.056320

2455064.731778           16.749729       0.055438

2455064.791403           16.722741       0.054569

2455064.851028           16.695757       0.053713

2455064.910653           16.668778       0.052869

2455064.970278           16.641807       0.052038

2455065.029902           16.614844       0.051220

2455065.089527           16.587892       0.050414

2455065.149152           16.560953       0.049622

2455065.208777           16.534030       0.048842

2455065.268402           16.507123       0.048075

2455065.328027           16.480235       0.047322

2455065.387651           16.453367       0.046582

2455065.447276           16.426523       0.045855

2455065.506901           16.399705       0.045141

2455065.566526           16.372913       0.044440

2455065.626151           16.346151       0.043753

2455065.685775           16.319421       0.043080

2455065.745400           16.292724       0.042420

2455065.805025           16.266063       0.041773

2455065.864650           16.239441       0.041140

2455065.924275           16.212859       0.040520

2455065.983900           16.186319       0.039914

2455066.043524           16.159825       0.039322

2455066.103149           16.133378       0.038743

2455066.162774           16.106980       0.038177

2455066.222399           16.080635       0.037625

2455066.282024           16.054343       0.037087

2455066.341649           16.028108       0.036562

2455066.401273           16.001932       0.036051

2455066.460898           15.975817       0.035553

2455066.520523           15.949765       0.035068

2455066.580148           15.923780       0.034597

2455066.639773           15.897862       0.034139

2455066.699397           15.872016       0.033694

2455066.759022           15.846242       0.033262

2455066.818647           15.820544       0.032843

2455066.878272           15.794923       0.032437

2455066.937897           15.769383       0.032044

2455066.997522           15.743925       0.031663

2455067.057146           15.718552       0.031295

2455067.116771           15.693267       0.030939

2455067.176396           15.668071       0.030595

2455067.236021           15.642967       0.030263

2455067.295646           15.617957       0.029943

2455067.355271           15.593044       0.029635

2455067.414895           15.568231       0.029338

2455067.474520           15.543518       0.029052

2455067.534145           15.518909       0.028778

2455067.593770           15.494406       0.028514

2455067.653395           15.470012       0.028261

2455067.713020           15.445728       0.028018

2455067.772644           15.421556       0.027785

2455067.832269           15.397500       0.027562

2455067.891894           15.373560       0.027349

2455067.951519           15.349740       0.027145

2455068.011144           15.326042       0.026950

2455068.070768           15.302467       0.026765

2455068.130393           15.279017       0.026587

2455068.190018           15.255696       0.026418

2455068.249643           15.232504       0.026257

2455068.309268           15.209444       0.026104

2455068.368893           15.186518       0.025958

2455068.428517           15.163727       0.025820

2455068.488142           15.141075       0.025688

2455068.547767           15.118562       0.025563

2455068.607392           15.096190       0.025445

2455068.667017           15.073961       0.025332

2455068.726642           15.051877       0.025226

2455068.786266           15.029940       0.025125

2455068.845891           15.008152       0.025030

2455068.905516           14.986513       0.024939

2455068.965141           14.965026       0.024854

2455069.024766           14.943692       0.024773

2455069.084390           14.922512       0.024696

2455069.144015           14.901489       0.024624

2455069.203640           14.880623       0.024555

2455069.263265           14.859917       0.024491

2455069.322890           14.839370       0.024429

2455069.382515           14.818985       0.024371

2455069.442139           14.798764       0.024316

2455069.501764           14.778706       0.024264

2455069.561389           14.758813       0.024214

2455069.621014           14.739087       0.024167

2455069.680639           14.719529       0.024123

2455069.740264           14.700139       0.024080

2455069.799888           14.680918       0.024039

2455069.859513           14.661869       0.024001

2455069.919138           14.642990       0.023963

2455069.978763           14.624284       0.023928

2455070.038388           14.605752       0.023894

2455070.098013           14.587393       0.023861

2455070.157637           14.569209       0.023829

2455070.217262           14.551200       0.023798

2455070.276887           14.533367       0.023768

2455070.336512           14.515711       0.023739

2455070.396137           14.498232       0.023711

2455070.455761           14.480931       0.023683

2455070.515386           14.463808       0.023656

2455070.575011           14.446864       0.023629

2455070.634636           14.430098       0.023603

2455070.694261           14.413512       0.023577

2455070.753886           14.397105       0.023551

2455070.813510           14.380878       0.023525

2455070.873135           14.364831       0.023500

2455070.932760           14.348964       0.023474

2455070.992385           14.333278       0.023449

2455071.052010           14.317771       0.023423

2455071.111635           14.302445       0.023397

2455071.171259           14.287299       0.023371

2455071.230884           14.272333       0.023345

2455071.290509           14.257547       0.023319

2455071.350134           14.242941       0.023292

2455071.409759           14.228514       0.023266

2455071.469383           14.214267       0.023238

2455071.529008           14.200199       0.023211

2455071.588633           14.186310       0.023183

2455071.648258           14.172599       0.023155

2455071.707883           14.159066       0.023127

2455071.767508           14.145711       0.023098

2455071.827132           14.132533       0.023068

2455071.886757           14.119532       0.023039

2455071.946382           14.106707       0.023009

2455072.006007           14.094058       0.022979

2455072.065632           14.081584       0.022948

2455072.125257           14.069284       0.022917

2455072.184881           14.057158       0.022885

2455072.244506           14.045206       0.022854

2455072.304131           14.033425       0.022822

2455072.363756           14.021817       0.022789

2455072.423381           14.010379       0.022757

2455072.483006           13.999112       0.022724

2455072.542630           13.988013       0.022690

2455072.602255           13.977084       0.022657

2455072.661880           13.966322       0.022623

2455072.721505           13.955726       0.022590

2455072.781130           13.945297       0.022556

2455072.840754           13.935032       0.022522

2455072.900379           13.924931       0.022487

2455072.960004           13.914993       0.022453

2455073.019629           13.905217       0.022419

2455073.079254           13.895602       0.022384

2455073.138879           13.886147       0.022350

2455073.198503           13.876850       0.022315

2455073.258128           13.867711       0.022281

2455073.317753           13.858729       0.022246

2455073.377378           13.849902       0.022212

2455073.437003           13.841230       0.022178

2455073.496628           13.832710       0.022144

2455073.556252           13.824342       0.022110

2455073.615877           13.816126       0.022076

2455073.675502           13.808058       0.022043

2455073.735127           13.800139       0.022010

2455073.794752           13.792368       0.021977

2455073.854376           13.784742       0.021944

2455073.914001           13.777260       0.021911

2455073.973626           13.769922       0.021879

2455074.033251           13.762726       0.021848

2455074.092876           13.755670       0.021816

2455074.152501           13.748754       0.021785

2455074.212125           13.741976       0.021755

2455074.271750           13.735335       0.021725

2455074.331375           13.728829       0.021695

2455074.391000           13.722457       0.021666

2455074.450625           13.716218       0.021637

2455074.510250           13.710110       0.021609

2455074.569874           13.704133       0.021582

2455074.629499           13.698284       0.021555

2455074.689124           13.692562       0.021528

2455074.748749           13.686966       0.021503

2455074.808374           13.681494       0.021478

2455074.867998           13.676146       0.021453

2455074.927623           13.670920       0.021430

2455074.987248           13.665813       0.021407

2455075.046873           13.660826       0.021384

2455075.106498           13.655956       0.021363

2455075.166123           13.651203       0.021342

2455075.225747           13.646564       0.021322

2455075.285372           13.642039       0.021303

2455075.344997           13.637625       0.021284

2455075.404622           13.633323       0.021266

2455075.464247           13.629129       0.021249

2455075.523872           13.625043       0.021233

2455075.583496           13.621064       0.021218

2455075.643121           13.617190       0.021203

2455075.702746           13.613420       0.021189

2455075.762371           13.609752       0.021176

2455075.821996           13.606184       0.021164

2455075.881621           13.602717       0.021153

2455075.941245           13.599348       0.021142

2455076.000870           13.596076       0.021132

2455076.060495           13.592899       0.021123

2455076.120120           13.589817       0.021115

2455076.179745           13.586827       0.021108

2455076.239369           13.583930       0.021101

2455076.298994           13.581122       0.021096

2455076.358619           13.578404       0.021091

2455076.418244           13.575773       0.021086

2455076.477869           13.573229       0.021083

2455076.537494           13.570770       0.021080

2455076.597118           13.568395       0.021078

2455076.656743           13.566102       0.021077

2455076.716368           13.563891       0.021077

2455076.775993           13.561760       0.021077

2455076.835618           13.559708       0.021078

2455076.895243           13.557734       0.021080

2455076.954867           13.555836       0.021083

2455077.014492           13.554014       0.021086

2455077.074117           13.552265       0.021090

2455077.133742           13.550590       0.021095

2455077.193367           13.548987       0.021100

2455077.252991           13.547454       0.021106

2455077.312616           13.545991       0.021113

2455077.372241           13.544597       0.021120

2455077.431866           13.543270       0.021128

2455077.491491           13.542009       0.021137

2455077.551116           13.540813       0.021146

2455077.610740           13.539682       0.021156

2455077.670365           13.538613       0.021167

2455077.729990           13.537607       0.021178

2455077.789615           13.536662       0.021190

2455077.849240           13.535776       0.021203

2455077.908865           13.534950       0.021216

2455077.968489           13.534181       0.021230

2455078.028114           13.533469       0.021244

2455078.087739           13.532814       0.021260

2455078.147364           13.532213       0.021276

2455078.206989           13.531667       0.021292

2455078.266614           13.531173       0.021310

2455078.326238           13.530732       0.021328

2455078.385863           13.530342       0.021347

2455078.445488           13.530002       0.021366

2455078.505113           13.529712       0.021387

2455078.564738           13.529471       0.021407

2455078.624362           13.529277       0.021429

2455078.683987           13.529130       0.021452

2455078.743612           13.529030       0.021475

2455078.803237           13.528974       0.021499

2455078.862862           13.528963       0.021524

2455078.922487           13.528996       0.021549

2455078.982111           13.529071       0.021576

2455079.041736           13.529189       0.021603

2455079.101361           13.529348       0.021631

2455079.160986           13.529547       0.021660

2455079.220611           13.529786       0.021690

2455079.280236           13.530065       0.021720

2455079.339860           13.530381       0.021751

2455079.399485           13.530736       0.021783

2455079.459110           13.531127       0.021816

2455079.518735           13.531555       0.021850

2455079.578360           13.532019       0.021884

2455079.637984           13.532517       0.021919

2455079.697609           13.533050       0.021955

2455079.757234           13.533617       0.021992

2455079.816859           13.534218       0.022029

2455079.876484           13.534850       0.022067

2455079.936109           13.535515       0.022106

2455079.995733           13.536212       0.022146

2455080.055358           13.536939       0.022186

2455080.114983           13.537697       0.022226

2455080.174608           13.538485       0.022267

2455080.234233           13.539302       0.022309

2455080.293858           13.540148       0.022351

2455080.353482           13.541023       0.022394

2455080.413107           13.541925       0.022437

2455080.472732           13.542855       0.022480

2455080.532357           13.543813       0.022524

2455080.591982           13.544796       0.022568

2455080.651607           13.545807       0.022613

2455080.711231           13.546842       0.022657

2455080.770856           13.547904       0.022702

2455080.830481           13.548990       0.022746

2455080.890106           13.550102       0.022791

2455080.949731           13.551237       0.022836

2455081.009355           13.552397       0.022880

2455081.068980           13.553580       0.022925

2455081.128605           13.554787       0.022969

2455081.188230           13.556017       0.023013

2455081.247855           13.557269       0.023057

2455081.307480           13.558544       0.023100

2455081.367104           13.559842       0.023143

2455081.426729           13.561161       0.023186

2455081.486354           13.562502       0.023228

2455081.545979           13.563865       0.023269

2455081.605604           13.565249       0.023310

2455081.665229           13.566654       0.023350

2455081.724853           13.568079       0.023389

2455081.784478           13.569526       0.023428

2455081.844103           13.570992       0.023466

2455081.903728           13.572480       0.023503

2455081.963353           13.573987       0.023539

2455082.022977           13.575514       0.023574

2455082.082602           13.577061       0.023608

2455082.142227           13.578627       0.023641

2455082.201852           13.580213       0.023673

2455082.261477           13.581819       0.023704

2455082.321102           13.583444       0.023733

2455082.380726           13.585087       0.023762

2455082.440351           13.586750       0.023790

2455082.499976           13.588432       0.023816

2455082.559601           13.590133       0.023841

2455082.619226           13.591852       0.023865

2455082.678851           13.593590       0.023888

2455082.738475           13.595347       0.023909

2455082.798100           13.597122       0.023929

2455082.857725           13.598915       0.023948

2455082.917350           13.600727       0.023966

2455082.976975           13.602558       0.023982

2455083.036599           13.604407       0.023997

2455083.096224           13.606274       0.024011

2455083.155849           13.608159       0.024024

2455083.215474           13.610063       0.024036

2455083.275099           13.611985       0.024046

2455083.334724           13.613925       0.024056

2455083.394348           13.615883       0.024064

2455083.453973           13.617860       0.024071

2455083.513598           13.619854       0.024077

2455083.573223           13.621867       0.024082

2455083.632848           13.623898       0.024086

2455083.692473           13.625948       0.024089

2455083.752097           13.628015       0.024091

2455083.811722           13.630101       0.024092

2455083.871347           13.632205       0.024092

2455083.930972           13.634327       0.024092

2455083.990597           13.636468       0.024091

2455084.050222           13.638627       0.024089

2455084.109846           13.640804       0.024086

2455084.169471           13.643000       0.024083

2455084.229096           13.645214       0.024080

2455084.288721           13.647447       0.024076

2455084.348346           13.649698       0.024072

2455084.407970           13.651968       0.024067

2455084.467595           13.654256       0.024062

2455084.527220           13.656563       0.024057

2455084.586845           13.658889       0.024052

2455084.646470           13.661234       0.024047

2455084.706095           13.663597       0.024042

2455084.765719           13.665979       0.024037

2455084.825344           13.668380       0.024033

2455084.884969           13.670800       0.024028

2455084.944594           13.673239       0.024024

2455085.004219           13.675697       0.024020

2455085.063844           13.678174       0.024017

2455085.123468           13.680670       0.024014

2455085.183093           13.683185       0.024012

2455085.242718           13.685720       0.024011

2455085.302343           13.688274       0.024011

2455085.361968           13.690847       0.024011

2455085.421592           13.693440       0.024013

2455085.481217           13.696052       0.024016

2455085.540842           13.698683       0.024020

2455085.600467           13.701335       0.024025

2455085.660092           13.704006       0.024031

2455085.719717           13.706696       0.024039

2455085.779341           13.709406       0.024049

2455085.838966           13.712136       0.024060

2455085.898591           13.714886       0.024073

2455085.958216           13.717656       0.024088

2455086.017841           13.720445       0.024104

2455086.077466           13.723255       0.024123

2455086.137090           13.726085       0.024144

2455086.196715           13.728934       0.024167

2455086.256340           13.731804       0.024192

2455086.315965           13.734694       0.024220

2455086.375590           13.737605       0.024250

2455086.435215           13.740535       0.024283

2455086.494839           13.743486       0.024318

2455086.554464           13.746457       0.024356

2455086.614089           13.749449       0.024397

2455086.673714           13.752461       0.024441

2455086.733339           13.755493       0.024487

2455086.792963           13.758546       0.024537

2455086.852588           13.761619       0.024590

2455086.912213           13.764714       0.024646

2455086.971838           13.767828       0.024705

2455087.031463           13.770963       0.024768

2455087.091088           13.774119       0.024833

2455087.150712           13.777296       0.024903

2455087.210337           13.780493       0.024975

2455087.269962           13.783711       0.025051

2455087.329587           13.786950       0.025131

2455087.389212           13.790209       0.025214

2455087.448837           13.793490       0.025301

2455087.508461           13.796791       0.025392

2455087.568086           13.800113       0.025486

2455087.627711           13.803455       0.025584

2455087.687336           13.806819       0.025686

2455087.746961           13.810203       0.025791

2455087.806585           13.813609       0.025900

2455087.866210           13.817035       0.026013

2455087.925835           13.820481       0.026129

2455087.985460           13.823949       0.026250

2455088.045085           13.827438       0.026374

2455088.104710           13.830947       0.026502

2455088.164334           13.834477       0.026633

2455088.223959           13.838028       0.026769

2455088.283584           13.841600       0.026908

2455088.343209           13.845193       0.027050

2455088.402834           13.848806       0.027197

2455088.462459           13.852441       0.027346

2455088.522083           13.856096       0.027500

2455088.581708           13.859772       0.027657

2455088.641333           13.863468       0.027818

2455088.700958           13.867185       0.027982

2455088.760583           13.870923       0.028149

2455088.820208           13.874682       0.028320

2455088.879832           13.878461       0.028494

2455088.939457           13.882260       0.028671

2455088.999082           13.886081       0.028851

2455089.058707           13.889922       0.029035

2455089.118332           13.893783       0.029221

2455089.177956           13.897665       0.029411

2455089.237581           13.901567       0.029603

2455089.297206           13.905489       0.029798

2455089.356831           13.909432       0.029995

2455089.416456           13.913395       0.030196

2455089.476081           13.917379       0.030398

2455089.535705           13.921382       0.030604

2455089.595330           13.925406       0.030811

2455089.654955           13.929450       0.031021

2455089.714580           13.933513       0.031232

2455089.774205           13.937597       0.031446

2455089.833830           13.941701       0.031661

2455089.893454           13.945824       0.031878

2455089.953079           13.949968       0.032097

2455090.012704           13.954130       0.032317

2455090.072329           13.958313       0.032538

2455090.131954           13.962515       0.032761

2455090.191578           13.966737       0.032985

2455090.251203           13.970978       0.033210

2455090.310828           13.975238       0.033435

2455090.370453           13.979518       0.033662

2455090.430078           13.983817       0.033888

2455090.489703           13.988134       0.034116

2455090.549327           13.992471       0.034343

2455090.608952           13.996827       0.034571

2455090.668577           14.001202       0.034798

2455090.728202           14.005596       0.035026

2455090.787827           14.010008       0.035253

2455090.847452           14.014438       0.035480

2455090.907076           14.018888       0.035707

2455090.966701           14.023355       0.035933

2455091.026326           14.027841       0.036158

2455091.085951           14.032345       0.036382

2455091.145576           14.036868       0.036605

2455091.205201           14.041408       0.036827

2455091.264825           14.045966       0.037048

2455091.324450           14.050542       0.037267

2455091.384075           14.055136       0.037485

2455091.443700           14.059747       0.037701

2455091.503325           14.064375       0.037915

2455091.562949           14.069022       0.038128

2455091.622574           14.073685       0.038338

2455091.682199           14.078365       0.038547

2455091.741824           14.083063       0.038753

2455091.801449           14.087777       0.038957

2455091.861074           14.092509       0.039158

2455091.920698           14.097257       0.039357

2455091.980323           14.102021       0.039553

2455092.039948           14.106802       0.039747

2455092.099573           14.111600       0.039938

2455092.159198           14.116413       0.040125

2455092.218823           14.121243       0.040310

2455092.278447           14.126089       0.040491

2455092.338072           14.130951       0.040670

2455092.397697           14.135828       0.040845

2455092.457322           14.140721       0.041017

2455092.516947           14.145629       0.041185

2455092.576571           14.150553       0.041349

2455092.636196           14.155492       0.041511

2455092.695821           14.160446       0.041668

2455092.755446           14.165415       0.041822

2455092.815071           14.170399       0.041972

2455092.874696           14.175398       0.042118

2455092.934320           14.180411       0.042260

2455092.993945           14.185439       0.042398

2455093.053570           14.190481       0.042532

2455093.113195           14.195537       0.042662

2455093.172820           14.200608       0.042788

2455093.232445           14.205692       0.042909

2455093.292069           14.210790       0.043027

2455093.351694           14.215901       0.043140

2455093.411319           14.221027       0.043249

2455093.470944           14.226165       0.043354

2455093.530569           14.231317       0.043454

2455093.590193           14.236482       0.043550

2455093.649818           14.241659       0.043641

2455093.709443           14.246850       0.043728

2455093.769068           14.252053       0.043811

2455093.828693           14.257269       0.043889

2455093.888318           14.262497       0.043963

2455093.947942           14.267738       0.044032

2455094.007567           14.272990       0.044097

2455094.067192           14.278255       0.044158

2455094.126817           14.283531       0.044214

2455094.186442           14.288819       0.044265

2455094.246067           14.294118       0.044312

2455094.305691           14.299429       0.044355

2455094.365316           14.304752       0.044393

2455094.424941           14.310085       0.044427

2455094.484566           14.315429       0.044457

2455094.544191           14.320784       0.044482

2455094.603816           14.326150       0.044503

2455094.663440           14.331526       0.044520

2455094.723065           14.336912       0.044532

2455094.782690           14.342309       0.044540

2455094.842315           14.347716       0.044544

2455094.901940           14.353133       0.044544

2455094.961564           14.358559       0.044540

2455095.021189           14.363996       0.044532

2455095.080814           14.369441       0.044520

2455095.140439           14.374896       0.044504

2455095.200064           14.380361       0.044485

2455095.259689           14.385834       0.044461

2455095.319313           14.391316       0.044434

2455095.378938           14.396807       0.044403

2455095.438563           14.402307       0.044369

2455095.498188           14.407815       0.044331

2455095.557813           14.413331       0.044290

2455095.617438           14.418856       0.044246

2455095.677062           14.424388       0.044198

2455095.736687           14.429929       0.044147

2455095.796312           14.435477       0.044093

2455095.855937           14.441033       0.044036

2455095.915562           14.446596       0.043976

2455095.975186           14.452166       0.043914

2455096.034811           14.457744       0.043849

2455096.094436           14.463329       0.043781

2455096.154061           14.468920       0.043711

2455096.213686           14.474519       0.043638

2455096.273311           14.480124       0.043563

2455096.332935           14.485735       0.043486

2455096.392560           14.491353       0.043407

2455096.452185           14.496976       0.043327

2455096.511810           14.502606       0.043244

2455096.571435           14.508242       0.043160

2455096.631060           14.513883       0.043074

2455096.690684           14.519530       0.042986

2455096.750309           14.525183       0.042898

2455096.809934           14.530840       0.042808

2455096.869559           14.536503       0.042717

2455096.929184           14.542171       0.042625

2455096.988809           14.547844       0.042532

2455097.048433           14.553522       0.042438

2455097.108058           14.559204       0.042344

2455097.167683           14.564890       0.042250

2455097.227308           14.570582       0.042155

2455097.286933           14.576277       0.042060

2455097.346557           14.581976       0.041964

2455097.406182           14.587679       0.041869

2455097.465807           14.593386       0.041774

2455097.525432           14.599097       0.041679

2455097.585057           14.604812       0.041584

2455097.644682           14.610529       0.041490

2455097.704306           14.616250       0.041397

2455097.763931           14.621974       0.041304

2455097.823556           14.627702       0.041212

2455097.883181           14.633432       0.041121

2455097.942806           14.639165       0.041031

2455098.002431           14.644900       0.040942

2455098.062055           14.650638       0.040855

2455098.121680           14.656379       0.040769

2455098.181305           14.662121       0.040684

2455098.240930           14.667866       0.040600

2455098.300555           14.673613       0.040518

2455098.360179           14.679362       0.040438

2455098.419804           14.685113       0.040359

2455098.479429           14.690865       0.040283

2455098.539054           14.696619       0.040208

2455098.598679           14.702375       0.040135

2455098.658304           14.708131       0.040064

2455098.717928           14.713889       0.039995

2455098.777553           14.719649       0.039927

2455098.837178           14.725409       0.039862

2455098.896803           14.731170       0.039800

2455098.956428           14.736931       0.039739

2455099.016053           14.742694       0.039680

2455099.075677           14.748457       0.039624

2455099.135302           14.754221       0.039569

2455099.194927           14.759984       0.039517

2455099.254552           14.765749       0.039467

2455099.314177           14.771513       0.039419

2455099.373802           14.777277       0.039373

2455099.433426           14.783042       0.039329

2455099.493051           14.788806       0.039288

2455099.552676           14.794570       0.039248

2455099.612301           14.800334       0.039210

2455099.671926           14.806097       0.039174

2455099.731550           14.811860       0.039140

2455099.791175           14.817622       0.039108

2455099.850800           14.823384       0.039077

2455099.910425           14.829145       0.039048

2455099.970050           14.834905       0.039021

2455100.029675           14.840664       0.038995

2455100.089299           14.846422       0.038971

2455100.148924           14.852179       0.038948

2455100.208549           14.857934       0.038926

2455100.268174           14.863689       0.038906

2455100.327799           14.869442       0.038886

2455100.387424           14.875194       0.038868

2455100.447048           14.880944       0.038851

2455100.506673           14.886692       0.038834

2455100.566298           14.892439       0.038818

2455100.625923           14.898184       0.038803

2455100.685548           14.903928       0.038789

2455100.745172           14.909669       0.038775

2455100.804797           14.915408       0.038761

2455100.864422           14.921146       0.038747

2455100.924047           14.926881       0.038734

2455100.983672           14.932614       0.038721

2455101.043297           14.938345       0.038708

2455101.102921           14.944073       0.038695

2455101.162546           14.949799       0.038681

2455101.222171           14.955522       0.038668

2455101.281796           14.961243       0.038654

2455101.341421           14.966962       0.038639

2455101.401046           14.972677       0.038624

2455101.460670           14.978390       0.038608

2455101.520295           14.984100       0.038592

2455101.579920           14.989808       0.038575

2455101.639545           14.995512       0.038557

2455101.699170           15.001213       0.038538

2455101.758794           15.006911       0.038518

2455101.818419           15.012606       0.038497

2455101.878044           15.018298       0.038475

2455101.937669           15.023987       0.038452

2455101.997294           15.029672       0.038428

2455102.056919           15.035354       0.038402

2455102.116543           15.041032       0.038375

2455102.176168           15.046707       0.038346

2455102.235793           15.052378       0.038317

2455102.295418           15.058046       0.038285

2455102.355043           15.063710       0.038252

2455102.414668           15.069370       0.038218

2455102.474292           15.075027       0.038182

2455102.533917           15.080679       0.038145

2455102.593542           15.086328       0.038106

2455102.653167           15.091973       0.038065

2455102.712792           15.097613       0.038023

2455102.772417           15.103250       0.037979

2455102.832041           15.108882       0.037933

2455102.891666           15.114511       0.037886

2455102.951291           15.120135       0.037838

2455103.010916           15.125754       0.037787

2455103.070541           15.131370       0.037736

2455103.130165           15.136981       0.037682

2455103.189790           15.142587       0.037627

2455103.249415           15.148189       0.037571

2455103.309040           15.153786       0.037513

2455103.368665           15.159379       0.037454

2455103.428290           15.164967       0.037393

2455103.487914           15.170550       0.037331

2455103.547539           15.176128       0.037268

2455103.607164           15.181702       0.037203

2455103.666789           15.187271       0.037138

2455103.726414           15.192834       0.037071

2455103.786039           15.198393       0.037003

2455103.845663           15.203947       0.036935

2455103.905288           15.209495       0.036865

2455103.964913           15.215039       0.036795

2455104.024538           15.220577       0.036724

2455104.084163           15.226110       0.036653

2455104.143787           15.231637       0.036580

2455104.203412           15.237159       0.036508

2455104.263037           15.242676       0.036435

2455104.322662           15.248187       0.036362

2455104.382287           15.253693       0.036289

2455104.441912           15.259193       0.036216

2455104.501536           15.264688       0.036143

2455104.561161           15.270177       0.036070

2455104.620786           15.275660       0.035997

2455104.680411           15.281137       0.035925

2455104.740036           15.286608       0.035854

2455104.799661           15.292074       0.035783

2455104.859285           15.297533       0.035713

2455104.918910           15.302986       0.035644

2455104.978535           15.308434       0.035576

2455105.038160           15.313875       0.035509

2455105.097785           15.319310       0.035443

2455105.157410           15.324739       0.035379

2455105.217034           15.330161       0.035317

2455105.276659           15.335578       0.035256

2455105.336284           15.340987       0.035197

2455105.395909           15.346391       0.035140

2455105.455534           15.351787       0.035085

2455105.515158           15.357178       0.035032

2455105.574783           15.362561       0.034981

2455105.634408           15.367938       0.034933

2455105.694033           15.373308       0.034887

2455105.753658           15.378671       0.034844

2455105.813283           15.384028       0.034803

2455105.872907           15.389377       0.034765

2455105.932532           15.394720       0.034730

2455105.992157           15.400055       0.034699

2455106.051782           15.405384       0.034670

2455106.111407           15.410705       0.034644

2455106.171032           15.416019       0.034622

2455106.230656           15.421325       0.034603

2455106.290281           15.426625       0.034587

2455106.349906           15.431917       0.034575

2455106.409531           15.437201       0.034566

2455106.469156           15.442478       0.034561

2455106.528780           15.447747       0.034559

2455106.588405           15.453009       0.034561

2455106.648030           15.458263       0.034567

2455106.707655           15.463509       0.034576

2455106.767280           15.468747       0.034589

2455106.826905           15.473977       0.034606

2455106.886529           15.479199       0.034626

2455106.946154           15.484413       0.034650

2455107.005779           15.489619       0.034678

2455107.065404           15.494817       0.034709

2455107.125029           15.500007       0.034744

2455107.184654           15.505188       0.034782

2455107.244278           15.510360       0.034825

2455107.303903           15.515525       0.034870

2455107.363528           15.520680       0.034919

2455107.423153           15.525827       0.034972

2455107.482778           15.530965       0.035028

2455107.542403           15.536095       0.035087

2455107.602027           15.541215       0.035149

2455107.661652           15.546327       0.035215

2455107.721277           15.551429       0.035284

2455107.780902           15.556522       0.035355

2455107.840527           15.561606       0.035430

2455107.900151           15.566681       0.035507

2455107.959776           15.571747       0.035587

2455108.019401           15.576803       0.035670

2455108.079026           15.581849       0.035755

2455108.138651           15.586886       0.035842

2455108.198276           15.591913       0.035932

2455108.257900           15.596930       0.036024

2455108.317525           15.601937       0.036117

2455108.377150           15.606934       0.036213

2455108.436775           15.611921       0.036310

2455108.496400           15.616898       0.036409

2455108.556025           15.621865       0.036509

2455108.615649           15.626821       0.036611

2455108.675274           15.631767       0.036713

2455108.734899           15.636703       0.036817

2455108.794524           15.641627       0.036922

2455108.854149           15.646541       0.037027

2455108.913773           15.651444       0.037133

2455108.973398           15.656336       0.037240

2455109.033023           15.661217       0.037346

2455109.092648           15.666087       0.037453

2455109.152273           15.670945       0.037560

2455109.211898           15.675792       0.037667

2455109.271522           15.680628       0.037774

2455109.331147           15.685452       0.037880

2455109.390772           15.690264       0.037986

2455109.450397           15.695065       0.038091

2455109.510022           15.699854       0.038195

2455109.569647           15.704631       0.038299

2455109.629271           15.709395       0.038401

2455109.688896           15.714148       0.038502

2455109.748521           15.718888       0.038602

2455109.808146           15.723616       0.038701

2455109.867771           15.728331       0.038798

2455109.927395           15.733033       0.038893

2455109.987020           15.737723       0.038987

2455110.046645           15.742400       0.039078

2455110.106270           15.747064       0.039168

2455110.165895           15.751715       0.039256

2455110.225520           15.756353       0.039342

2455110.285144           15.760977       0.039425

2455110.344769           15.765588       0.039507

2455110.404394           15.770186       0.039585

2455110.464019           15.774770       0.039662

2455110.523644           15.779340       0.039736

2455110.583269           15.783897       0.039807

2455110.642893           15.788439       0.039875

2455110.702518           15.792968       0.039941

2455110.762143           15.797482       0.040004

2455110.821768           15.801982       0.040064

2455110.881393           15.806467       0.040122

2455110.941018           15.810938       0.040176

2455111.000642           15.815395       0.040227

2455111.060267           15.819837       0.040276

2455111.119892           15.824263       0.040321

2455111.179517           15.828675       0.040364

2455111.239142           15.833072       0.040403

2455111.298766           15.837454       0.040440

2455111.358391           15.841820       0.040473

2455111.418016           15.846172       0.040503

2455111.477641           15.850507       0.040531

2455111.537266           15.854827       0.040555

2455111.596891           15.859131       0.040576

2455111.656515           15.863420       0.040595

2455111.716140           15.867692       0.040610

2455111.775765           15.871949       0.040623

2455111.835390           15.876189       0.040633

2455111.895015           15.880413       0.040640

2455111.954640           15.884621       0.040644

2455112.014264           15.888812       0.040646

2455112.073889           15.892986       0.040645

2455112.133514           15.897144       0.040642

2455112.193139           15.901285       0.040636

2455112.252764           15.905410       0.040628

2455112.312388           15.909517       0.040618

2455112.372013           15.913607       0.040606

2455112.431638           15.917680       0.040592

2455112.491263           15.921736       0.040576

2455112.550888           15.925774       0.040559

2455112.610513           15.929794       0.040540

2455112.670137           15.933797       0.040519

2455112.729762           15.937783       0.040498

2455112.789387           15.941750       0.040476

2455112.849012           15.945700       0.040452

2455112.908637           15.949631       0.040428

2455112.968262           15.953545       0.040404

2455113.027886           15.957440       0.040379

2455113.087511           15.961317       0.040355

2455113.147136           15.965175       0.040330

2455113.206761           15.969015       0.040307

2455113.266386           15.972836       0.040283

2455113.326011           15.976639       0.040261

2455113.385635           15.980423       0.040240

2455113.445260           15.984188       0.040221

2455113.504885           15.987934       0.040203

2455113.564510           15.991661       0.040187

2455113.624135           15.995369       0.040174

2455113.683759           15.999058       0.040163

2455113.743384           16.002727       0.040156

2455113.803009           16.006377       0.040151

2455113.862634           16.010007       0.040150

2455113.922259           16.013618       0.040154

2455113.981884           16.017209       0.040161

2455114.041508           16.020781       0.040173

2455114.101133           16.024332       0.040191

2455114.160758           16.027864       0.040213

2455114.220383           16.031376       0.040242

2455114.280008           16.034868       0.040276

2455114.339633           16.038339       0.040317

2455114.399257           16.041791       0.040365

2455114.458882           16.045222       0.040420

2455114.518507           16.048633       0.040483

2455114.578132           16.052023       0.040554

2455114.637757           16.055393       0.040633

2455114.697381           16.058743       0.040721

2455114.757006           16.062072       0.040819

2455114.816631           16.065380       0.040926

2455114.876256           16.068667       0.041043

2455114.935881           16.071934       0.041170

2455114.995506           16.075180       0.041309

2455115.055130           16.078405       0.041458

2455115.114755           16.081608       0.041619

2455115.174380           16.084791       0.041792

2455115.234005           16.087953       0.041977

2455115.293630           16.091094       0.042175

2455115.353255           16.094213       0.042386

2455115.412879           16.097311       0.042610

2455115.472504           16.100388       0.042848

2455115.532129           16.103443       0.043100

2455115.591754           16.106477       0.043366

2455115.651379           16.109490       0.043646

2455115.711004           16.112481       0.043942

2455115.770628           16.115451       0.044252

2455115.830253           16.118398       0.044577

2455115.889878           16.121325       0.044919

2455115.949503           16.124229       0.045275

2455116.009128           16.127112       0.045648

2455116.068752           16.129973       0.046037

2455116.128377           16.132812       0.046442

2455116.188002           16.135630       0.046864

2455116.247627           16.138425       0.047302

2455116.307252           16.141199       0.047757

2455116.366877           16.143951       0.048228

2455116.426501           16.146680       0.048716

2455116.486126           16.149388       0.049222

2455116.545751           16.152074       0.049744

2455116.605376           16.154737       0.050283

2455116.665001           16.157379       0.050839

2455116.724626           16.159998       0.051412

2455116.784250           16.162595       0.052002

2455116.843875           16.165170       0.052609

2455116.903500           16.167723       0.053233

