This file contains the LC params of 2008ec in filter-V

#-----------------------------#

#-----------------------------#
Jd at maximum in V band is: 2454676.603887 +/- 0.623554
Magnitude at maximum in V band is: 15.607648 +/- 0.033457
#-----------------------------#
#-----------------------------#
JD after 15-days from V band maximum is: 2454691.603887
Magnitude after 15-days from V band maximum is: 16.404303 +/- 0.060694
Estimated value of dm15 is: 0.796654 +/- 0.069305
Secondary maximum is not applicable for this band
The magnitudes are not k-corrected
Interpolated Light Curve through GP

#-----------------------------#

  JD                 MAG           MERR

2454655.195300           17.780471       0.259479

2454655.286790           17.772340       0.257035

2454655.378279           17.764136       0.254594

2454655.469769           17.755859       0.252156

2454655.561259           17.747508       0.249723

2454655.652748           17.739084       0.247293

2454655.744238           17.730588       0.244867

2454655.835728           17.722018       0.242445

2454655.927218           17.713375       0.240028

2454656.018707           17.704660       0.237615

2454656.110197           17.695872       0.235207

2454656.201687           17.687011       0.232804

2454656.293176           17.678078       0.230406

2454656.384666           17.669072       0.228013

2454656.476156           17.659995       0.225626

2454656.567645           17.650845       0.223244

2454656.659135           17.641624       0.220868

2454656.750625           17.632331       0.218499

2454656.842114           17.622967       0.216135

2454656.933604           17.613531       0.213777

2454657.025094           17.604024       0.211427

2454657.116583           17.594447       0.209083

2454657.208073           17.584799       0.206746

2454657.299563           17.575081       0.204416

2454657.391053           17.565293       0.202093

2454657.482542           17.555435       0.199778

2454657.574032           17.545508       0.197471

2454657.665522           17.535512       0.195172

2454657.757011           17.525446       0.192881

2454657.848501           17.515313       0.190599

2454657.939991           17.505111       0.188325

2454658.031480           17.494841       0.186060

2454658.122970           17.484504       0.183804

2454658.214460           17.474100       0.181557

2454658.305949           17.463629       0.179320

2454658.397439           17.453092       0.177093

2454658.488929           17.442489       0.174875

2454658.580419           17.431821       0.172668

2454658.671908           17.421088       0.170471

2454658.763398           17.410290       0.168285

2454658.854888           17.399429       0.166110

2454658.946377           17.388504       0.163946

2454659.037867           17.377516       0.161793

2454659.129357           17.366466       0.159652

2454659.220846           17.355353       0.157523

2454659.312336           17.344180       0.155406

2454659.403826           17.332946       0.153301

2454659.495315           17.321651       0.151209

2454659.586805           17.310297       0.149130

2454659.678295           17.298885       0.147064

2454659.769784           17.287414       0.145011

2454659.861274           17.275885       0.142972

2454659.952764           17.264300       0.140947

2454660.044254           17.252658       0.138936

2454660.135743           17.240961       0.136940

2454660.227233           17.229209       0.134958

2454660.318723           17.217404       0.132991

2454660.410212           17.205545       0.131040

2454660.501702           17.193634       0.129104

2454660.593192           17.181671       0.127184

2454660.684681           17.169658       0.125280

2454660.776171           17.157595       0.123392

2454660.867661           17.145483       0.121522

2454660.959150           17.133323       0.119668

2454661.050640           17.121115       0.117831

2454661.142130           17.108862       0.116012

2454661.233620           17.096563       0.114211

2454661.325109           17.084221       0.112428

2454661.416599           17.071835       0.110664

2454661.508089           17.059407       0.108918

2454661.599578           17.046938       0.107191

2454661.691068           17.034429       0.105484

2454661.782558           17.021881       0.103797

2454661.874047           17.009295       0.102129

2454661.965537           16.996673       0.100482

2454662.057027           16.984016       0.098855

2454662.148516           16.971324       0.097249

2454662.240006           16.958599       0.095664

2454662.331496           16.945843       0.094101

2454662.422985           16.933056       0.092560

2454662.514475           16.920241       0.091041

2454662.605965           16.907397       0.089544

2454662.697455           16.894527       0.088070

2454662.788944           16.881633       0.086618

2454662.880434           16.868714       0.085190

2454662.971924           16.855774       0.083786

2454663.063413           16.842813       0.082406

2454663.154903           16.829833       0.081049

2454663.246393           16.816836       0.079717

2454663.337882           16.803822       0.078410

2454663.429372           16.790795       0.077127

2454663.520862           16.777754       0.075869

2454663.612351           16.764703       0.074637

2454663.703841           16.751642       0.073431

2454663.795331           16.738573       0.072250

2454663.886821           16.725499       0.071095

2454663.978310           16.712421       0.069966

2454664.069800           16.699340       0.068863

2454664.161290           16.686258       0.067787

2454664.252779           16.673178       0.066737

2454664.344269           16.660101       0.065714

2454664.435759           16.647029       0.064718

2454664.527248           16.633964       0.063748

2454664.618738           16.620907       0.062805

2454664.710228           16.607861       0.061889

2454664.801717           16.594828       0.061000

2454664.893207           16.581809       0.060137

2454664.984697           16.568807       0.059302

2454665.076186           16.555823       0.058493

2454665.167676           16.542859       0.057710

2454665.259166           16.529918       0.056954

2454665.350656           16.517001       0.056223

2454665.442145           16.504110       0.055519

2454665.533635           16.491247       0.054840

2454665.625125           16.478415       0.054187

2454665.716614           16.465615       0.053559

2454665.808104           16.452849       0.052955

2454665.899594           16.440120       0.052376

2454665.991083           16.427429       0.051820

2454666.082573           16.414778       0.051288

2454666.174063           16.402169       0.050779

2454666.265552           16.389604       0.050292

2454666.357042           16.377086       0.049827

2454666.448532           16.364616       0.049383

2454666.540022           16.352196       0.048960

2454666.631511           16.339828       0.048557

2454666.723001           16.327514       0.048173

2454666.814491           16.315257       0.047808

2454666.905980           16.303057       0.047462

2454666.997470           16.290917       0.047132

2454667.088960           16.278839       0.046819

2454667.180449           16.266825       0.046523

2454667.271939           16.254877       0.046241

2454667.363429           16.242996       0.045974

2454667.454918           16.231184       0.045721

2454667.546408           16.219444       0.045480

2454667.637898           16.207777       0.045253

2454667.729387           16.196185       0.045036

2454667.820877           16.184669       0.044831

2454667.912367           16.173232       0.044636

2454668.003857           16.161875       0.044450

2454668.095346           16.150600       0.044273

2454668.186836           16.139409       0.044105

2454668.278326           16.128303       0.043943

2454668.369815           16.117284       0.043789

2454668.461305           16.106353       0.043641

2454668.552795           16.095513       0.043498

2454668.644284           16.084765       0.043360

2454668.735774           16.074110       0.043227

2454668.827264           16.063550       0.043098

2454668.918753           16.053086       0.042972

2454669.010243           16.042721       0.042848

2454669.101733           16.032455       0.042727

2454669.193223           16.022290       0.042608

2454669.284712           16.012227       0.042491

2454669.376202           16.002268       0.042375

2454669.467692           15.992414       0.042259

2454669.559181           15.982666       0.042143

2454669.650671           15.973026       0.042028

2454669.742161           15.963495       0.041913

2454669.833650           15.954074       0.041796

2454669.925140           15.944765       0.041679

2454670.016630           15.935569       0.041561

2454670.108119           15.926486       0.041442

2454670.199609           15.917519       0.041321

2454670.291099           15.908668       0.041199

2454670.382588           15.899934       0.041075

2454670.474078           15.891318       0.040949

2454670.565568           15.882821       0.040821

2454670.657058           15.874445       0.040691

2454670.748547           15.866190       0.040559

2454670.840037           15.858058       0.040425

2454670.931527           15.850048       0.040289

2454671.023016           15.842163       0.040151

2454671.114506           15.834402       0.040010

2454671.205996           15.826767       0.039868

2454671.297485           15.819259       0.039724

2454671.388975           15.811878       0.039577

2454671.480465           15.804624       0.039429

2454671.571954           15.797499       0.039279

2454671.663444           15.790503       0.039127

2454671.754934           15.783637       0.038974

2454671.846424           15.776901       0.038819

2454671.937913           15.770296       0.038663

2454672.029403           15.763823       0.038506

2454672.120893           15.757481       0.038347

2454672.212382           15.751272       0.038188

2454672.303872           15.745195       0.038029

2454672.395362           15.739250       0.037869

2454672.486851           15.733439       0.037708

2454672.578341           15.727762       0.037548

2454672.669831           15.722218       0.037388

2454672.761320           15.716808       0.037227

2454672.852810           15.711532       0.037068

2454672.944300           15.706390       0.036909

2454673.035789           15.701383       0.036751

2454673.127279           15.696509       0.036594

2454673.218769           15.691770       0.036439

2454673.310259           15.687164       0.036285

2454673.401748           15.682693       0.036133

2454673.493238           15.678356       0.035983

2454673.584728           15.674152       0.035835

2454673.676217           15.670082       0.035689

2454673.767707           15.666146       0.035546

2454673.859197           15.662342       0.035406

2454673.950686           15.658672       0.035269

2454674.042176           15.655134       0.035136

2454674.133666           15.651728       0.035006

2454674.225155           15.648454       0.034879

2454674.316645           15.645311       0.034757

2454674.408135           15.642299       0.034638

2454674.499625           15.639417       0.034524

2454674.591114           15.636666       0.034415

2454674.682604           15.634044       0.034310

2454674.774094           15.631550       0.034210

2454674.865583           15.629185       0.034115

2454674.957073           15.626948       0.034025

2454675.048563           15.624837       0.033940

2454675.140052           15.622853       0.033862

2454675.231542           15.620994       0.033788

2454675.323032           15.619260       0.033721

2454675.414521           15.617651       0.033660

2454675.506011           15.616164       0.033605

2454675.597501           15.614800       0.033556

2454675.688990           15.613558       0.033513

2454675.780480           15.612437       0.033477

2454675.871970           15.611436       0.033447

2454675.963460           15.610555       0.033424

2454676.054949           15.609791       0.033408

2454676.146439           15.609145       0.033399

2454676.237929           15.608616       0.033397

2454676.329418           15.608203       0.033401

2454676.420908           15.607905       0.033413

2454676.512398           15.607720       0.033432

2454676.603887           15.607648       0.033457

2454676.695377           15.607689       0.033490

2454676.786867           15.607841       0.033530

2454676.878356           15.608102       0.033578

2454676.969846           15.608474       0.033632

2454677.061336           15.608953       0.033693

2454677.152826           15.609540       0.033762

2454677.244315           15.610232       0.033838

2454677.335805           15.611031       0.033921

2454677.427295           15.611933       0.034010

2454677.518784           15.612940       0.034107

2454677.610274           15.614048       0.034210

2454677.701764           15.615258       0.034321

2454677.793253           15.616568       0.034438

2454677.884743           15.617978       0.034562

2454677.976233           15.619486       0.034692

2454678.067722           15.621091       0.034828

2454678.159212           15.622793       0.034971

2454678.250702           15.624591       0.035120

2454678.342191           15.626482       0.035275

2454678.433681           15.628467       0.035436

2454678.525171           15.630545       0.035603

2454678.616661           15.632713       0.035775

2454678.708150           15.634973       0.035953

2454678.799640           15.637321       0.036136

2454678.891130           15.639758       0.036324

2454678.982619           15.642283       0.036517

2454679.074109           15.644893       0.036714

2454679.165599           15.647589       0.036916

2454679.257088           15.650370       0.037122

2454679.348578           15.653234       0.037333

2454679.440068           15.656180       0.037547

2454679.531557           15.659207       0.037765

2454679.623047           15.662315       0.037986

2454679.714537           15.665502       0.038211

2454679.806027           15.668768       0.038438

2454679.897516           15.672111       0.038669

2454679.989006           15.675530       0.038901

2454680.080496           15.679025       0.039137

2454680.171985           15.682594       0.039374

2454680.263475           15.686236       0.039613

2454680.354965           15.689950       0.039854

2454680.446454           15.693736       0.040096

2454680.537944           15.697592       0.040339

2454680.629434           15.701517       0.040584

2454680.720923           15.705510       0.040829

2454680.812413           15.709570       0.041074

2454680.903903           15.713697       0.041320

2454680.995392           15.717889       0.041565

2454681.086882           15.722145       0.041811

2454681.178372           15.726463       0.042056

2454681.269862           15.730844       0.042300

2454681.361351           15.735286       0.042544

2454681.452841           15.739788       0.042786

2454681.544331           15.744349       0.043027

2454681.635820           15.748968       0.043267

2454681.727310           15.753644       0.043505

2454681.818800           15.758375       0.043741

2454681.910289           15.763162       0.043975

2454682.001779           15.768002       0.044206

2454682.093269           15.772895       0.044436

2454682.184758           15.777840       0.044663

2454682.276248           15.782836       0.044887

2454682.367738           15.787882       0.045109

2454682.459228           15.792976       0.045327

2454682.550717           15.798118       0.045543

2454682.642207           15.803307       0.045755

2454682.733697           15.808541       0.045964

2454682.825186           15.813821       0.046170

2454682.916676           15.819144       0.046373

2454683.008166           15.824510       0.046572

2454683.099655           15.829917       0.046767

2454683.191145           15.835366       0.046959

2454683.282635           15.840854       0.047148

2454683.374124           15.846381       0.047332

2454683.465614           15.851946       0.047514

2454683.557104           15.857548       0.047691

2454683.648593           15.863186       0.047865

2454683.740083           15.868859       0.048036

2454683.831573           15.874565       0.048203

2454683.923063           15.880305       0.048366

2454684.014552           15.886078       0.048526

2454684.106042           15.891881       0.048683

2454684.197532           15.897715       0.048837

2454684.289021           15.903578       0.048987

2454684.380511           15.909469       0.049134

2454684.472001           15.915388       0.049278

2454684.563490           15.921334       0.049419

2454684.654980           15.927306       0.049557

2454684.746470           15.933303       0.049693

2454684.837959           15.939323       0.049826

2454684.929449           15.945367       0.049957

2454685.020939           15.951433       0.050085

2454685.112429           15.957521       0.050211

2454685.203918           15.963629       0.050336

2454685.295408           15.969757       0.050458

2454685.386898           15.975904       0.050579

2454685.478387           15.982070       0.050699

2454685.569877           15.988252       0.050817

2454685.661367           15.994452       0.050934

2454685.752856           16.000667       0.051050

2454685.844346           16.006897       0.051166

2454685.935836           16.013141       0.051280

2454686.027325           16.019399       0.051395

2454686.118815           16.025670       0.051509

2454686.210305           16.031953       0.051623

2454686.301794           16.038247       0.051737

2454686.393284           16.044552       0.051852

2454686.484774           16.050867       0.051967

2454686.576264           16.057192       0.052082

2454686.667753           16.063525       0.052199

2454686.759243           16.069866       0.052316

2454686.850733           16.076214       0.052434

2454686.942222           16.082569       0.052554

2454687.033712           16.088930       0.052675

2454687.125202           16.095296       0.052798

2454687.216691           16.101668       0.052922

2454687.308181           16.108044       0.053047

2454687.399671           16.114423       0.053175

2454687.491160           16.120806       0.053305

2454687.582650           16.127191       0.053436

2454687.674140           16.133579       0.053570

2454687.765630           16.139968       0.053706

2454687.857119           16.146358       0.053844

2454687.948609           16.152749       0.053984

2454688.040099           16.159140       0.054127

2454688.131588           16.165530       0.054272

2454688.223078           16.171920       0.054419

2454688.314568           16.178308       0.054568

2454688.406057           16.184695       0.054720

2454688.497547           16.191080       0.054874

2454688.589037           16.197461       0.055031

2454688.680526           16.203840       0.055189

2454688.772016           16.210216       0.055350

2454688.863506           16.216588       0.055513

2454688.954995           16.222956       0.055678

2454689.046485           16.229319       0.055844

2454689.137975           16.235678       0.056013

2454689.229465           16.242032       0.056183

2454689.320954           16.248380       0.056354

2454689.412444           16.254722       0.056527

2454689.503934           16.261059       0.056702

2454689.595423           16.267389       0.056877

2454689.686913           16.273712       0.057054

2454689.778403           16.280029       0.057231

2454689.869892           16.286339       0.057409

2454689.961382           16.292641       0.057588

2454690.052872           16.298935       0.057766

2454690.144361           16.305222       0.057945

2454690.235851           16.311501       0.058125

2454690.327341           16.317771       0.058304

2454690.418831           16.324033       0.058482

2454690.510320           16.330287       0.058660

2454690.601810           16.336531       0.058838

2454690.693300           16.342767       0.059015

2454690.784789           16.348993       0.059191

2454690.876279           16.355210       0.059365

2454690.967769           16.361418       0.059538

2454691.059258           16.367615       0.059710

2454691.150748           16.373803       0.059880

2454691.242238           16.379981       0.060049

2454691.333727           16.386149       0.060215

2454691.425217           16.392307       0.060380

2454691.516707           16.398455       0.060542

2454691.608196           16.404592       0.060701

2454691.699686           16.410718       0.060858

2454691.791176           16.416834       0.061013

2454691.882666           16.422940       0.061165

2454691.974155           16.429034       0.061314

2454692.065645           16.435118       0.061459

2454692.157135           16.441190       0.061602

2454692.248624           16.447252       0.061741

2454692.340114           16.453303       0.061877

2454692.431604           16.459342       0.062010

2454692.523093           16.465371       0.062139

2454692.614583           16.471388       0.062265

2454692.706073           16.477394       0.062386

2454692.797562           16.483388       0.062505

2454692.889052           16.489372       0.062619

2454692.980542           16.495343       0.062729

2454693.072032           16.501304       0.062836

2454693.163521           16.507253       0.062938

2454693.255011           16.513191       0.063037

2454693.346501           16.519117       0.063131

2454693.437990           16.525031       0.063222

2454693.529480           16.530934       0.063308

2454693.620970           16.536826       0.063390

2454693.712459           16.542706       0.063468

2454693.803949           16.548575       0.063542

2454693.895439           16.554432       0.063612

2454693.986928           16.560277       0.063678

2454694.078418           16.566112       0.063740

2454694.169908           16.571934       0.063798

2454694.261397           16.577745       0.063852

2454694.352887           16.583545       0.063902

2454694.444377           16.589333       0.063948

2454694.535867           16.595110       0.063990

2454694.627356           16.600875       0.064028

2454694.718846           16.606629       0.064063

2454694.810336           16.612371       0.064094

2454694.901825           16.618102       0.064121

2454694.993315           16.623821       0.064145

2454695.084805           16.629530       0.064166

2454695.176294           16.635226       0.064183

2454695.267784           16.640912       0.064197

2454695.359274           16.646586       0.064208

2454695.450763           16.652249       0.064216

2454695.542253           16.657901       0.064221

2454695.633743           16.663541       0.064223

2454695.725233           16.669171       0.064223

2454695.816722           16.674789       0.064220

2454695.908212           16.680396       0.064216

2454695.999702           16.685991       0.064209

2454696.091191           16.691576       0.064200

2454696.182681           16.697149       0.064190

2454696.274171           16.702712       0.064178

2454696.365660           16.708263       0.064164

2454696.457150           16.713803       0.064150

2454696.548640           16.719333       0.064135

2454696.640129           16.724851       0.064119

2454696.731619           16.730358       0.064103

2454696.823109           16.735855       0.064086

2454696.914598           16.741340       0.064070

2454697.006088           16.746814       0.064053

2454697.097578           16.752278       0.064038

2454697.189068           16.757730       0.064023

2454697.280557           16.763172       0.064009

2454697.372047           16.768602       0.063996

2454697.463537           16.774022       0.063985

2454697.555026           16.779431       0.063975

2454697.646516           16.784829       0.063968

2454697.738006           16.790216       0.063963

2454697.829495           16.795592       0.063961

2454697.920985           16.800957       0.063961

2454698.012475           16.806311       0.063965

2454698.103964           16.811654       0.063972

2454698.195454           16.816987       0.063982

2454698.286944           16.822308       0.063997

2454698.378434           16.827618       0.064016

2454698.469923           16.832917       0.064039

2454698.561413           16.838205       0.064067

2454698.652903           16.843482       0.064100

2454698.744392           16.848748       0.064138

2454698.835882           16.854003       0.064181

2454698.927372           16.859246       0.064230

2454699.018861           16.864478       0.064285

2454699.110351           16.869699       0.064346

2454699.201841           16.874909       0.064413

2454699.293330           16.880107       0.064487

2454699.384820           16.885293       0.064567

2454699.476310           16.890468       0.064654

2454699.567799           16.895631       0.064747

2454699.659289           16.900783       0.064848

2454699.750779           16.905923       0.064956

2454699.842269           16.911051       0.065071

2454699.933758           16.916166       0.065193

2454700.025248           16.921270       0.065323

2454700.116738           16.926362       0.065460

2454700.208227           16.931441       0.065605

2454700.299717           16.936509       0.065757

2454700.391207           16.941563       0.065916

2454700.482696           16.946605       0.066083

2454700.574186           16.951635       0.066258

2454700.665676           16.956652       0.066440

2454700.757165           16.961656       0.066630

2454700.848655           16.966647       0.066827

2454700.940145           16.971625       0.067031

2454701.031635           16.976589       0.067242

2454701.123124           16.981541       0.067461

2454701.214614           16.986479       0.067686

2454701.306104           16.991404       0.067919

2454701.397593           16.996316       0.068158

2454701.489083           17.001214       0.068404

2454701.580573           17.006098       0.068656

2454701.672062           17.010968       0.068915

2454701.763552           17.015825       0.069180

2454701.855042           17.020668       0.069451

2454701.946531           17.025497       0.069727

2454702.038021           17.030311       0.070009

2454702.129511           17.035112       0.070296

2454702.221001           17.039899       0.070588

2454702.312490           17.044671       0.070885

2454702.403980           17.049429       0.071187

2454702.495470           17.054173       0.071493

2454702.586959           17.058903       0.071803

2454702.678449           17.063618       0.072117

2454702.769939           17.068319       0.072434

2454702.861428           17.073006       0.072755

2454702.952918           17.077678       0.073078

2454703.044408           17.082336       0.073405

2454703.135897           17.086979       0.073733

2454703.227387           17.091608       0.074064

2454703.318877           17.096223       0.074396

2454703.410366           17.100824       0.074730

2454703.501856           17.105410       0.075066

2454703.593346           17.109982       0.075402

2454703.684836           17.114539       0.075739

2454703.776325           17.119082       0.076076

2454703.867815           17.123612       0.076413

2454703.959305           17.128126       0.076750

2454704.050794           17.132627       0.077087

2454704.142284           17.137114       0.077422

2454704.233774           17.141586       0.077757

2454704.325263           17.146045       0.078091

2454704.416753           17.150490       0.078422

2454704.508243           17.154920       0.078752

2454704.599732           17.159337       0.079080

2454704.691222           17.163740       0.079406

2454704.782712           17.168130       0.079729

2454704.874202           17.172506       0.080049

2454704.965691           17.176868       0.080366

2454705.057181           17.181217       0.080680

2454705.148671           17.185552       0.080991

2454705.240160           17.189874       0.081297

2454705.331650           17.194183       0.081600

2454705.423140           17.198479       0.081899

2454705.514629           17.202762       0.082193

2454705.606119           17.207032       0.082483

2454705.697609           17.211289       0.082768

2454705.789098           17.215533       0.083048

2454705.880588           17.219764       0.083324

2454705.972078           17.223983       0.083594

2454706.063567           17.228189       0.083859

2454706.155057           17.232384       0.084119

2454706.246547           17.236565       0.084373

2454706.338037           17.240735       0.084621

2454706.429526           17.244893       0.084864

2454706.521016           17.249038       0.085101

2454706.612506           17.253172       0.085331

2454706.703995           17.257294       0.085556

2454706.795485           17.261405       0.085775

2454706.886975           17.265504       0.085987

2454706.978464           17.269592       0.086194

2454707.069954           17.273668       0.086393

2454707.161444           17.277734       0.086587

2454707.252933           17.281788       0.086774

2454707.344423           17.285832       0.086955

2454707.435913           17.289865       0.087129

2454707.527403           17.293887       0.087297

2454707.618892           17.297899       0.087458

2454707.710382           17.301900       0.087613

2454707.801872           17.305891       0.087762

2454707.893361           17.309872       0.087904

2454707.984851           17.313843       0.088040

2454708.076341           17.317804       0.088169

2454708.167830           17.321755       0.088292

2454708.259320           17.325697       0.088409

2454708.350810           17.329629       0.088520

2454708.442299           17.333551       0.088624

2454708.533789           17.337465       0.088723

2454708.625279           17.341369       0.088815

2454708.716768           17.345265       0.088902

2454708.808258           17.349151       0.088982

2454708.899748           17.353029       0.089058

2454708.991238           17.356898       0.089127

2454709.082727           17.360759       0.089191

2454709.174217           17.364611       0.089250

2454709.265707           17.368455       0.089303

2454709.357196           17.372291       0.089352

2454709.448686           17.376119       0.089395

2454709.540176           17.379939       0.089434

2454709.631665           17.383751       0.089468

2454709.723155           17.387556       0.089498

2454709.814645           17.391353       0.089523

2454709.906134           17.395143       0.089545

2454709.997624           17.398925       0.089562

2454710.089114           17.402700       0.089575

2454710.180604           17.406469       0.089585

2454710.272093           17.410230       0.089592

2454710.363583           17.413984       0.089595

2454710.455073           17.417732       0.089595

2454710.546562           17.421473       0.089593

2454710.638052           17.425207       0.089588

2454710.729542           17.428935       0.089580

2454710.821031           17.432657       0.089570

2454710.912521           17.436373       0.089559

2454711.004011           17.440082       0.089546

2454711.095500           17.443785       0.089531

2454711.186990           17.447483       0.089515

2454711.278480           17.451175       0.089498

2454711.369969           17.454861       0.089480

2454711.461459           17.458541       0.089461

2454711.552949           17.462216       0.089443

2454711.644439           17.465885       0.089424

2454711.735928           17.469549       0.089405

2454711.827418           17.473207       0.089387

2454711.918908           17.476860       0.089370

2454712.010397           17.480508       0.089353

2454712.101887           17.484151       0.089338

2454712.193377           17.487789       0.089324

2454712.284866           17.491422       0.089311

2454712.376356           17.495050       0.089301

2454712.467846           17.498674       0.089293

2454712.559335           17.502292       0.089288

2454712.650825           17.505906       0.089285

2454712.742315           17.509515       0.089286

2454712.833805           17.513119       0.089290

2454712.925294           17.516719       0.089298

2454713.016784           17.520315       0.089309

2454713.108274           17.523906       0.089325

2454713.199763           17.527492       0.089346

2454713.291253           17.531074       0.089371

2454713.382743           17.534652       0.089402

2454713.474232           17.538226       0.089438

2454713.565722           17.541795       0.089480

2454713.657212           17.545360       0.089528

2454713.748701           17.548921       0.089583

2454713.840191           17.552478       0.089645

2454713.931681           17.556030       0.089713

2454714.023170           17.559579       0.089790

2454714.114660           17.563123       0.089874

2454714.206150           17.566664       0.089966

2454714.297640           17.570200       0.090066

2454714.389129           17.573732       0.090176

2454714.480619           17.577261       0.090294

2454714.572109           17.580785       0.090422

2454714.663598           17.584305       0.090560

2454714.755088           17.587821       0.090708

2454714.846578           17.591334       0.090866

2454714.938067           17.594842       0.091036

2454715.029557           17.598346       0.091216

2454715.121047           17.601846       0.091408

2454715.212536           17.605343       0.091611

2454715.304026           17.608835       0.091826

2454715.395516           17.612323       0.092054

2454715.487006           17.615807       0.092295

2454715.578495           17.619287       0.092548

2454715.669985           17.622763       0.092815

2454715.761475           17.626235       0.093095

2454715.852964           17.629703       0.093389

2454715.944454           17.633167       0.093697

2454716.035944           17.636626       0.094019

2454716.127433           17.640082       0.094355

2454716.218923           17.643533       0.094707

2454716.310413           17.646980       0.095073

2454716.401902           17.650422       0.095455

2454716.493392           17.653861       0.095852

2454716.584882           17.657294       0.096265

2454716.676371           17.660724       0.096693

2454716.767861           17.664149       0.097137

2454716.859351           17.667569       0.097597

2454716.950841           17.670985       0.098074

2454717.042330           17.674396       0.098566

2454717.133820           17.677802       0.099075

2454717.225310           17.681204       0.099601

2454717.316799           17.684601       0.100143

2454717.408289           17.687993       0.100702

2454717.499779           17.691380       0.101277

2454717.591268           17.694761       0.101869

2454717.682758           17.698138       0.102478

2454717.774248           17.701510       0.103104

2454717.865737           17.704877       0.103746

2454717.957227           17.708238       0.104405

2454718.048717           17.711594       0.105081

2454718.140207           17.714944       0.105774

2454718.231696           17.718289       0.106483

2454718.323186           17.721629       0.107209

2454718.414676           17.724963       0.107952

2454718.506165           17.728291       0.108711

2454718.597655           17.731613       0.109486

2454718.689145           17.734929       0.110278

2454718.780634           17.738239       0.111086

2454718.872124           17.741544       0.111910

2454718.963614           17.744842       0.112749

2454719.055103           17.748134       0.113605

2454719.146593           17.751420       0.114476

2454719.238083           17.754699       0.115363

2454719.329572           17.757972       0.116265

2454719.421062           17.761239       0.117182

2454719.512552           17.764498       0.118114

2454719.604042           17.767752       0.119061

2454719.695531           17.770998       0.120023

2454719.787021           17.774238       0.120998

2454719.878511           17.777471       0.121988

2454719.970000           17.780696       0.122992

2454720.061490           17.783915       0.124010

2454720.152980           17.787127       0.125041

2454720.244469           17.790331       0.126085

2454720.335959           17.793529       0.127142

2454720.427449           17.796719       0.128212

2454720.518938           17.799901       0.129294

2454720.610428           17.803076       0.130389

2454720.701918           17.806244       0.131495

2454720.793408           17.809404       0.132613

2454720.884897           17.812556       0.133743

2454720.976387           17.815700       0.134883

2454721.067877           17.818837       0.136034

2454721.159366           17.821966       0.137196

2454721.250856           17.825087       0.138368

2454721.342346           17.828201       0.139550

2454721.433835           17.831306       0.140741

2454721.525325           17.834403       0.141942

2454721.616815           17.837492       0.143151

2454721.708304           17.840572       0.144369

2454721.799794           17.843645       0.145596

2454721.891284           17.846709       0.146831

2454721.982773           17.849765       0.148073

2454722.074263           17.852813       0.149323

2454722.165753           17.855852       0.150580

2454722.257243           17.858883       0.151844

2454722.348732           17.861905       0.153114

2454722.440222           17.864919       0.154390

2454722.531712           17.867924       0.155673

2454722.623201           17.870920       0.156960

2454722.714691           17.873908       0.158254

2454722.806181           17.876886       0.159551

2454722.897670           17.879857       0.160854

2454722.989160           17.882818       0.162161

2454723.080650           17.885770       0.163472

2454723.172139           17.888714       0.164786

2454723.263629           17.891648       0.166104

2454723.355119           17.894574       0.167426

2454723.446609           17.897490       0.168749

2454723.538098           17.900398       0.170076

2454723.629588           17.903296       0.171404

2454723.721078           17.906185       0.172735

2454723.812567           17.909065       0.174067

2454723.904057           17.911936       0.175400

2454723.995547           17.914797       0.176734

2454724.087036           17.917649       0.178069

2454724.178526           17.920492       0.179405

2454724.270016           17.923325       0.180740

2454724.361505           17.926149       0.182076

2454724.452995           17.928964       0.183411

2454724.544485           17.931769       0.184745

2454724.635974           17.934564       0.186079

2454724.727464           17.937350       0.187411

2454724.818954           17.940126       0.188742

2454724.910444           17.942893       0.190071

2454725.001933           17.945650       0.191398

2454725.093423           17.948398       0.192722

2454725.184913           17.951135       0.194044

2454725.276402           17.953863       0.195364

2454725.367892           17.956581       0.196680

2454725.459382           17.959289       0.197993

2454725.550871           17.961988       0.199302

2454725.642361           17.964676       0.200608

2454725.733851           17.967355       0.201909

2454725.825340           17.970023       0.203206

2454725.916830           17.972682       0.204499

2454726.008320           17.975331       0.205787

2454726.099810           17.977969       0.207070

2454726.191299           17.980597       0.208347

2454726.282789           17.983216       0.209619

2454726.374279           17.985824       0.210886

2454726.465768           17.988422       0.212147

2454726.557258           17.991009       0.213401

2454726.648748           17.993587       0.214649

2454726.740237           17.996154       0.215891

2454726.831727           17.998710       0.217126

2454726.923217           18.001257       0.218354

2454727.014706           18.003793       0.219574

2454727.106196           18.006318       0.220788

2454727.197686           18.008834       0.221993

2454727.289175           18.011338       0.223191

2454727.380665           18.013832       0.224381

2454727.472155           18.016316       0.225563

2454727.563645           18.018789       0.226737

2454727.655134           18.021251       0.227902

2454727.746624           18.023702       0.229058

2454727.838114           18.026143       0.230206

2454727.929603           18.028573       0.231344

2454728.021093           18.030993       0.232473

2454728.112583           18.033401       0.233593

2454728.204072           18.035799       0.234703

2454728.295562           18.038186       0.235804

2454728.387052           18.040562       0.236894

2454728.478541           18.042927       0.237975

2454728.570031           18.045280       0.239045

2454728.661521           18.047623       0.240105

2454728.753011           18.049955       0.241154

2454728.844500           18.052276       0.242193

2454728.935990           18.054585       0.243221

2454729.027480           18.056884       0.244238

2454729.118969           18.059171       0.245244

2454729.210459           18.061447       0.246239

2454729.301949           18.063711       0.247222

2454729.393438           18.065964       0.248194

2454729.484928           18.068206       0.249154

2454729.576418           18.070437       0.250102

2454729.667907           18.072655       0.251039

2454729.759397           18.074863       0.251964

2454729.850887           18.077059       0.252876

2454729.942376           18.079243       0.253776

2454730.033866           18.081416       0.254664

2454730.125356           18.083577       0.255540

2454730.216846           18.085726       0.256403

2454730.308335           18.087863       0.257253

2454730.399825           18.089989       0.258091

2454730.491315           18.092103       0.258916

2454730.582804           18.094205       0.259728

2454730.674294           18.096295       0.260527

2454730.765784           18.098373       0.261312

2454730.857273           18.100438       0.262085

2454730.948763           18.102492       0.262844

2454731.040253           18.104534       0.263590

2454731.131742           18.106564       0.264323

2454731.223232           18.108581       0.265042

2454731.314722           18.110586       0.265748

2454731.406212           18.112579       0.266439

2454731.497701           18.114559       0.267118

2454731.589191           18.116527       0.267782

2454731.680681           18.118482       0.268433

2454731.772170           18.120425       0.269070

2454731.863660           18.122356       0.269693

2454731.955150           18.124273       0.270301

2454732.046639           18.126179       0.270896

2454732.138129           18.128071       0.271477

2454732.229619           18.129950       0.272044

2454732.321108           18.131817       0.272597

2454732.412598           18.133671       0.273135

2454732.504088           18.135512       0.273660

2454732.595577           18.137340       0.274170

2454732.687067           18.139155       0.274666

2454732.778557           18.140956       0.275148

2454732.870047           18.142745       0.275615

2454732.961536           18.144520       0.276068

2454733.053026           18.146283       0.276507

2454733.144516           18.148031       0.276932

2454733.236005           18.149767       0.277342

2454733.327495           18.151489       0.277739

2454733.418985           18.153197       0.278120

2454733.510474           18.154892       0.278488

2454733.601964           18.156573       0.278841

2454733.693454           18.158241       0.279180

2454733.784943           18.159894       0.279505

2454733.876433           18.161534       0.279816

2454733.967923           18.163161       0.280112

2454734.059413           18.164773       0.280394

2454734.150902           18.166371       0.280663

2454734.242392           18.167955       0.280917

2454734.333882           18.169525       0.281157

2454734.425371           18.171081       0.281383

2454734.516861           18.172623       0.281595

2454734.608351           18.174150       0.281793

2454734.699840           18.175663       0.281978

2454734.791330           18.177161       0.282148

2454734.882820           18.178645       0.282305

2454734.974309           18.180115       0.282448

2454735.065799           18.181569       0.282578

2454735.157289           18.183009       0.282694

2454735.248778           18.184435       0.282797

2454735.340268           18.185845       0.282886

2454735.431758           18.187241       0.282962

2454735.523248           18.188621       0.283025

2454735.614737           18.189987       0.283075

2454735.706227           18.191337       0.283112

2454735.797717           18.192672       0.283136

2454735.889206           18.193992       0.283148

2454735.980696           18.195297       0.283146

2454736.072186           18.196586       0.283132

2454736.163675           18.197860       0.283106

2454736.255165           18.199118       0.283067

2454736.346655           18.200361       0.283017

2454736.438144           18.201588       0.282954

2454736.529634           18.202799       0.282879

2454736.621124           18.203995       0.282793

2454736.712614           18.205174       0.282695

2454736.804103           18.206338       0.282586

2454736.895593           18.207485       0.282465

2454736.987083           18.208617       0.282333

2454737.078572           18.209732       0.282190

2454737.170062           18.210831       0.282037

2454737.261552           18.211914       0.281873

2454737.353041           18.212980       0.281698

2454737.444531           18.214030       0.281513

2454737.536021           18.215063       0.281318

2454737.627510           18.216079       0.281114

2454737.719000           18.217079       0.280899

2454737.810490           18.218062       0.280675

2454737.901979           18.219029       0.280442

2454737.993469           18.219978       0.280200

2454738.084959           18.220910       0.279950

2454738.176449           18.221826       0.279690

2454738.267938           18.222724       0.279423

2454738.359428           18.223605       0.279147

2454738.450918           18.224468       0.278863

2454738.542407           18.225315       0.278572

2454738.633897           18.226143       0.278274

2454738.725387           18.226955       0.277968

2454738.816876           18.227748       0.277656

2454738.908366           18.228524       0.277337

2454738.999856           18.229283       0.277011

2454739.091345           18.230023       0.276680

2454739.182835           18.230745       0.276343

2454739.274325           18.231450       0.276001

2454739.365815           18.232136       0.275654

2454739.457304           18.232805       0.275302

2454739.548794           18.233455       0.274945

2454739.640284           18.234087       0.274584

2454739.731773           18.234700       0.274220

2454739.823263           18.235295       0.273852

2454739.914753           18.235872       0.273480

2454740.006242           18.236430       0.273106

2454740.097732           18.236969       0.272730

2454740.189222           18.237490       0.272351

2454740.280711           18.237992       0.271970

2454740.372201           18.238475       0.271589

2454740.463691           18.238939       0.271206

2454740.555180           18.239384       0.270822

2454740.646670           18.239810       0.270438

2454740.738160           18.240217       0.270054

2454740.829650           18.240605       0.269671

2454740.921139           18.240973       0.269288

2454741.012629           18.241322       0.268907

2454741.104119           18.241651       0.268527

2454741.195608           18.241961       0.268150

2454741.287098           18.242252       0.267775

2454741.378588           18.242523       0.267402

2454741.470077           18.242774       0.267034

2454741.561567           18.243005       0.266668

2454741.653057           18.243217       0.266308

2454741.744546           18.243409       0.265951

2454741.836036           18.243580       0.265600

2454741.927526           18.243732       0.265254

2454742.019016           18.243864       0.264914

2454742.110505           18.243975       0.264581

2454742.201995           18.244066       0.264254

2454742.293485           18.244137       0.263935

2454742.384974           18.244188       0.263623

2454742.476464           18.244218       0.263319

2454742.567954           18.244228       0.263025

2454742.659443           18.244217       0.262739

2454742.750933           18.244186       0.262463

2454742.842423           18.244134       0.262196

2454742.933912           18.244061       0.261941

2454743.025402           18.243968       0.261696

2454743.116892           18.243854       0.261463

2454743.208381           18.243719       0.261241

2454743.299871           18.243563       0.261032

2454743.391361           18.243387       0.260836

2454743.482851           18.243189       0.260653

2454743.574340           18.242971       0.260483

2454743.665830           18.242731       0.260328

2454743.757320           18.242470       0.260188

2454743.848809           18.242188       0.260062

2454743.940299           18.241885       0.259952

2454744.031789           18.241560       0.259858

2454744.123278           18.241215       0.259780

2454744.214768           18.240848       0.259719

2454744.306258           18.240460       0.259675

2454744.397747           18.240050       0.259649

2454744.489237           18.239619       0.259641

2454744.580727           18.239167       0.259652

2454744.672217           18.238693       0.259681

2454744.763706           18.238197       0.259729

2454744.855196           18.237680       0.259797

2454744.946686           18.237142       0.259885

2454745.038175           18.236582       0.259994

2454745.129665           18.236001       0.260123

2454745.221155           18.235398       0.260273

2454745.312644           18.234773       0.260444

2454745.404134           18.234127       0.260637

2454745.495624           18.233459       0.260852

2454745.587113           18.232769       0.261090

2454745.678603           18.232058       0.261349

2454745.770093           18.231325       0.261632

2454745.861582           18.230571       0.261938

2454745.953072           18.229795       0.262267

2454746.044562           18.228997       0.262620

2454746.136052           18.228178       0.262996

2454746.227541           18.227337       0.263396

2454746.319031           18.226474       0.263821

2454746.410521           18.225590       0.264270

2454746.502010           18.224685       0.264743

2454746.593500           18.223757       0.265241

