This file contains the LC params of SN2008hv in filter-B

#-----------------------------#

#-----------------------------#
Jd at maximum in B band is: 2454817.229644 +/- 0.230642
Magnitude at maximum in B band is: 14.788433 +/- 0.023686
#-----------------------------#
#-----------------------------#
JD after 15-days from B band maximum is: 2454832.229644
Magnitude after 15-days from B band maximum is: 16.106780 +/- 0.044031
Estimated value of dm15 is: 1.318347 +/- 0.049998
Secondary maximum is not applicable for this band
The magnitudes are not k-corrected
Interpolated Light Curve through GP

#-----------------------------#

  JD                 MAG           MERR

2454797.186900           18.861245       0.262807

2454797.252614           18.848523       0.260794

2454797.318328           18.835720       0.258784

2454797.384042           18.822835       0.256777

2454797.449756           18.809870       0.254774

2454797.515470           18.796823       0.252773

2454797.581183           18.783695       0.250776

2454797.646897           18.770487       0.248783

2454797.712611           18.757198       0.246793

2454797.778325           18.743828       0.244807

2454797.844039           18.730378       0.242824

2454797.909753           18.716848       0.240845

2454797.975467           18.703238       0.238870

2454798.041181           18.689549       0.236899

2454798.106895           18.675779       0.234932

2454798.172609           18.661930       0.232969

2454798.238323           18.648003       0.231010

2454798.304037           18.633996       0.229055

2454798.369750           18.619910       0.227105

2454798.435464           18.605746       0.225159

2454798.501178           18.591503       0.223218

2454798.566892           18.577183       0.221281

2454798.632606           18.562784       0.219349

2454798.698320           18.548308       0.217422

2454798.764034           18.533755       0.215499

2454798.829748           18.519124       0.213581

2454798.895462           18.504417       0.211669

2454798.961176           18.489633       0.209761

2454799.026890           18.474774       0.207859

2454799.092604           18.459838       0.205962

2454799.158317           18.444827       0.204070

2454799.224031           18.429740       0.202183

2454799.289745           18.414579       0.200302

2454799.355459           18.399342       0.198427

2454799.421173           18.384032       0.196557

2454799.486887           18.368648       0.194693

2454799.552601           18.353190       0.192835

2454799.618315           18.337659       0.190983

2454799.684029           18.322055       0.189137

2454799.749743           18.306379       0.187297

2454799.815457           18.290631       0.185464

2454799.881170           18.274811       0.183636

2454799.946884           18.258920       0.181815

2454800.012598           18.242958       0.180001

2454800.078312           18.226926       0.178193

2454800.144026           18.210824       0.176392

2454800.209740           18.194653       0.174597

2454800.275454           18.178412       0.172810

2454800.341168           18.162103       0.171029

2454800.406882           18.145726       0.169255

2454800.472596           18.129282       0.167489

2454800.538310           18.112770       0.165729

2454800.604024           18.096192       0.163977

2454800.669737           18.079548       0.162233

2454800.735451           18.062839       0.160496

2454800.801165           18.046064       0.158767

2454800.866879           18.029226       0.157045

2454800.932593           18.012323       0.155331

2454800.998307           17.995358       0.153625

2454801.064021           17.978329       0.151927

2454801.129735           17.961239       0.150237

2454801.195449           17.944087       0.148556

2454801.261163           17.926875       0.146882

2454801.326877           17.909602       0.145217

2454801.392590           17.892270       0.143561

2454801.458304           17.874879       0.141913

2454801.524018           17.857430       0.140274

2454801.589732           17.839923       0.138643

2454801.655446           17.822360       0.137022

2454801.721160           17.804740       0.135409

2454801.786874           17.787065       0.133806

2454801.852588           17.769336       0.132212

2454801.918302           17.751553       0.130627

2454801.984016           17.733716       0.129051

2454802.049730           17.715827       0.127485

2454802.115444           17.697887       0.125928

2454802.181157           17.679896       0.124382

2454802.246871           17.661855       0.122845

2454802.312585           17.643764       0.121318

2454802.378299           17.625626       0.119800

2454802.444013           17.607440       0.118294

2454802.509727           17.589207       0.116797

2454802.575441           17.570929       0.115310

2454802.641155           17.552606       0.113834

2454802.706869           17.534239       0.112369

2454802.772583           17.515828       0.110914

2454802.838297           17.497376       0.109470

2454802.904011           17.478883       0.108036

2454802.969724           17.460350       0.106614

2454803.035438           17.441778       0.105202

2454803.101152           17.423167       0.103802

2454803.166866           17.404519       0.102413

2454803.232580           17.385835       0.101035

2454803.298294           17.367117       0.099669

2454803.364008           17.348364       0.098314

2454803.429722           17.329578       0.096971

2454803.495436           17.310760       0.095640

2454803.561150           17.291912       0.094321

2454803.626864           17.273034       0.093013

2454803.692577           17.254127       0.091718

2454803.758291           17.235193       0.090434

2454803.824005           17.216233       0.089163

2454803.889719           17.197249       0.087904

2454803.955433           17.178240       0.086658

2454804.021147           17.159209       0.085424

2454804.086861           17.140156       0.084203

2454804.152575           17.121084       0.082995

2454804.218289           17.101993       0.081799

2454804.284003           17.082884       0.080617

2454804.349717           17.063759       0.079447

2454804.415431           17.044620       0.078290

2454804.481144           17.025467       0.077147

2454804.546858           17.006302       0.076017

2454804.612572           16.987126       0.074900

2454804.678286           16.967941       0.073797

2454804.744000           16.948748       0.072707

2454804.809714           16.929549       0.071631

2454804.875428           16.910345       0.070569

2454804.941142           16.891137       0.069520

2454805.006856           16.871927       0.068486

2454805.072570           16.852717       0.067465

2454805.138284           16.833508       0.066458

2454805.203997           16.814302       0.065465

2454805.269711           16.795100       0.064487

2454805.335425           16.775904       0.063522

2454805.401139           16.756716       0.062572

2454805.466853           16.737537       0.061636

2454805.532567           16.718368       0.060715

2454805.598281           16.699212       0.059807

2454805.663995           16.680070       0.058915

2454805.729709           16.660944       0.058037

2454805.795423           16.641836       0.057173

2454805.861137           16.622747       0.056324

2454805.926851           16.603680       0.055489

2454805.992564           16.584635       0.054669

2454806.058278           16.565615       0.053864

2454806.123992           16.546622       0.053073

2454806.189706           16.527656       0.052297

2454806.255420           16.508721       0.051536

2454806.321134           16.489818       0.050789

2454806.386848           16.470949       0.050057

2454806.452562           16.452115       0.049340

2454806.518276           16.433319       0.048637

2454806.583990           16.414562       0.047949

2454806.649704           16.395846       0.047276

2454806.715418           16.377173       0.046617

2454806.781131           16.358545       0.045972

2454806.846845           16.339963       0.045343

2454806.912559           16.321430       0.044727

2454806.978273           16.302948       0.044126

2454807.043987           16.284517       0.043539

2454807.109701           16.266141       0.042967

2454807.175415           16.247821       0.042408

2454807.241129           16.229559       0.041864

2454807.306843           16.211356       0.041334

2454807.372557           16.193215       0.040817

2454807.438271           16.175137       0.040315

2454807.503984           16.157124       0.039825

2454807.569698           16.139178       0.039350

2454807.635412           16.121301       0.038887

2454807.701126           16.103495       0.038438

2454807.766840           16.085761       0.038002

2454807.832554           16.068102       0.037579

2454807.898268           16.050518       0.037168

2454807.963982           16.033012       0.036770

2454808.029696           16.015585       0.036385

2454808.095410           15.998240       0.036011

2454808.161124           15.980978       0.035649

2454808.226838           15.963800       0.035299

2454808.292551           15.946709       0.034960

2454808.358265           15.929705       0.034633

2454808.423979           15.912791       0.034316

2454808.489693           15.895969       0.034010

2454808.555407           15.879240       0.033714

2454808.621121           15.862605       0.033429

2454808.686835           15.846066       0.033153

2454808.752549           15.829625       0.032888

2454808.818263           15.813283       0.032631

2454808.883977           15.797042       0.032383

2454808.949691           15.780903       0.032145

2454809.015405           15.764867       0.031914

2454809.081118           15.748937       0.031692

2454809.146832           15.733114       0.031478

2454809.212546           15.717398       0.031271

2454809.278260           15.701792       0.031071

2454809.343974           15.686297       0.030879

2454809.409688           15.670914       0.030693

2454809.475402           15.655644       0.030514

2454809.541116           15.640489       0.030341

2454809.606830           15.625449       0.030173

2454809.672544           15.610527       0.030012

2454809.738258           15.595724       0.029855

2454809.803971           15.581039       0.029704

2454809.869685           15.566476       0.029557

2454809.935399           15.552034       0.029415

2454810.001113           15.537715       0.029278

2454810.066827           15.523519       0.029144

2454810.132541           15.509449       0.029014

2454810.198255           15.495505       0.028887

2454810.263969           15.481687       0.028764

2454810.329683           15.467997       0.028644

2454810.395397           15.454436       0.028527

2454810.461111           15.441004       0.028412

2454810.526825           15.427703       0.028300

2454810.592538           15.414533       0.028191

2454810.658252           15.401495       0.028083

2454810.723966           15.388589       0.027978

2454810.789680           15.375817       0.027874

2454810.855394           15.363179       0.027772

2454810.921108           15.350676       0.027672

2454810.986822           15.338309       0.027573

2454811.052536           15.326078       0.027475

2454811.118250           15.313983       0.027378

2454811.183964           15.302026       0.027283

2454811.249678           15.290207       0.027188

2454811.315391           15.278526       0.027095

2454811.381105           15.266984       0.027002

2454811.446819           15.255581       0.026911

2454811.512533           15.244318       0.026819

2454811.578247           15.233195       0.026729

2454811.643961           15.222212       0.026640

2454811.709675           15.211371       0.026551

2454811.775389           15.200671       0.026462

2454811.841103           15.190112       0.026375

2454811.906817           15.179695       0.026287

2454811.972531           15.169421       0.026201

2454812.038245           15.159288       0.026115

2454812.103958           15.149298       0.026030

2454812.169672           15.139451       0.025946

2454812.235386           15.129747       0.025862

2454812.301100           15.120186       0.025779

2454812.366814           15.110768       0.025697

2454812.432528           15.101493       0.025616

2454812.498242           15.092361       0.025535

2454812.563956           15.083373       0.025456

2454812.629670           15.074527       0.025378

2454812.695384           15.065826       0.025300

2454812.761098           15.057267       0.025224

2454812.826812           15.048851       0.025149

2454812.892525           15.040579       0.025075

2454812.958239           15.032450       0.025002

2454813.023953           15.024463       0.024931

2454813.089667           15.016619       0.024862

2454813.155381           15.008918       0.024793

2454813.221095           15.001358       0.024727

2454813.286809           14.993941       0.024662

2454813.352523           14.986666       0.024598

2454813.418237           14.979532       0.024537

2454813.483951           14.972539       0.024477

2454813.549665           14.965687       0.024419

2454813.615378           14.958976       0.024362

2454813.681092           14.952405       0.024308

2454813.746806           14.945973       0.024256

2454813.812520           14.939681       0.024206

2454813.878234           14.933528       0.024158

2454813.943948           14.927513       0.024111

2454814.009662           14.921636       0.024067

2454814.075376           14.915897       0.024025

2454814.141090           14.910295       0.023985

2454814.206804           14.904829       0.023948

2454814.272518           14.899499       0.023912

2454814.338232           14.894304       0.023879

2454814.403945           14.889244       0.023847

2454814.469659           14.884319       0.023818

2454814.535373           14.879526       0.023791

2454814.601087           14.874867       0.023765

2454814.666801           14.870340       0.023742

2454814.732515           14.865944       0.023721

2454814.798229           14.861679       0.023702

2454814.863943           14.857544       0.023684

2454814.929657           14.853539       0.023669

2454814.995371           14.849662       0.023655

2454815.061085           14.845913       0.023643

2454815.126798           14.842291       0.023633

2454815.192512           14.838796       0.023624

2454815.258226           14.835426       0.023616

2454815.323940           14.832181       0.023611

2454815.389654           14.829060       0.023606

2454815.455368           14.826062       0.023603

2454815.521082           14.823187       0.023601

2454815.586796           14.820433       0.023600

2454815.652510           14.817799       0.023600

2454815.718224           14.815285       0.023601

2454815.783938           14.812891       0.023603

2454815.849652           14.810614       0.023606

2454815.915365           14.808454       0.023609

2454815.981079           14.806410       0.023613

2454816.046793           14.804482       0.023617

2454816.112507           14.802668       0.023622

2454816.178221           14.800968       0.023627

2454816.243935           14.799380       0.023632

2454816.309649           14.797904       0.023638

2454816.375363           14.796539       0.023643

2454816.441077           14.795283       0.023648

2454816.506791           14.794137       0.023654

2454816.572505           14.793098       0.023659

2454816.638219           14.792166       0.023664

2454816.703932           14.791340       0.023668

2454816.769646           14.790619       0.023672

2454816.835360           14.790002       0.023676

2454816.901074           14.789489       0.023679

2454816.966788           14.789077       0.023682

2454817.032502           14.788767       0.023684

2454817.098216           14.788557       0.023686

2454817.163930           14.788446       0.023686

2454817.229644           14.788433       0.023686

2454817.295358           14.788518       0.023686

2454817.361072           14.788699       0.023684

2454817.426785           14.788975       0.023682

2454817.492499           14.789346       0.023679

2454817.558213           14.789810       0.023675

2454817.623927           14.790367       0.023671

2454817.689641           14.791015       0.023665

2454817.755355           14.791754       0.023659

2454817.821069           14.792582       0.023652

2454817.886783           14.793499       0.023644

2454817.952497           14.794504       0.023635

2454818.018211           14.795595       0.023626

2454818.083925           14.796772       0.023616

2454818.149639           14.798034       0.023605

2454818.215352           14.799379       0.023593

2454818.281066           14.800808       0.023581

2454818.346780           14.802318       0.023568

2454818.412494           14.803910       0.023555

2454818.478208           14.805582       0.023541

2454818.543922           14.807332       0.023527

2454818.609636           14.809162       0.023512

2454818.675350           14.811068       0.023497

2454818.741064           14.813052       0.023481

2454818.806778           14.815111       0.023465

2454818.872492           14.817244       0.023449

2454818.938206           14.819452       0.023433

2454819.003919           14.821732       0.023417

2454819.069633           14.824085       0.023400

2454819.135347           14.826509       0.023383

2454819.201061           14.829004       0.023367

2454819.266775           14.831568       0.023350

2454819.332489           14.834201       0.023334

2454819.398203           14.836903       0.023318

2454819.463917           14.839671       0.023302

2454819.529631           14.842506       0.023286

2454819.595345           14.845407       0.023270

2454819.661059           14.848372       0.023255

2454819.726772           14.851402       0.023240

2454819.792486           14.854495       0.023226

2454819.858200           14.857651       0.023212

2454819.923914           14.860869       0.023199

2454819.989628           14.864148       0.023186

2454820.055342           14.867487       0.023174

2454820.121056           14.870887       0.023162

2454820.186770           14.874345       0.023151

2454820.252484           14.877862       0.023141

2454820.318198           14.881437       0.023132

2454820.383912           14.885069       0.023123

2454820.449626           14.888757       0.023115

2454820.515339           14.892501       0.023108

2454820.581053           14.896301       0.023101

2454820.646767           14.900155       0.023096

2454820.712481           14.904063       0.023091

2454820.778195           14.908024       0.023088

2454820.843909           14.912038       0.023085

2454820.909623           14.916104       0.023083

2454820.975337           14.920222       0.023082

2454821.041051           14.924391       0.023082

2454821.106765           14.928610       0.023083

2454821.172479           14.932879       0.023085

2454821.238192           14.937198       0.023088

2454821.303906           14.941566       0.023092

2454821.369620           14.945981       0.023098

2454821.435334           14.950445       0.023104

2454821.501048           14.954956       0.023111

2454821.566762           14.959514       0.023120

2454821.632476           14.964118       0.023129

2454821.698190           14.968768       0.023140

2454821.763904           14.973463       0.023151

2454821.829618           14.978203       0.023164

2454821.895332           14.982988       0.023178

2454821.961046           14.987817       0.023194

2454822.026759           14.992689       0.023210

2454822.092473           14.997604       0.023228

2454822.158187           15.002562       0.023246

2454822.223901           15.007562       0.023266

2454822.289615           15.012605       0.023288

2454822.355329           15.017688       0.023310

2454822.421043           15.022813       0.023333

2454822.486757           15.027978       0.023358

2454822.552471           15.033184       0.023384

2454822.618185           15.038429       0.023411

2454822.683899           15.043714       0.023440

2454822.749613           15.049039       0.023469

2454822.815326           15.054402       0.023500

2454822.881040           15.059803       0.023532

2454822.946754           15.065243       0.023565

2454823.012468           15.070721       0.023599

2454823.078182           15.076236       0.023635

2454823.143896           15.081788       0.023671

2454823.209610           15.087377       0.023709

2454823.275324           15.093002       0.023748

2454823.341038           15.098664       0.023789

2454823.406752           15.104362       0.023830

2454823.472466           15.110095       0.023873

2454823.538179           15.115864       0.023916

2454823.603893           15.121668       0.023961

2454823.669607           15.127506       0.024007

2454823.735321           15.133379       0.024054

2454823.801035           15.139287       0.024103

2454823.866749           15.145228       0.024152

2454823.932463           15.151204       0.024203

2454823.998177           15.157212       0.024255

2454824.063891           15.163255       0.024308

2454824.129605           15.169330       0.024362

2454824.195319           15.175438       0.024417

2454824.261033           15.181578       0.024474

2454824.326746           15.187751       0.024531

2454824.392460           15.193957       0.024590

2454824.458174           15.200194       0.024650

2454824.523888           15.206463       0.024711

2454824.589602           15.212763       0.024774

2454824.655316           15.219095       0.024837

2454824.721030           15.225458       0.024902

2454824.786744           15.231852       0.024968

2454824.852458           15.238276       0.025035

2454824.918172           15.244732       0.025103

2454824.983886           15.251217       0.025173

2454825.049599           15.257733       0.025244

2454825.115313           15.264279       0.025316

2454825.181027           15.270854       0.025390

2454825.246741           15.277460       0.025465

2454825.312455           15.284094       0.025541

2454825.378169           15.290759       0.025619

2454825.443883           15.297452       0.025699

2454825.509597           15.304174       0.025779

2454825.575311           15.310925       0.025862

2454825.641025           15.317704       0.025946

2454825.706739           15.324512       0.026031

2454825.772453           15.331349       0.026118

2454825.838166           15.338213       0.026207

2454825.903880           15.345105       0.026298

2454825.969594           15.352025       0.026390

2454826.035308           15.358973       0.026484

2454826.101022           15.365948       0.026579

2454826.166736           15.372951       0.026677

2454826.232450           15.379980       0.026777

2454826.298164           15.387036       0.026878

2454826.363878           15.394120       0.026982

2454826.429592           15.401229       0.027087

2454826.495306           15.408365       0.027194

2454826.561020           15.415528       0.027304

2454826.626733           15.422716       0.027416

2454826.692447           15.429930       0.027529

2454826.758161           15.437170       0.027645

2454826.823875           15.444436       0.027764

2454826.889589           15.451726       0.027884

2454826.955303           15.459042       0.028007

2454827.021017           15.466383       0.028132

2454827.086731           15.473749       0.028259

2454827.152445           15.481139       0.028389

2454827.218159           15.488553       0.028521

2454827.283873           15.495992       0.028656

2454827.349586           15.503455       0.028793

2454827.415300           15.510941       0.028933

2454827.481014           15.518451       0.029075

2454827.546728           15.525985       0.029220

2454827.612442           15.533542       0.029368

2454827.678156           15.541121       0.029518

2454827.743870           15.548724       0.029670

2454827.809584           15.556349       0.029826

2454827.875298           15.563996       0.029983

2454827.941012           15.571665       0.030144

2454828.006726           15.579356       0.030307

2454828.072440           15.587069       0.030473

2454828.138153           15.594803       0.030642

2454828.203867           15.602559       0.030813

2454828.269581           15.610335       0.030987

2454828.335295           15.618132       0.031163

2454828.401009           15.625949       0.031342

2454828.466723           15.633787       0.031524

2454828.532437           15.641644       0.031708

2454828.598151           15.649521       0.031894

2454828.663865           15.657417       0.032084

2454828.729579           15.665333       0.032275

2454828.795293           15.673267       0.032469

2454828.861007           15.681220       0.032666

2454828.926720           15.689191       0.032865

2454828.992434           15.697180       0.033066

2454829.058148           15.705186       0.033269

2454829.123862           15.713210       0.033475

2454829.189576           15.721252       0.033682

2454829.255290           15.729310       0.033892

2454829.321004           15.737384       0.034103

2454829.386718           15.745475       0.034317

2454829.452432           15.753582       0.034533

2454829.518146           15.761704       0.034750

2454829.583860           15.769842       0.034969

2454829.649573           15.777995       0.035189

2454829.715287           15.786162       0.035411

2454829.781001           15.794344       0.035635

2454829.846715           15.802541       0.035860

2454829.912429           15.810751       0.036086

2454829.978143           15.818974       0.036313

2454830.043857           15.827211       0.036542

2454830.109571           15.835461       0.036771

2454830.175285           15.843724       0.037002

2454830.240999           15.851998       0.037233

2454830.306713           15.860285       0.037465

2454830.372427           15.868584       0.037697

2454830.438140           15.876894       0.037930

2454830.503854           15.885216       0.038163

2454830.569568           15.893548       0.038397

2454830.635282           15.901891       0.038630

2454830.700996           15.910244       0.038864

2454830.766710           15.918607       0.039098

2454830.832424           15.926980       0.039331

2454830.898138           15.935362       0.039564

2454830.963852           15.943754       0.039797

2454831.029566           15.952154       0.040029

2454831.095280           15.960563       0.040260

2454831.160993           15.968980       0.040491

2454831.226707           15.977405       0.040720

2454831.292421           15.985838       0.040949

2454831.358135           15.994278       0.041176

2454831.423849           16.002725       0.041403

2454831.489563           16.011180       0.041627

2454831.555277           16.019640       0.041851

2454831.620991           16.028107       0.042073

2454831.686705           16.036580       0.042293

2454831.752419           16.045059       0.042511

2454831.818133           16.053544       0.042727

2454831.883847           16.062033       0.042941

2454831.949560           16.070527       0.043154

2454832.015274           16.079026       0.043363

2454832.080988           16.087530       0.043571

2454832.146702           16.096037       0.043776

2454832.212416           16.104548       0.043979

2454832.278130           16.113063       0.044179

2454832.343844           16.121581       0.044376

2454832.409558           16.130102       0.044571

2454832.475272           16.138625       0.044762

2454832.540986           16.147151       0.044951

2454832.606700           16.155680       0.045136

2454832.672414           16.164210       0.045319

2454832.738127           16.172741       0.045498

2454832.803841           16.181275       0.045674

2454832.869555           16.189809       0.045847

2454832.935269           16.198344       0.046017

2454833.000983           16.206879       0.046182

2454833.066697           16.215415       0.046345

2454833.132411           16.223951       0.046504

2454833.198125           16.232487       0.046659

2454833.263839           16.241022       0.046811

2454833.329553           16.249556       0.046959

2454833.395267           16.258089       0.047103

2454833.460980           16.266621       0.047244

2454833.526694           16.275152       0.047380

2454833.592408           16.283681       0.047513

2454833.658122           16.292207       0.047642

2454833.723836           16.300731       0.047768

2454833.789550           16.309253       0.047889

2454833.855264           16.317772       0.048006

2454833.920978           16.326287       0.048120

2454833.986692           16.334800       0.048230

2454834.052406           16.343308       0.048335

2454834.118120           16.351813       0.048437

2454834.183834           16.360314       0.048535

2454834.249547           16.368810       0.048629

2454834.315261           16.377301       0.048719

2454834.380975           16.385788       0.048806

2454834.446689           16.394269       0.048888

2454834.512403           16.402745       0.048967

2454834.578117           16.411216       0.049042

2454834.643831           16.419680       0.049113

2454834.709545           16.428138       0.049180

2454834.775259           16.436590       0.049244

2454834.840973           16.445035       0.049304

2454834.906687           16.453473       0.049361

2454834.972401           16.461904       0.049414

2454835.038114           16.470327       0.049463

2454835.103828           16.478743       0.049509

2454835.169542           16.487151       0.049551

2454835.235256           16.495550       0.049590

2454835.300970           16.503941       0.049626

2454835.366684           16.512324       0.049659

2454835.432398           16.520697       0.049688

2454835.498112           16.529061       0.049715

2454835.563826           16.537416       0.049738

2454835.629540           16.545761       0.049758

2454835.695254           16.554096       0.049776

2454835.760967           16.562421       0.049790

2454835.826681           16.570735       0.049802

2454835.892395           16.579039       0.049812

2454835.958109           16.587331       0.049818

2454836.023823           16.595613       0.049822

2454836.089537           16.603883       0.049824

2454836.155251           16.612141       0.049824

2454836.220965           16.620388       0.049821

2454836.286679           16.628622       0.049816

2454836.352393           16.636844       0.049810

2454836.418107           16.645053       0.049801

2454836.483821           16.653249       0.049790

2454836.549534           16.661432       0.049778

2454836.615248           16.669602       0.049764

2454836.680962           16.677758       0.049748

2454836.746676           16.685900       0.049731

2454836.812390           16.694028       0.049712

2454836.878104           16.702142       0.049693

2454836.943818           16.710240       0.049672

2454837.009532           16.718324       0.049650

2454837.075246           16.726393       0.049626

2454837.140960           16.734447       0.049602

2454837.206674           16.742485       0.049577

2454837.272387           16.750507       0.049552

2454837.338101           16.758513       0.049526

2454837.403815           16.766502       0.049499

2454837.469529           16.774476       0.049471

2454837.535243           16.782432       0.049444

2454837.600957           16.790371       0.049415

2454837.666671           16.798293       0.049387

2454837.732385           16.806197       0.049359

2454837.798099           16.814084       0.049330

2454837.863813           16.821952       0.049301

2454837.929527           16.829802       0.049273

2454837.995241           16.837634       0.049244

2454838.060954           16.845447       0.049216

2454838.126668           16.853241       0.049188

2454838.192382           16.861015       0.049160

2454838.258096           16.868770       0.049133

2454838.323810           16.876506       0.049106

2454838.389524           16.884221       0.049079

2454838.455238           16.891917       0.049053

2454838.520952           16.899591       0.049027

2454838.586666           16.907246       0.049003

2454838.652380           16.914879       0.048978

2454838.718094           16.922491       0.048955

2454838.783808           16.930082       0.048932

2454838.849521           16.937651       0.048910

2454838.915235           16.945198       0.048889

2454838.980949           16.952724       0.048869

2454839.046663           16.960226       0.048849

2454839.112377           16.967707       0.048831

2454839.178091           16.975165       0.048813

2454839.243805           16.982599       0.048797

2454839.309519           16.990011       0.048782

2454839.375233           16.997399       0.048767

2454839.440947           17.004763       0.048754

2454839.506661           17.012104       0.048742

2454839.572374           17.019420       0.048732

2454839.638088           17.026712       0.048722

2454839.703802           17.033980       0.048714

2454839.769516           17.041223       0.048707

2454839.835230           17.048441       0.048701

2454839.900944           17.055633       0.048697

2454839.966658           17.062801       0.048694

2454840.032372           17.069943       0.048692

2454840.098086           17.077059       0.048692

2454840.163800           17.084149       0.048694

2454840.229514           17.091213       0.048697

2454840.295228           17.098250       0.048701

2454840.360941           17.105261       0.048707

2454840.426655           17.112246       0.048715

2454840.492369           17.119203       0.048725

2454840.558083           17.126133       0.048736

2454840.623797           17.133036       0.048748

2454840.689511           17.139911       0.048763

2454840.755225           17.146759       0.048779

2454840.820939           17.153579       0.048797

2454840.886653           17.160371       0.048817

2454840.952367           17.167135       0.048838

2454841.018081           17.173870       0.048862

2454841.083794           17.180577       0.048887

2454841.149508           17.187255       0.048915

2454841.215222           17.193904       0.048944

2454841.280936           17.200524       0.048975

2454841.346650           17.207115       0.049009

2454841.412364           17.213677       0.049044

2454841.478078           17.220210       0.049082

2454841.543792           17.226712       0.049121

2454841.609506           17.233185       0.049163

2454841.675220           17.239629       0.049207

2454841.740934           17.246042       0.049253

2454841.806648           17.252425       0.049302

2454841.872361           17.258778       0.049352

2454841.938075           17.265100       0.049405

2454842.003789           17.271392       0.049460

2454842.069503           17.277654       0.049517

2454842.135217           17.283884       0.049577

2454842.200931           17.290084       0.049639

2454842.266645           17.296253       0.049703

2454842.332359           17.302391       0.049770

2454842.398073           17.308498       0.049839

2454842.463787           17.314574       0.049911

2454842.529501           17.320619       0.049984

2454842.595215           17.326632       0.050060

2454842.660928           17.332614       0.050139

2454842.726642           17.338564       0.050220

2454842.792356           17.344483       0.050303

2454842.858070           17.350370       0.050389

2454842.923784           17.356226       0.050477

2454842.989498           17.362050       0.050567

2454843.055212           17.367842       0.050660

2454843.120926           17.373602       0.050755

2454843.186640           17.379330       0.050852

2454843.252354           17.385027       0.050952

2454843.318068           17.390692       0.051054

2454843.383781           17.396325       0.051158

2454843.449495           17.401925       0.051265

2454843.515209           17.407494       0.051374

2454843.580923           17.413031       0.051485

2454843.646637           17.418536       0.051598

2454843.712351           17.424009       0.051714

2454843.778065           17.429450       0.051832

2454843.843779           17.434859       0.051952

2454843.909493           17.440235       0.052074

2454843.975207           17.445580       0.052198

2454844.040921           17.450893       0.052324

2454844.106635           17.456174       0.052453

2454844.172348           17.461423       0.052583

2454844.238062           17.466640       0.052716

2454844.303776           17.471825       0.052850

2454844.369490           17.476978       0.052986

2454844.435204           17.482100       0.053125

2454844.500918           17.487189       0.053265

2454844.566632           17.492247       0.053407

2454844.632346           17.497273       0.053551

2454844.698060           17.502268       0.053697

2454844.763774           17.507230       0.053845

2454844.829488           17.512161       0.053994

2454844.895202           17.517061       0.054146

2454844.960915           17.521929       0.054298

2454845.026629           17.526766       0.054453

2454845.092343           17.531571       0.054609

2454845.158057           17.536345       0.054767

2454845.223771           17.541088       0.054926

2454845.289485           17.545800       0.055087

2454845.355199           17.550481       0.055250

2454845.420913           17.555131       0.055414

2454845.486627           17.559750       0.055579

2454845.552341           17.564338       0.055746

2454845.618055           17.568895       0.055914

2454845.683768           17.573422       0.056083

2454845.749482           17.577918       0.056254

2454845.815196           17.582384       0.056426

2454845.880910           17.586820       0.056599

2454845.946624           17.591225       0.056773

2454846.012338           17.595601       0.056949

2454846.078052           17.599946       0.057125

2454846.143766           17.604261       0.057302

2454846.209480           17.608547       0.057481

2454846.275194           17.612803       0.057660

2454846.340908           17.617029       0.057840

2454846.406622           17.621227       0.058021

2454846.472335           17.625394       0.058203

2454846.538049           17.629533       0.058385

2454846.603763           17.633643       0.058569

2454846.669477           17.637724       0.058752

2454846.735191           17.641776       0.058937

2454846.800905           17.645800       0.059121

2454846.866619           17.649795       0.059307

2454846.932333           17.653762       0.059492

2454846.998047           17.657700       0.059678

2454847.063761           17.661611       0.059865

2454847.129475           17.665494       0.060051

2454847.195188           17.669349       0.060238

2454847.260902           17.673177       0.060424

2454847.326616           17.676977       0.060611

2454847.392330           17.680750       0.060798

2454847.458044           17.684496       0.060985

2454847.523758           17.688215       0.061171

2454847.589472           17.691908       0.061358

2454847.655186           17.695574       0.061544

2454847.720900           17.699213       0.061730

2454847.786614           17.702826       0.061915

2454847.852328           17.706414       0.062100

2454847.918042           17.709975       0.062285

2454847.983755           17.713511       0.062469

2454848.049469           17.717021       0.062653

2454848.115183           17.720506       0.062836

2454848.180897           17.723965       0.063018

2454848.246611           17.727400       0.063200

2454848.312325           17.730810       0.063381

2454848.378039           17.734195       0.063561

2454848.443753           17.737556       0.063740

2454848.509467           17.740893       0.063919

2454848.575181           17.744206       0.064096

2454848.640895           17.747494       0.064273

2454848.706609           17.750759       0.064448

2454848.772322           17.754001       0.064623

2454848.838036           17.757219       0.064797

2454848.903750           17.760414       0.064969

2454848.969464           17.763587       0.065141

2454849.035178           17.766736       0.065311

2454849.100892           17.769863       0.065481

2454849.166606           17.772968       0.065649

2454849.232320           17.776050       0.065816

2454849.298034           17.779110       0.065982

2454849.363748           17.782149       0.066146

2454849.429462           17.785166       0.066310

2454849.495175           17.788162       0.066472

2454849.560889           17.791136       0.066633

2454849.626603           17.794090       0.066792

2454849.692317           17.797022       0.066951

2454849.758031           17.799934       0.067108

2454849.823745           17.802826       0.067264

2454849.889459           17.805697       0.067419

2454849.955173           17.808548       0.067572

2454850.020887           17.811380       0.067724

2454850.086601           17.814191       0.067875

2454850.152315           17.816984       0.068025

2454850.218029           17.819757       0.068174

2454850.283742           17.822510       0.068321

2454850.349456           17.825245       0.068467

2454850.415170           17.827961       0.068612

2454850.480884           17.830659       0.068756

2454850.546598           17.833338       0.068898

2454850.612312           17.835999       0.069040

2454850.678026           17.838642       0.069180

2454850.743740           17.841268       0.069320

2454850.809454           17.843875       0.069458

2454850.875168           17.846466       0.069595

2454850.940882           17.849039       0.069732

2454851.006595           17.851594       0.069867

2454851.072309           17.854133       0.070002

2454851.138023           17.856656       0.070135

2454851.203737           17.859161       0.070268

2454851.269451           17.861650       0.070399

2454851.335165           17.864124       0.070530

2454851.400879           17.866581       0.070660

2454851.466593           17.869022       0.070790

2454851.532307           17.871447       0.070918

2454851.598021           17.873857       0.071046

2454851.663735           17.876252       0.071174

2454851.729449           17.878631       0.071300

2454851.795162           17.880995       0.071426

2454851.860876           17.883345       0.071552

2454851.926590           17.885679       0.071677

2454851.992304           17.887999       0.071802

2454852.058018           17.890305       0.071926

2454852.123732           17.892596       0.072049

2454852.189446           17.894874       0.072172

2454852.255160           17.897137       0.072295

2454852.320874           17.899386       0.072418

2454852.386588           17.901622       0.072540

2454852.452302           17.903844       0.072662

2454852.518016           17.906053       0.072784

2454852.583729           17.908249       0.072905

2454852.649443           17.910431       0.073026

2454852.715157           17.912600       0.073147

2454852.780871           17.914757       0.073268

2454852.846585           17.916900       0.073389

2454852.912299           17.919031       0.073509

2454852.978013           17.921150       0.073630

2454853.043727           17.923256       0.073750

2454853.109441           17.925350       0.073871

2454853.175155           17.927431       0.073991

2454853.240869           17.929501       0.074111

2454853.306582           17.931558       0.074231

2454853.372296           17.933604       0.074351

2454853.438010           17.935638       0.074470

2454853.503724           17.937660       0.074590

2454853.569438           17.939670       0.074710

2454853.635152           17.941669       0.074829

2454853.700866           17.943657       0.074949

2454853.766580           17.945633       0.075068

2454853.832294           17.947598       0.075187

2454853.898008           17.949552       0.075306

2454853.963722           17.951494       0.075425

2454854.029436           17.953426       0.075543

2454854.095149           17.955346       0.075662

2454854.160863           17.957256       0.075780

2454854.226577           17.959154       0.075897

2454854.292291           17.961042       0.076015

2454854.358005           17.962919       0.076132

2454854.423719           17.964785       0.076248

2454854.489433           17.966641       0.076364

2454854.555147           17.968486       0.076479

2454854.620861           17.970320       0.076594

2454854.686575           17.972144       0.076708

2454854.752289           17.973957       0.076822

2454854.818003           17.975759       0.076935

2454854.883716           17.977551       0.077047

2454854.949430           17.979332       0.077158

2454855.015144           17.981103       0.077268

2454855.080858           17.982863       0.077378

2454855.146572           17.984613       0.077486

2454855.212286           17.986353       0.077594

2454855.278000           17.988082       0.077700

2454855.343714           17.989800       0.077805

2454855.409428           17.991508       0.077909

2454855.475142           17.993206       0.078011

2454855.540856           17.994893       0.078113

2454855.606569           17.996569       0.078213

2454855.672283           17.998235       0.078311

2454855.737997           17.999891       0.078408

2454855.803711           18.001536       0.078504

2454855.869425           18.003171       0.078597

2454855.935139           18.004794       0.078690

2454856.000853           18.006408       0.078780

2454856.066567           18.008010       0.078869

2454856.132281           18.009603       0.078957

2454856.197995           18.011184       0.079042

2454856.263709           18.012755       0.079126

2454856.329423           18.014314       0.079207

2454856.395136           18.015864       0.079287

2454856.460850           18.017402       0.079365

2454856.526564           18.018929       0.079442

2454856.592278           18.020446       0.079516

2454856.657992           18.021951       0.079588

2454856.723706           18.023446       0.079658

2454856.789420           18.024930       0.079727

2454856.855134           18.026402       0.079793

2454856.920848           18.027863       0.079857

2454856.986562           18.029313       0.079920

2454857.052276           18.030752       0.079980

2454857.117989           18.032180       0.080039

2454857.183703           18.033596       0.080096

2454857.249417           18.035000       0.080150

2454857.315131           18.036394       0.080203

2454857.380845           18.037775       0.080254

2454857.446559           18.039145       0.080304

2454857.512273           18.040504       0.080351

2454857.577987           18.041850       0.080397

2454857.643701           18.043185       0.080442

2454857.709415           18.044508       0.080484

2454857.775129           18.045819       0.080526

2454857.840843           18.047117       0.080566

2454857.906556           18.048404       0.080604

2454857.972270           18.049679       0.080642

2454858.037984           18.050941       0.080678

2454858.103698           18.052191       0.080713

2454858.169412           18.053428       0.080747

2454858.235126           18.054653       0.080781

2454858.300840           18.055865       0.080814

2454858.366554           18.057065       0.080846

2454858.432268           18.058252       0.080878

2454858.497982           18.059426       0.080910

2454858.563696           18.060587       0.080942

2454858.629410           18.061736       0.080973

2454858.695123           18.062871       0.081005

2454858.760837           18.063993       0.081038

2454858.826551           18.065101       0.081071

2454858.892265           18.066197       0.081105

2454858.957979           18.067278       0.081140

2454859.023693           18.068347       0.081177

2454859.089407           18.069402       0.081214

2454859.155121           18.070443       0.081254

2454859.220835           18.071470       0.081295

2454859.286549           18.072483       0.081339

2454859.352263           18.073483       0.081385

2454859.417976           18.074468       0.081434

2454859.483690           18.075439       0.081486

2454859.549404           18.076396       0.081541

2454859.615118           18.077339       0.081600

2454859.680832           18.078267       0.081662

2454859.746546           18.079181       0.081729

2454859.812260           18.080080       0.081800

2454859.877974           18.080964       0.081876

2454859.943688           18.081834       0.081957

2454860.009402           18.082689       0.082043

2454860.075116           18.083529       0.082135

2454860.140830           18.084353       0.082234

2454860.206543           18.085163       0.082338

2454860.272257           18.085957       0.082449

2454860.337971           18.086736       0.082568

2454860.403685           18.087500       0.082694

2454860.469399           18.088248       0.082828

2454860.535113           18.088980       0.082970

2454860.600827           18.089697       0.083120

2454860.666541           18.090398       0.083280

2454860.732255           18.091083       0.083448

2454860.797969           18.091752       0.083627

2454860.863683           18.092405       0.083815

2454860.929396           18.093042       0.084014

2454860.995110           18.093663       0.084224

2454861.060824           18.094268       0.084445

2454861.126538           18.094856       0.084677

2454861.192252           18.095427       0.084921

2454861.257966           18.095982       0.085178

2454861.323680           18.096521       0.085447

2454861.389394           18.097043       0.085729

2454861.455108           18.097548       0.086024

2454861.520822           18.098036       0.086333

2454861.586536           18.098507       0.086656

2454861.652250           18.098961       0.086994

2454861.717963           18.099398       0.087346

2454861.783677           18.099818       0.087713

2454861.849391           18.100220       0.088095

2454861.915105           18.100606       0.088493

2454861.980819           18.100974       0.088907

2454862.046533           18.101324       0.089337

2454862.112247           18.101657       0.089783

2454862.177961           18.101973       0.090246

2454862.243675           18.102270       0.090726

2454862.309389           18.102550       0.091223

2454862.375103           18.102813       0.091737

2454862.440817           18.103057       0.092269

2454862.506530           18.103283       0.092818

2454862.572244           18.103492       0.093386

2454862.637958           18.103683       0.093971

2454862.703672           18.103855       0.094575

2454862.769386           18.104010       0.095198

2454862.835100           18.104146       0.095838

