This file contains the LC params of PTF10icb in filter-B

#-----------------------------#

#-----------------------------#
Jd at maximum in B band is: 2455359.713726 +/- 0.817212
Magnitude at maximum in B band is: 14.524256 +/- 0.032463
#-----------------------------#
#-----------------------------#
JD after 15-days from B band maximum is: 2455374.713726
Magnitude after 15-days from B band maximum is: 15.305544 +/- 0.027074
Estimated value of dm15 is: 0.781288 +/- 0.042271
Secondary maximum is not applicable for this band
The magnitudes are not k-corrected
Interpolated Light Curve through GP

#-----------------------------#

  JD                 MAG           MERR

2455350.978100           14.620651       0.160209

2455351.007813           14.620170       0.159627

2455351.037526           14.619690       0.159046

2455351.067239           14.619209       0.158465

2455351.096952           14.618729       0.157884

2455351.126665           14.618249       0.157304

2455351.156378           14.617769       0.156724

2455351.186091           14.617290       0.156145

2455351.215804           14.616810       0.155566

2455351.245517           14.616331       0.154988

2455351.275230           14.615852       0.154410

2455351.304943           14.615374       0.153833

2455351.334656           14.614896       0.153256

2455351.364369           14.614418       0.152680

2455351.394082           14.613940       0.152104

2455351.423795           14.613463       0.151529

2455351.453508           14.612986       0.150954

2455351.483221           14.612509       0.150379

2455351.512934           14.612032       0.149806

2455351.542647           14.611556       0.149233

2455351.572360           14.611080       0.148660

2455351.602073           14.610605       0.148088

2455351.631786           14.610129       0.147516

2455351.661499           14.609654       0.146945

2455351.691212           14.609180       0.146375

2455351.720925           14.608706       0.145805

2455351.750638           14.608232       0.145235

2455351.780351           14.607758       0.144666

2455351.810064           14.607285       0.144098

2455351.839777           14.606812       0.143530

2455351.869490           14.606340       0.142963

2455351.899203           14.605868       0.142397

2455351.928916           14.605396       0.141831

2455351.958629           14.604925       0.141266

2455351.988342           14.604454       0.140701

2455352.018055           14.603984       0.140137

2455352.047768           14.603514       0.139573

2455352.077481           14.603045       0.139011

2455352.107194           14.602576       0.138448

2455352.136908           14.602107       0.137887

2455352.166621           14.601639       0.137326

2455352.196334           14.601171       0.136765

2455352.226047           14.600704       0.136206

2455352.255760           14.600237       0.135647

2455352.285473           14.599771       0.135088

2455352.315186           14.599305       0.134531

2455352.344899           14.598839       0.133974

2455352.374612           14.598375       0.133417

2455352.404325           14.597910       0.132861

2455352.434038           14.597447       0.132306

2455352.463751           14.596983       0.131752

2455352.493464           14.596520       0.131198

2455352.523177           14.596058       0.130646

2455352.552890           14.595597       0.130093

2455352.582603           14.595135       0.129542

2455352.612316           14.594675       0.128991

2455352.642029           14.594215       0.128441

2455352.671742           14.593755       0.127891

2455352.701455           14.593297       0.127343

2455352.731168           14.592838       0.126795

2455352.760881           14.592381       0.126248

2455352.790594           14.591924       0.125701

2455352.820307           14.591467       0.125156

2455352.850020           14.591011       0.124611

2455352.879733           14.590556       0.124066

2455352.909446           14.590102       0.123523

2455352.939159           14.589648       0.122980

2455352.968872           14.589195       0.122439

2455352.998585           14.588742       0.121898

2455353.028298           14.588290       0.121357

2455353.058011           14.587839       0.120818

2455353.087724           14.587388       0.120279

2455353.117437           14.586938       0.119741

2455353.147150           14.586489       0.119204

2455353.176863           14.586041       0.118668

2455353.206576           14.585593       0.118133

2455353.236289           14.585146       0.117598

2455353.266002           14.584700       0.117064

2455353.295715           14.584254       0.116531

2455353.325428           14.583809       0.115999

2455353.355141           14.583365       0.115468

2455353.384854           14.582922       0.114938

2455353.414567           14.582480       0.114408

2455353.444280           14.582038       0.113880

2455353.473993           14.581597       0.113352

2455353.503706           14.581157       0.112825

2455353.533419           14.580718       0.112299

2455353.563132           14.580279       0.111774

2455353.592845           14.579842       0.111250

2455353.622558           14.579405       0.110727

2455353.652271           14.578969       0.110204

2455353.681984           14.578534       0.109683

2455353.711697           14.578100       0.109162

2455353.741410           14.577666       0.108643

2455353.771123           14.577234       0.108124

2455353.800836           14.576802       0.107606

2455353.830549           14.576372       0.107090

2455353.860262           14.575942       0.106574

2455353.889975           14.575513       0.106059

2455353.919688           14.575085       0.105545

2455353.949401           14.574658       0.105032

2455353.979114           14.574232       0.104520

2455354.008827           14.573807       0.104009

2455354.038540           14.573383       0.103499

2455354.068253           14.572960       0.102990

2455354.097966           14.572538       0.102482

2455354.127679           14.572117       0.101976

2455354.157392           14.571697       0.101470

2455354.187105           14.571278       0.100965

2455354.216818           14.570860       0.100461

2455354.246531           14.570443       0.099958

2455354.276244           14.570027       0.099456

2455354.305957           14.569612       0.098955

2455354.335670           14.569198       0.098456

2455354.365383           14.568785       0.097957

2455354.395096           14.568373       0.097459

2455354.424810           14.567963       0.096963

2455354.454523           14.567553       0.096468

2455354.484236           14.567145       0.095973

2455354.513949           14.566738       0.095480

2455354.543662           14.566331       0.094988

2455354.573375           14.565926       0.094497

2455354.603088           14.565523       0.094007

2455354.632801           14.565120       0.093518

2455354.662514           14.564718       0.093030

2455354.692227           14.564318       0.092544

2455354.721940           14.563919       0.092058

2455354.751653           14.563521       0.091574

2455354.781366           14.563124       0.091091

2455354.811079           14.562729       0.090609

2455354.840792           14.562335       0.090128

2455354.870505           14.561942       0.089648

2455354.900218           14.561550       0.089170

2455354.929931           14.561160       0.088693

2455354.959644           14.560771       0.088217

2455354.989357           14.560383       0.087742

2455355.019070           14.559996       0.087268

2455355.048783           14.559611       0.086795

2455355.078496           14.559227       0.086324

2455355.108209           14.558845       0.085854

2455355.137922           14.558464       0.085385

2455355.167635           14.558084       0.084918

2455355.197348           14.557705       0.084451

2455355.227061           14.557328       0.083986

2455355.256774           14.556953       0.083522

2455355.286487           14.556578       0.083060

2455355.316200           14.556205       0.082599

2455355.345913           14.555834       0.082139

2455355.375626           14.555464       0.081680

2455355.405339           14.555096       0.081222

2455355.435052           14.554729       0.080766

2455355.464765           14.554363       0.080311

2455355.494478           14.553999       0.079858

2455355.524191           14.553636       0.079406

2455355.553904           14.553275       0.078955

2455355.583617           14.552916       0.078505

2455355.613330           14.552558       0.078057

2455355.643043           14.552201       0.077610

2455355.672756           14.551846       0.077165

2455355.702469           14.551493       0.076721

2455355.732182           14.551141       0.076278

2455355.761895           14.550791       0.075837

2455355.791608           14.550443       0.075397

2455355.821321           14.550096       0.074958

2455355.851034           14.549751       0.074521

2455355.880747           14.549407       0.074085

2455355.910460           14.549065       0.073651

2455355.940173           14.548725       0.073218

2455355.969886           14.548386       0.072786

2455355.999599           14.548050       0.072356

2455356.029312           14.547714       0.071928

2455356.059025           14.547381       0.071500

2455356.088738           14.547049       0.071075

2455356.118451           14.546719       0.070650

2455356.148164           14.546391       0.070228

2455356.177877           14.546065       0.069806

2455356.207590           14.545740       0.069386

2455356.237303           14.545417       0.068968

2455356.267016           14.545096       0.068551

2455356.296729           14.544777       0.068136

2455356.326442           14.544460       0.067722

2455356.356155           14.544144       0.067310

2455356.385868           14.543831       0.066899

2455356.415581           14.543519       0.066490

2455356.445294           14.543209       0.066083

2455356.475007           14.542902       0.065676

2455356.504720           14.542596       0.065272

2455356.534433           14.542292       0.064869

2455356.564146           14.541990       0.064468

2455356.593859           14.541689       0.064068

2455356.623572           14.541391       0.063670

2455356.653285           14.541095       0.063273

2455356.682998           14.540801       0.062878

2455356.712712           14.540509       0.062485

2455356.742425           14.540219       0.062093

2455356.772138           14.539931       0.061703

2455356.801851           14.539645       0.061315

2455356.831564           14.539361       0.060928

2455356.861277           14.539080       0.060543

2455356.890990           14.538800       0.060160

2455356.920703           14.538522       0.059778

2455356.950416           14.538247       0.059398

2455356.980129           14.537974       0.059019

2455357.009842           14.537703       0.058643

2455357.039555           14.537434       0.058268

2455357.069268           14.537167       0.057894

2455357.098981           14.536903       0.057523

2455357.128694           14.536641       0.057153

2455357.158407           14.536381       0.056785

2455357.188120           14.536123       0.056419

2455357.217833           14.535868       0.056054

2455357.247546           14.535615       0.055691

2455357.277259           14.535364       0.055330

2455357.306972           14.535115       0.054971

2455357.336685           14.534869       0.054614

2455357.366398           14.534625       0.054258

2455357.396111           14.534384       0.053904

2455357.425824           14.534145       0.053552

2455357.455537           14.533908       0.053202

2455357.485250           14.533674       0.052853

2455357.514963           14.533442       0.052507

2455357.544676           14.533213       0.052162

2455357.574389           14.532986       0.051819

2455357.604102           14.532761       0.051478

2455357.633815           14.532539       0.051139

2455357.663528           14.532320       0.050802

2455357.693241           14.532103       0.050466

2455357.722954           14.531889       0.050133

2455357.752667           14.531677       0.049801

2455357.782380           14.531468       0.049471

2455357.812093           14.531261       0.049144

2455357.841806           14.531057       0.048818

2455357.871519           14.530856       0.048494

2455357.901232           14.530657       0.048172

2455357.930945           14.530461       0.047852

2455357.960658           14.530268       0.047534

2455357.990371           14.530077       0.047218

2455358.020084           14.529889       0.046903

2455358.049797           14.529704       0.046591

2455358.079510           14.529522       0.046281

2455358.109223           14.529342       0.045973

2455358.138936           14.529165       0.045667

2455358.168649           14.528991       0.045362

2455358.198362           14.528820       0.045060

2455358.228075           14.528651       0.044760

2455358.257788           14.528486       0.044462

2455358.287501           14.528323       0.044166

2455358.317214           14.528163       0.043872

2455358.346927           14.528006       0.043580

2455358.376640           14.527852       0.043290

2455358.406353           14.527701       0.043002

2455358.436066           14.527553       0.042716

2455358.465779           14.527408       0.042432

2455358.495492           14.527266       0.042151

2455358.525205           14.527126       0.041871

2455358.554918           14.526990       0.041594

2455358.584631           14.526857       0.041318

2455358.614344           14.526727       0.041045

2455358.644057           14.526600       0.040774

2455358.673770           14.526477       0.040505

2455358.703483           14.526356       0.040238

2455358.733196           14.526239       0.039973

2455358.762909           14.526124       0.039711

2455358.792622           14.526013       0.039450

2455358.822335           14.525905       0.039192

2455358.852048           14.525801       0.038936

2455358.881761           14.525699       0.038682

2455358.911474           14.525601       0.038430

2455358.941187           14.525506       0.038180

2455358.970901           14.525414       0.037933

2455359.000614           14.525326       0.037687

2455359.030327           14.525241       0.037444

2455359.060040           14.525160       0.037203

2455359.089753           14.525081       0.036965

2455359.119466           14.525007       0.036728

2455359.149179           14.524935       0.036494

2455359.178892           14.524867       0.036262

2455359.208605           14.524803       0.036032

2455359.238318           14.524742       0.035804

2455359.268031           14.524684       0.035578

2455359.297744           14.524630       0.035355

2455359.327457           14.524580       0.035134

2455359.357170           14.524533       0.034915

2455359.386883           14.524490       0.034699

2455359.416596           14.524450       0.034484

2455359.446309           14.524414       0.034272

2455359.476022           14.524382       0.034062

2455359.505735           14.524353       0.033854

2455359.535448           14.524328       0.033649

2455359.565161           14.524307       0.033446

2455359.594874           14.524289       0.033245

2455359.624587           14.524275       0.033046

2455359.654300           14.524265       0.032849

2455359.684013           14.524259       0.032655

2455359.713726           14.524256       0.032463

2455359.743439           14.524258       0.032273

2455359.773152           14.524263       0.032085

2455359.802865           14.524272       0.031900

2455359.832578           14.524285       0.031717

2455359.862291           14.524302       0.031536

2455359.892004           14.524323       0.031357

2455359.921717           14.524348       0.031181

2455359.951430           14.524377       0.031006

2455359.981143           14.524409       0.030834

2455360.010856           14.524446       0.030664

2455360.040569           14.524487       0.030497

2455360.070282           14.524532       0.030331

2455360.099995           14.524581       0.030168

2455360.129708           14.524635       0.030007

2455360.159421           14.524692       0.029848

2455360.189134           14.524753       0.029692

2455360.218847           14.524819       0.029537

2455360.248560           14.524889       0.029385

2455360.278273           14.524963       0.029235

2455360.307986           14.525042       0.029087

2455360.337699           14.525124       0.028941

2455360.367412           14.525211       0.028797

2455360.397125           14.525302       0.028656

2455360.426838           14.525398       0.028516

2455360.456551           14.525498       0.028379

2455360.486264           14.525602       0.028244

2455360.515977           14.525711       0.028111

2455360.545690           14.525824       0.027980

2455360.575403           14.525942       0.027851

2455360.605116           14.526064       0.027724

2455360.634829           14.526191       0.027599

2455360.664542           14.526322       0.027477

2455360.694255           14.526458       0.027356

2455360.723968           14.526598       0.027237

2455360.753681           14.526743       0.027121

2455360.783394           14.526892       0.027006

2455360.813107           14.527046       0.026894

2455360.842820           14.527205       0.026783

2455360.872533           14.527369       0.026675

2455360.902246           14.527537       0.026568

2455360.931959           14.527710       0.026463

2455360.961672           14.527887       0.026361

2455360.991385           14.528070       0.026260

2455361.021098           14.528257       0.026161

2455361.050811           14.528449       0.026064

2455361.080524           14.528646       0.025969

2455361.110237           14.528847       0.025876

2455361.139950           14.529054       0.025785

2455361.169663           14.529265       0.025695

2455361.199376           14.529482       0.025607

2455361.229089           14.529703       0.025522

2455361.258803           14.529930       0.025437

2455361.288516           14.530161       0.025355

2455361.318229           14.530397       0.025275

2455361.347942           14.530639       0.025196

2455361.377655           14.530885       0.025119

2455361.407368           14.531137       0.025043

2455361.437081           14.531393       0.024969

2455361.466794           14.531655       0.024897

2455361.496507           14.531922       0.024827

2455361.526220           14.532194       0.024758

2455361.555933           14.532472       0.024691

2455361.585646           14.532754       0.024626

2455361.615359           14.533042       0.024562

2455361.645072           14.533335       0.024499

2455361.674785           14.533634       0.024438

2455361.704498           14.533937       0.024379

2455361.734211           14.534246       0.024321

2455361.763924           14.534561       0.024265

2455361.793637           14.534880       0.024210

2455361.823350           14.535206       0.024156

2455361.853063           14.535536       0.024104

2455361.882776           14.535872       0.024054

2455361.912489           14.536214       0.024005

2455361.942202           14.536561       0.023957

2455361.971915           14.536914       0.023910

2455362.001628           14.537272       0.023865

2455362.031341           14.537635       0.023821

2455362.061054           14.538005       0.023778

2455362.090767           14.538379       0.023737

2455362.120480           14.538760       0.023697

2455362.150193           14.539146       0.023658

2455362.179906           14.539538       0.023620

2455362.209619           14.539936       0.023584

2455362.239332           14.540339       0.023548

2455362.269045           14.540748       0.023514

2455362.298758           14.541163       0.023481

2455362.328471           14.541583       0.023449

2455362.358184           14.542009       0.023418

2455362.387897           14.542442       0.023388

2455362.417610           14.542880       0.023359

2455362.447323           14.543324       0.023332

2455362.477036           14.543773       0.023305

2455362.506749           14.544229       0.023279

2455362.536462           14.544691       0.023254

2455362.566175           14.545158       0.023230

2455362.595888           14.545632       0.023207

2455362.625601           14.546111       0.023185

2455362.655314           14.546597       0.023164

2455362.685027           14.547089       0.023144

2455362.714740           14.547586       0.023124

2455362.744453           14.548090       0.023106

2455362.774166           14.548600       0.023088

2455362.803879           14.549116       0.023071

2455362.833592           14.549638       0.023055

2455362.863305           14.550167       0.023039

2455362.893018           14.550701       0.023024

2455362.922731           14.551242       0.023010

2455362.952444           14.551789       0.022997

2455362.982157           14.552342       0.022985

2455363.011870           14.552902       0.022973

2455363.041583           14.553468       0.022961

2455363.071296           14.554040       0.022951

2455363.101009           14.554618       0.022941

2455363.130722           14.555203       0.022931

2455363.160435           14.555794       0.022922

2455363.190148           14.556392       0.022914

2455363.219861           14.556996       0.022907

2455363.249574           14.557606       0.022899

2455363.279287           14.558223       0.022893

2455363.309000           14.558846       0.022887

2455363.338713           14.559476       0.022881

2455363.368426           14.560112       0.022876

2455363.398139           14.560755       0.022871

2455363.427852           14.561404       0.022867

2455363.457565           14.562060       0.022863

2455363.487278           14.562723       0.022860

2455363.516991           14.563392       0.022857

2455363.546705           14.564067       0.022855

2455363.576418           14.564750       0.022853

2455363.606131           14.565439       0.022851

2455363.635844           14.566134       0.022850

2455363.665557           14.566837       0.022849

2455363.695270           14.567546       0.022848

2455363.724983           14.568261       0.022848

2455363.754696           14.568984       0.022848

2455363.784409           14.569713       0.022848

2455363.814122           14.570449       0.022849

2455363.843835           14.571192       0.022850

2455363.873548           14.571941       0.022851

2455363.903261           14.572698       0.022852

2455363.932974           14.573461       0.022854

2455363.962687           14.574231       0.022856

2455363.992400           14.575008       0.022858

2455364.022113           14.575792       0.022861

2455364.051826           14.576583       0.022863

2455364.081539           14.577381       0.022866

2455364.111252           14.578185       0.022869

2455364.140965           14.578997       0.022873

2455364.170678           14.579815       0.022876

2455364.200391           14.580641       0.022880

2455364.230104           14.581473       0.022884

2455364.259817           14.582313       0.022888

2455364.289530           14.583159       0.022892

2455364.319243           14.584013       0.022896

2455364.348956           14.584874       0.022900

2455364.378669           14.585741       0.022905

2455364.408382           14.586616       0.022910

2455364.438095           14.587498       0.022914

2455364.467808           14.588387       0.022919

2455364.497521           14.589283       0.022924

2455364.527234           14.590187       0.022930

2455364.556947           14.591097       0.022935

2455364.586660           14.592015       0.022940

2455364.616373           14.592939       0.022946

2455364.646086           14.593871       0.022951

2455364.675799           14.594811       0.022957

2455364.705512           14.595757       0.022962

2455364.735225           14.596711       0.022968

2455364.764938           14.597671       0.022974

2455364.794651           14.598640       0.022980

2455364.824364           14.599615       0.022986

2455364.854077           14.600598       0.022992

2455364.883790           14.601588       0.022998

2455364.913503           14.602585       0.023004

2455364.943216           14.603589       0.023010

2455364.972929           14.604601       0.023016

2455365.002642           14.605621       0.023022

2455365.032355           14.606647       0.023028

2455365.062068           14.607681       0.023035

2455365.091781           14.608722       0.023041

2455365.121494           14.609771       0.023047

2455365.151207           14.610827       0.023054

2455365.180920           14.611891       0.023060

2455365.210633           14.612962       0.023066

2455365.240346           14.614040       0.023073

2455365.270059           14.615126       0.023079

2455365.299772           14.616219       0.023085

2455365.329485           14.617320       0.023092

2455365.359198           14.618428       0.023098

2455365.388911           14.619543       0.023105

2455365.418624           14.620666       0.023111

2455365.448337           14.621797       0.023117

2455365.478050           14.622935       0.023124

2455365.507763           14.624080       0.023130

2455365.537476           14.625233       0.023137

2455365.567189           14.626394       0.023143

2455365.596902           14.627562       0.023150

2455365.626615           14.628737       0.023156

2455365.656328           14.629921       0.023162

2455365.686041           14.631111       0.023169

2455365.715754           14.632309       0.023175

2455365.745467           14.633515       0.023181

2455365.775180           14.634728       0.023188

2455365.804893           14.635949       0.023194

2455365.834607           14.637178       0.023201

2455365.864320           14.638414       0.023207

2455365.894033           14.639658       0.023213

2455365.923746           14.640909       0.023220

2455365.953459           14.642168       0.023226

2455365.983172           14.643434       0.023232

2455366.012885           14.644708       0.023239

2455366.042598           14.645990       0.023245

2455366.072311           14.647279       0.023251

2455366.102024           14.648576       0.023258

2455366.131737           14.649880       0.023264

2455366.161450           14.651192       0.023270

2455366.191163           14.652512       0.023276

2455366.220876           14.653840       0.023283

2455366.250589           14.655175       0.023289

2455366.280302           14.656517       0.023295

2455366.310015           14.657868       0.023302

2455366.339728           14.659226       0.023308

2455366.369441           14.660591       0.023314

2455366.399154           14.661965       0.023321

2455366.428867           14.663346       0.023327

2455366.458580           14.664734       0.023333

2455366.488293           14.666131       0.023339

2455366.518006           14.667534       0.023346

2455366.547719           14.668946       0.023352

2455366.577432           14.670365       0.023358

2455366.607145           14.671792       0.023365

2455366.636858           14.673227       0.023371

2455366.666571           14.674669       0.023378

2455366.696284           14.676119       0.023384

2455366.725997           14.677577       0.023390

2455366.755710           14.679042       0.023397

2455366.785423           14.680515       0.023403

2455366.815136           14.681995       0.023410

2455366.844849           14.683484       0.023416

2455366.874562           14.684980       0.023423

2455366.904275           14.686483       0.023429

2455366.933988           14.687995       0.023436

2455366.963701           14.689513       0.023443

2455366.993414           14.691040       0.023449

2455367.023127           14.692574       0.023456

2455367.052840           14.694116       0.023463

2455367.082553           14.695666       0.023469

2455367.112266           14.697223       0.023476

2455367.141979           14.698788       0.023483

2455367.171692           14.700360       0.023490

2455367.201405           14.701940       0.023497

2455367.231118           14.703528       0.023504

2455367.260831           14.705124       0.023511

2455367.290544           14.706727       0.023518

2455367.320257           14.708337       0.023525

2455367.349970           14.709956       0.023532

2455367.379683           14.711582       0.023539

2455367.409396           14.713215       0.023546

2455367.439109           14.714856       0.023554

2455367.468822           14.716505       0.023561

2455367.498535           14.718162       0.023568

2455367.528248           14.719826       0.023576

2455367.557961           14.721497       0.023583

2455367.587674           14.723176       0.023591

2455367.617387           14.724863       0.023599

2455367.647100           14.726557       0.023606

2455367.676813           14.728259       0.023614

2455367.706526           14.729969       0.023622

2455367.736239           14.731686       0.023630

2455367.765952           14.733410       0.023638

2455367.795665           14.735142       0.023646

2455367.825378           14.736882       0.023654

2455367.855091           14.738629       0.023662

2455367.884804           14.740383       0.023670

2455367.914517           14.742146       0.023679

2455367.944230           14.743915       0.023687

2455367.973943           14.745692       0.023696

2455368.003656           14.747477       0.023704

2455368.033369           14.749269       0.023713

2455368.063082           14.751069       0.023722

2455368.092795           14.752876       0.023731

2455368.122509           14.754690       0.023740

2455368.152222           14.756512       0.023749

2455368.181935           14.758341       0.023758

2455368.211648           14.760178       0.023767

2455368.241361           14.762022       0.023776

2455368.271074           14.763874       0.023786

2455368.300787           14.765733       0.023795

2455368.330500           14.767599       0.023805

2455368.360213           14.769473       0.023814

2455368.389926           14.771354       0.023824

2455368.419639           14.773242       0.023834

2455368.449352           14.775138       0.023844

2455368.479065           14.777041       0.023854

2455368.508778           14.778952       0.023864

2455368.538491           14.780869       0.023875

2455368.568204           14.782794       0.023885

2455368.597917           14.784726       0.023895

2455368.627630           14.786666       0.023906

2455368.657343           14.788613       0.023917

2455368.687056           14.790567       0.023927

2455368.716769           14.792528       0.023938

2455368.746482           14.794496       0.023949

2455368.776195           14.796472       0.023960

2455368.805908           14.798455       0.023972

2455368.835621           14.800444       0.023983

2455368.865334           14.802442       0.023994

2455368.895047           14.804446       0.024006

2455368.924760           14.806457       0.024017

2455368.954473           14.808476       0.024029

2455368.984186           14.810501       0.024041

2455369.013899           14.812534       0.024053

2455369.043612           14.814574       0.024065

2455369.073325           14.816620       0.024077

2455369.103038           14.818674       0.024090

2455369.132751           14.820735       0.024102

2455369.162464           14.822803       0.024114

2455369.192177           14.824877       0.024127

2455369.221890           14.826959       0.024140

2455369.251603           14.829048       0.024153

2455369.281316           14.831144       0.024165

2455369.311029           14.833246       0.024179

2455369.340742           14.835356       0.024192

2455369.370455           14.837472       0.024205

2455369.400168           14.839595       0.024218

2455369.429881           14.841725       0.024232

2455369.459594           14.843862       0.024245

2455369.489307           14.846006       0.024259

2455369.519020           14.848157       0.024273

2455369.548733           14.850314       0.024287

2455369.578446           14.852478       0.024301

2455369.608159           14.854649       0.024315

2455369.637872           14.856826       0.024329

2455369.667585           14.859010       0.024343

2455369.697298           14.861201       0.024358

2455369.727011           14.863399       0.024372

2455369.756724           14.865603       0.024387

2455369.786437           14.867814       0.024401

2455369.816150           14.870031       0.024416

2455369.845863           14.872256       0.024431

2455369.875576           14.874486       0.024446

2455369.905289           14.876723       0.024461

2455369.935002           14.878967       0.024476

2455369.964715           14.881217       0.024491

2455369.994428           14.883474       0.024507

2455370.024141           14.885737       0.024522

2455370.053854           14.888006       0.024537

2455370.083567           14.890282       0.024553

2455370.113280           14.892565       0.024569

2455370.142993           14.894854       0.024584

2455370.172706           14.897149       0.024600

2455370.202419           14.899450       0.024616

2455370.232132           14.901758       0.024632

2455370.261845           14.904072       0.024648

2455370.291558           14.906392       0.024664

2455370.321271           14.908719       0.024680

2455370.350984           14.911051       0.024697

2455370.380697           14.913390       0.024713

2455370.410411           14.915735       0.024729

2455370.440124           14.918087       0.024746

2455370.469837           14.920444       0.024762

2455370.499550           14.922808       0.024779

2455370.529263           14.925177       0.024795

2455370.558976           14.927553       0.024812

2455370.588689           14.929934       0.024829

2455370.618402           14.932322       0.024846

2455370.648115           14.934716       0.024863

2455370.677828           14.937115       0.024880

2455370.707541           14.939521       0.024897

2455370.737254           14.941932       0.024914

2455370.766967           14.944349       0.024931

2455370.796680           14.946772       0.024948

2455370.826393           14.949201       0.024965

2455370.856106           14.951636       0.024982

2455370.885819           14.954076       0.024999

2455370.915532           14.956523       0.025016

2455370.945245           14.958975       0.025034

2455370.974958           14.961432       0.025051

2455371.004671           14.963896       0.025068

2455371.034384           14.966365       0.025086

2455371.064097           14.968839       0.025103

2455371.093810           14.971319       0.025121

2455371.123523           14.973805       0.025138

2455371.153236           14.976296       0.025155

2455371.182949           14.978793       0.025173

2455371.212662           14.981295       0.025190

2455371.242375           14.983803       0.025208

2455371.272088           14.986316       0.025225

2455371.301801           14.988835       0.025243

2455371.331514           14.991359       0.025261

2455371.361227           14.993888       0.025278

2455371.390940           14.996422       0.025296

2455371.420653           14.998962       0.025313

2455371.450366           15.001507       0.025331

2455371.480079           15.004057       0.025348

2455371.509792           15.006613       0.025366

2455371.539505           15.009173       0.025383

2455371.569218           15.011739       0.025401

2455371.598931           15.014310       0.025418

2455371.628644           15.016886       0.025436

2455371.658357           15.019467       0.025453

2455371.688070           15.022052       0.025471

2455371.717783           15.024643       0.025488

2455371.747496           15.027239       0.025505

2455371.777209           15.029840       0.025523

2455371.806922           15.032446       0.025540

2455371.836635           15.035056       0.025558

2455371.866348           15.037672       0.025575

2455371.896061           15.040292       0.025592

2455371.925774           15.042917       0.025609

2455371.955487           15.045546       0.025627

2455371.985200           15.048181       0.025644

2455372.014913           15.050820       0.025661

2455372.044626           15.053463       0.025678

2455372.074339           15.056111       0.025695

2455372.104052           15.058764       0.025712

2455372.133765           15.061422       0.025729

2455372.163478           15.064084       0.025746

2455372.193191           15.066750       0.025763

2455372.222904           15.069421       0.025780

2455372.252617           15.072096       0.025797

2455372.282330           15.074775       0.025814

2455372.312043           15.077459       0.025830

2455372.341756           15.080148       0.025847

2455372.371469           15.082840       0.025864

2455372.401182           15.085537       0.025880

2455372.430895           15.088238       0.025897

2455372.460608           15.090943       0.025914

2455372.490321           15.093652       0.025930

2455372.520034           15.096366       0.025946

2455372.549747           15.099083       0.025963

2455372.579460           15.101805       0.025979

2455372.609173           15.104530       0.025995

2455372.638886           15.107260       0.026012

2455372.668599           15.109993       0.026028

2455372.698313           15.112730       0.026044

2455372.728026           15.115472       0.026060

2455372.757739           15.118217       0.026076

2455372.787452           15.120966       0.026092

2455372.817165           15.123718       0.026108

2455372.846878           15.126474       0.026124

2455372.876591           15.129235       0.026139

2455372.906304           15.131998       0.026155

2455372.936017           15.134766       0.026171

2455372.965730           15.137536       0.026187

2455372.995443           15.140311       0.026202

2455373.025156           15.143089       0.026218

2455373.054869           15.145870       0.026233

2455373.084582           15.148655       0.026249

2455373.114295           15.151444       0.026264

2455373.144008           15.154235       0.026279

2455373.173721           15.157030       0.026295

2455373.203434           15.159829       0.026310

2455373.233147           15.162630       0.026325

2455373.262860           15.165435       0.026340

2455373.292573           15.168243       0.026356

2455373.322286           15.171054       0.026371

2455373.351999           15.173869       0.026386

2455373.381712           15.176686       0.026401

2455373.411425           15.179507       0.026416

2455373.441138           15.182330       0.026431

2455373.470851           15.185156       0.026446

2455373.500564           15.187986       0.026460

2455373.530277           15.190818       0.026475

2455373.559990           15.193653       0.026490

2455373.589703           15.196491       0.026505

2455373.619416           15.199332       0.026520

2455373.649129           15.202175       0.026534

2455373.678842           15.205021       0.026549

2455373.708555           15.207870       0.026564

2455373.738268           15.210721       0.026579

2455373.767981           15.213575       0.026593

2455373.797694           15.216432       0.026608

2455373.827407           15.219291       0.026623

2455373.857120           15.222153       0.026637

2455373.886833           15.225017       0.026652

2455373.916546           15.227883       0.026667

2455373.946259           15.230752       0.026681

2455373.975972           15.233623       0.026696

2455374.005685           15.236496       0.026711

2455374.035398           15.239372       0.026725

2455374.065111           15.242250       0.026740

2455374.094824           15.245130       0.026755

2455374.124537           15.248012       0.026770

2455374.154250           15.250896       0.026784

2455374.183963           15.253783       0.026799

2455374.213676           15.256671       0.026814

2455374.243389           15.259561       0.026829

2455374.273102           15.262453       0.026844

2455374.302815           15.265347       0.026859

2455374.332528           15.268243       0.026874

2455374.362241           15.271141       0.026889

2455374.391954           15.274041       0.026904

2455374.421667           15.276942       0.026920

2455374.451380           15.279845       0.026935

2455374.481093           15.282750       0.026950

2455374.510806           15.285656       0.026966

2455374.540519           15.288564       0.026981

2455374.570232           15.291473       0.026997

2455374.599945           15.294384       0.027013

2455374.629658           15.297297       0.027029

2455374.659371           15.300210       0.027045

2455374.689084           15.303126       0.027061

2455374.718797           15.306042       0.027077

2455374.748510           15.308960       0.027093

2455374.778223           15.311879       0.027110

2455374.807936           15.314800       0.027126

2455374.837649           15.317721       0.027143

2455374.867362           15.320644       0.027160

2455374.897075           15.323568       0.027177

2455374.926788           15.326493       0.027194

2455374.956502           15.329419       0.027212

2455374.986215           15.332346       0.027229

2455375.015928           15.335273       0.027247

2455375.045641           15.338202       0.027265

2455375.075354           15.341132       0.027283

2455375.105067           15.344062       0.027302

2455375.134780           15.346994       0.027320

2455375.164493           15.349926       0.027339

2455375.194206           15.352859       0.027358

2455375.223919           15.355792       0.027378

2455375.253632           15.358727       0.027397

2455375.283345           15.361661       0.027417

2455375.313058           15.364597       0.027438

2455375.342771           15.367533       0.027458

2455375.372484           15.370469       0.027479

2455375.402197           15.373406       0.027500

2455375.431910           15.376343       0.027521

2455375.461623           15.379281       0.027543

2455375.491336           15.382219       0.027565

2455375.521049           15.385157       0.027588

2455375.550762           15.388095       0.027610

2455375.580475           15.391034       0.027633

2455375.610188           15.393973       0.027657

2455375.639901           15.396912       0.027681

2455375.669614           15.399851       0.027705

2455375.699327           15.402791       0.027730

2455375.729040           15.405730       0.027755

2455375.758753           15.408669       0.027781

2455375.788466           15.411609       0.027807

2455375.818179           15.414548       0.027833

2455375.847892           15.417487       0.027860

2455375.877605           15.420426       0.027888

2455375.907318           15.423365       0.027916

2455375.937031           15.426303       0.027944

2455375.966744           15.429241       0.027973

2455375.996457           15.432179       0.028002

2455376.026170           15.435117       0.028033

2455376.055883           15.438054       0.028063

2455376.085596           15.440991       0.028094

2455376.115309           15.443927       0.028126

2455376.145022           15.446863       0.028159

2455376.174735           15.449798       0.028192

2455376.204448           15.452733       0.028225

2455376.234161           15.455667       0.028260

2455376.263874           15.458601       0.028295

2455376.293587           15.461534       0.028330

2455376.323300           15.464466       0.028367

2455376.353013           15.467397       0.028404

2455376.382726           15.470328       0.028442

2455376.412439           15.473257       0.028480

2455376.442152           15.476186       0.028519

2455376.471865           15.479114       0.028559

2455376.501578           15.482041       0.028600

2455376.531291           15.484968       0.028642

2455376.561004           15.487893       0.028684

2455376.590717           15.490817       0.028728

2455376.620430           15.493740       0.028772

2455376.650143           15.496662       0.028817

2455376.679856           15.499582       0.028863

2455376.709569           15.502502       0.028910

2455376.739282           15.505420       0.028957

2455376.768995           15.508337       0.029006

2455376.798708           15.511253       0.029055

2455376.828421           15.514168       0.029106

2455376.858134           15.517081       0.029158

2455376.887847           15.519993       0.029210

2455376.917560           15.522903       0.029264

2455376.947273           15.525812       0.029318

2455376.976986           15.528719       0.029374

2455377.006699           15.531625       0.029430

2455377.036412           15.534529       0.029488

2455377.066125           15.537432       0.029547

2455377.095838           15.540333       0.029607

2455377.125551           15.543232       0.029668

2455377.155264           15.546130       0.029730

2455377.184977           15.549026       0.029794

2455377.214690           15.551920       0.029858

2455377.244404           15.554812       0.029924

2455377.274117           15.557703       0.029991

2455377.303830           15.560592       0.030059

2455377.333543           15.563478       0.030129

2455377.363256           15.566363       0.030200

2455377.392969           15.569246       0.030272

2455377.422682           15.572127       0.030345

2455377.452395           15.575006       0.030420

2455377.482108           15.577883       0.030496

2455377.511821           15.580757       0.030573

2455377.541534           15.583630       0.030652

2455377.571247           15.586500       0.030732

2455377.600960           15.589369       0.030813

2455377.630673           15.592235       0.030896

2455377.660386           15.595098       0.030981

2455377.690099           15.597960       0.031066

2455377.719812           15.600819       0.031154

2455377.749525           15.603676       0.031242

2455377.779238           15.606530       0.031333

2455377.808951           15.609382       0.031425

2455377.838664           15.612232       0.031518

2455377.868377           15.615079       0.031613

2455377.898090           15.617923       0.031709

2455377.927803           15.620765       0.031807

2455377.957516           15.623605       0.031907

2455377.987229           15.626442       0.032008

2455378.016942           15.629276       0.032111

2455378.046655           15.632108       0.032215

2455378.076368           15.634936       0.032321

2455378.106081           15.637763       0.032429

2455378.135794           15.640586       0.032538

2455378.165507           15.643407       0.032649

2455378.195220           15.646225       0.032762

2455378.224933           15.649040       0.032877

2455378.254646           15.651852       0.032993

2455378.284359           15.654661       0.033111

2455378.314072           15.657468       0.033231

2455378.343785           15.660271       0.033352

2455378.373498           15.663071       0.033475

2455378.403211           15.665869       0.033600

2455378.432924           15.668663       0.033727

2455378.462637           15.671455       0.033856

2455378.492350           15.674243       0.033987

2455378.522063           15.677028       0.034119

2455378.551776           15.679810       0.034253

2455378.581489           15.682589       0.034389

2455378.611202           15.685365       0.034527

2455378.640915           15.688137       0.034667

2455378.670628           15.690906       0.034809

2455378.700341           15.693672       0.034952

2455378.730054           15.696435       0.035098

2455378.759767           15.699194       0.035245

2455378.789480           15.701950       0.035395

2455378.819193           15.704702       0.035546

2455378.848906           15.707452       0.035699

2455378.878619           15.710197       0.035855

2455378.908332           15.712940       0.036012

2455378.938045           15.715678       0.036171

2455378.967758           15.718414       0.036332

2455378.997471           15.721145       0.036495

2455379.027184           15.723873       0.036660

2455379.056897           15.726598       0.036827

2455379.086610           15.729319       0.036996

2455379.116323           15.732036       0.037167

2455379.146036           15.734750       0.037341

2455379.175749           15.737460       0.037516

2455379.205462           15.740166       0.037693

2455379.235175           15.742869       0.037872

2455379.264888           15.745568       0.038053

2455379.294601           15.748263       0.038236

2455379.324314           15.750954       0.038422

2455379.354027           15.753641       0.038609

2455379.383740           15.756325       0.038799

2455379.413453           15.759004       0.038990

2455379.443166           15.761680       0.039184

2455379.472879           15.764352       0.039379

2455379.502592           15.767020       0.039577

2455379.532306           15.769684       0.039776

2455379.562019           15.772344       0.039978

2455379.591732           15.775000       0.040182

2455379.621445           15.777652       0.040388

2455379.651158           15.780300       0.040596

2455379.680871           15.782944       0.040806

2455379.710584           15.785583       0.041018

2455379.740297           15.788219       0.041233

2455379.770010           15.790851       0.041449

2455379.799723           15.793478       0.041667

2455379.829436           15.796101       0.041888

2455379.859149           15.798720       0.042110

2455379.888862           15.801335       0.042335

2455379.918575           15.803946       0.042562

2455379.948288           15.806552       0.042791

2455379.978001           15.809154       0.043022

2455380.007714           15.811752       0.043255

2455380.037427           15.814345       0.043490

2455380.067140           15.816934       0.043727

2455380.096853           15.819519       0.043966

2455380.126566           15.822099       0.044207

2455380.156279           15.824675       0.044451

2455380.185992           15.827247       0.044696

2455380.215705           15.829814       0.044944

2455380.245418           15.832376       0.045193

2455380.275131           15.834935       0.045445

2455380.304844           15.837488       0.045699

2455380.334557           15.840037       0.045955

2455380.364270           15.842582       0.046212

2455380.393983           15.845122       0.046472

2455380.423696           15.847658       0.046734

2455380.453409           15.850189       0.046998

2455380.483122           15.852715       0.047264

2455380.512835           15.855237       0.047532

2455380.542548           15.857754       0.047803

2455380.572261           15.860267       0.048075

2455380.601974           15.862775       0.048349

2455380.631687           15.865278       0.048625

2455380.661400           15.867776       0.048904

