This file contains the LC params of 2017hpa in filter-B

#-----------------------------#

#-----------------------------#
Jd at maximum in B band is: 2458066.645225 +/- 0.675542
Magnitude at maximum in B band is: 15.398663 +/- 0.032119
#-----------------------------#
#-----------------------------#
JD after 15-days from B band maximum is: 2458081.645225
Magnitude after 15-days from B band maximum is: 16.470351 +/- 0.032327
Estimated value of dm15 is: 1.071688 +/- 0.045570
Secondary maximum is not applicable for this band
The magnitudes are not k-corrected
Interpolated Light Curve through GP

#-----------------------------#

  JD                 MAG           MERR

2458045.248000           18.244121       0.188945

2458045.298228           18.238388       0.187747

2458045.348456           18.232625       0.186552

2458045.398685           18.226833       0.185358

2458045.448913           18.221011       0.184165

2458045.499141           18.215159       0.182975

2458045.549369           18.209277       0.181786

2458045.599598           18.203366       0.180599

2458045.649826           18.197425       0.179413

2458045.700054           18.191454       0.178230

2458045.750282           18.185454       0.177048

2458045.800511           18.179424       0.175869

2458045.850739           18.173365       0.174691

2458045.900967           18.167276       0.173515

2458045.951195           18.161157       0.172341

2458046.001423           18.155009       0.171170

2458046.051652           18.148831       0.170000

2458046.101880           18.142624       0.168832

2458046.152108           18.136387       0.167667

2458046.202336           18.130121       0.166504

2458046.252565           18.123825       0.165342

2458046.302793           18.117500       0.164184

2458046.353021           18.111146       0.163027

2458046.403249           18.104762       0.161873

2458046.453477           18.098349       0.160721

2458046.503706           18.091906       0.159571

2458046.553934           18.085434       0.158424

2458046.604162           18.078933       0.157279

2458046.654390           18.072403       0.156136

2458046.704619           18.065844       0.154997

2458046.754847           18.059255       0.153859

2458046.805075           18.052638       0.152724

2458046.855303           18.045991       0.151592

2458046.905532           18.039315       0.150463

2458046.955760           18.032610       0.149336

2458047.005988           18.025877       0.148211

2458047.056216           18.019114       0.147090

2458047.106444           18.012323       0.145971

2458047.156673           18.005503       0.144855

2458047.206901           17.998654       0.143742

2458047.257129           17.991776       0.142632

2458047.307357           17.984870       0.141525

2458047.357586           17.977935       0.140420

2458047.407814           17.970972       0.139319

2458047.458042           17.963980       0.138221

2458047.508270           17.956960       0.137125

2458047.558498           17.949911       0.136033

2458047.608727           17.942834       0.134944

2458047.658955           17.935729       0.133858

2458047.709183           17.928595       0.132776

2458047.759411           17.921434       0.131696

2458047.809640           17.914244       0.130620

2458047.859868           17.907027       0.129547

2458047.910096           17.899781       0.128478

2458047.960324           17.892508       0.127412

2458048.010553           17.885207       0.126350

2458048.060781           17.877878       0.125291

2458048.111009           17.870522       0.124235

2458048.161237           17.863138       0.123183

2458048.211465           17.855727       0.122135

2458048.261694           17.848288       0.121090

2458048.311922           17.840822       0.120049

2458048.362150           17.833329       0.119012

2458048.412378           17.825808       0.117979

2458048.462607           17.818261       0.116949

2458048.512835           17.810686       0.115923

2458048.563063           17.803085       0.114902

2458048.613291           17.795457       0.113884

2458048.663520           17.787803       0.112870

2458048.713748           17.780121       0.111860

2458048.763976           17.772414       0.110854

2458048.814204           17.764680       0.109853

2458048.864432           17.756919       0.108855

2458048.914661           17.749133       0.107862

2458048.964889           17.741320       0.106873

2458049.015117           17.733482       0.105889

2458049.065345           17.725618       0.104908

2458049.115574           17.717727       0.103933

2458049.165802           17.709812       0.102961

2458049.216030           17.701871       0.101994

2458049.266258           17.693904       0.101032

2458049.316486           17.685912       0.100074

2458049.366715           17.677895       0.099121

2458049.416943           17.669853       0.098173

2458049.467171           17.661786       0.097229

2458049.517399           17.653695       0.096291

2458049.567628           17.645578       0.095357

2458049.617856           17.637438       0.094427

2458049.668084           17.629272       0.093503

2458049.718312           17.621083       0.092584

2458049.768541           17.612869       0.091670

2458049.818769           17.604632       0.090761

2458049.868997           17.596371       0.089857

2458049.919225           17.588086       0.088959

2458049.969453           17.579777       0.088065

2458050.019682           17.571445       0.087177

2458050.069910           17.563090       0.086295

2458050.120138           17.554712       0.085417

2458050.170366           17.546311       0.084546

2458050.220595           17.537887       0.083679

2458050.270823           17.529441       0.082819

2458050.321051           17.520972       0.081964

2458050.371279           17.512481       0.081114

2458050.421508           17.503968       0.080271

2458050.471736           17.495432       0.079433

2458050.521964           17.486875       0.078601

2458050.572192           17.478297       0.077775

2458050.622420           17.469697       0.076955

2458050.672649           17.461076       0.076142

2458050.722877           17.452434       0.075334

2458050.773105           17.443771       0.074532

2458050.823333           17.435087       0.073737

2458050.873562           17.426383       0.072948

2458050.923790           17.417658       0.072165

2458050.974018           17.408913       0.071389

2458051.024246           17.400149       0.070619

2458051.074474           17.391365       0.069855

2458051.124703           17.382561       0.069098

2458051.174931           17.373738       0.068348

2458051.225159           17.364896       0.067605

2458051.275387           17.356035       0.066868

2458051.325616           17.347155       0.066138

2458051.375844           17.338257       0.065415

2458051.426072           17.329340       0.064699

2458051.476300           17.320406       0.063990

2458051.526529           17.311454       0.063288

2458051.576757           17.302484       0.062594

2458051.626985           17.293497       0.061906

2458051.677213           17.284493       0.061226

2458051.727441           17.275472       0.060553

2458051.777670           17.266434       0.059887

2458051.827898           17.257380       0.059229

2458051.878126           17.248310       0.058579

2458051.928354           17.239224       0.057935

2458051.978583           17.230122       0.057300

2458052.028811           17.221005       0.056672

2458052.079039           17.211873       0.056052

2458052.129267           17.202726       0.055440

2458052.179495           17.193564       0.054836

2458052.229724           17.184388       0.054239

2458052.279952           17.175198       0.053651

2458052.330180           17.165994       0.053070

2458052.380408           17.156776       0.052498

2458052.430637           17.147545       0.051933

2458052.480865           17.138301       0.051377

2458052.531093           17.129045       0.050829

2458052.581321           17.119776       0.050290

2458052.631550           17.110495       0.049758

2458052.681778           17.101202       0.049235

2458052.732006           17.091898       0.048720

2458052.782234           17.082583       0.048214

2458052.832462           17.073256       0.047716

2458052.882691           17.063919       0.047227

2458052.932919           17.054572       0.046746

2458052.983147           17.045214       0.046274

2458053.033375           17.035847       0.045810

2458053.083604           17.026471       0.045355

2458053.133832           17.017086       0.044908

2458053.184060           17.007692       0.044471

2458053.234288           16.998289       0.044041

2458053.284517           16.988879       0.043620

2458053.334745           16.979461       0.043208

2458053.384973           16.970035       0.042805

2458053.435201           16.960603       0.042410

2458053.485429           16.951164       0.042024

2458053.535658           16.941718       0.041646

2458053.585886           16.932267       0.041277

2458053.636114           16.922810       0.040916

2458053.686342           16.913348       0.040564

2458053.736571           16.903881       0.040221

2458053.786799           16.894410       0.039886

2458053.837027           16.884934       0.039559

2458053.887255           16.875455       0.039241

2458053.937483           16.865972       0.038931

2458053.987712           16.856487       0.038629

2458054.037940           16.846999       0.038335

2458054.088168           16.837508       0.038049

2458054.138396           16.828016       0.037772

2458054.188625           16.818523       0.037502

2458054.238853           16.809028       0.037241

2458054.289081           16.799533       0.036987

2458054.339309           16.790038       0.036741

2458054.389538           16.780542       0.036502

2458054.439766           16.771048       0.036271

2458054.489994           16.761554       0.036047

2458054.540222           16.752062       0.035831

2458054.590450           16.742572       0.035621

2458054.640679           16.733084       0.035419

2458054.690907           16.723598       0.035224

2458054.741135           16.714116       0.035036

2458054.791363           16.704637       0.034854

2458054.841592           16.695162       0.034679

2458054.891820           16.685692       0.034510

2458054.942048           16.676226       0.034348

2458054.992276           16.666765       0.034191

2458055.042505           16.657311       0.034041

2458055.092733           16.647862       0.033897

2458055.142961           16.638419       0.033758

2458055.193189           16.628984       0.033625

2458055.243417           16.619556       0.033498

2458055.293646           16.610136       0.033376

2458055.343874           16.600724       0.033258

2458055.394102           16.591321       0.033146

2458055.444330           16.581927       0.033039

2458055.494559           16.572542       0.032937

2458055.544787           16.563168       0.032839

2458055.595015           16.553804       0.032745

2458055.645243           16.544451       0.032656

2458055.695471           16.535109       0.032571

2458055.745700           16.525779       0.032490

2458055.795928           16.516462       0.032413

2458055.846156           16.507157       0.032339

2458055.896384           16.497866       0.032269

2458055.946613           16.488588       0.032202

2458055.996841           16.479324       0.032139

2458056.047069           16.470075       0.032079

2458056.097297           16.460841       0.032022

2458056.147526           16.451622       0.031968

2458056.197754           16.442420       0.031916

2458056.247982           16.433234       0.031868

2458056.298210           16.424064       0.031821

2458056.348438           16.414912       0.031777

2458056.398667           16.405778       0.031736

2458056.448895           16.396662       0.031697

2458056.499123           16.387565       0.031659

2458056.549351           16.378487       0.031624

2458056.599580           16.369429       0.031590

2458056.649808           16.360390       0.031559

2458056.700036           16.351373       0.031529

2458056.750264           16.342376       0.031500

2458056.800492           16.333401       0.031473

2458056.850721           16.324448       0.031448

2458056.900949           16.315518       0.031423

2458056.951177           16.306610       0.031400

2458057.001405           16.297726       0.031378

2458057.051634           16.288865       0.031358

2458057.101862           16.280029       0.031338

2458057.152090           16.271218       0.031319

2458057.202318           16.262432       0.031301

2458057.252547           16.253671       0.031284

2458057.302775           16.244937       0.031268

2458057.353003           16.236230       0.031252

2458057.403231           16.227549       0.031237

2458057.453459           16.218896       0.031222

2458057.503688           16.210271       0.031209

2458057.553916           16.201675       0.031195

2458057.604144           16.193108       0.031182

2458057.654372           16.184570       0.031170

2458057.704601           16.176061       0.031158

2458057.754829           16.167584       0.031146

2458057.805057           16.159137       0.031135

2458057.855285           16.150721       0.031124

2458057.905514           16.142336       0.031113

2458057.955742           16.133984       0.031103

2458058.005970           16.125665       0.031093

2458058.056198           16.117378       0.031083

2458058.106426           16.109125       0.031073

2458058.156655           16.100906       0.031064

2458058.206883           16.092722       0.031055

2458058.257111           16.084572       0.031046

2458058.307339           16.076457       0.031037

2458058.357568           16.068378       0.031028

2458058.407796           16.060335       0.031020

2458058.458024           16.052328       0.031012

2458058.508252           16.044358       0.031004

2458058.558480           16.036426       0.030996

2458058.608709           16.028532       0.030988

2458058.658937           16.020675       0.030981

2458058.709165           16.012857       0.030974

2458058.759393           16.005079       0.030967

2458058.809622           15.997339       0.030960

2458058.859850           15.989640       0.030954

2458058.910078           15.981981       0.030948

2458058.960306           15.974362       0.030942

2458059.010535           15.966784       0.030937

2458059.060763           15.959248       0.030932

2458059.110991           15.951753       0.030927

2458059.161219           15.944301       0.030923

2458059.211447           15.936891       0.030919

2458059.261676           15.929524       0.030915

2458059.311904           15.922200       0.030912

2458059.362132           15.914920       0.030910

2458059.412360           15.907684       0.030908

2458059.462589           15.900493       0.030906

2458059.512817           15.893346       0.030905

2458059.563045           15.886244       0.030904

2458059.613273           15.879187       0.030905

2458059.663502           15.872176       0.030905

2458059.713730           15.865212       0.030907

2458059.763958           15.858293       0.030909

2458059.814186           15.851422       0.030911

2458059.864414           15.844597       0.030915

2458059.914643           15.837820       0.030919

2458059.964871           15.831090       0.030923

2458060.015099           15.824408       0.030929

2458060.065327           15.817775       0.030935

2458060.115556           15.811190       0.030942

2458060.165784           15.804653       0.030950

2458060.216012           15.798166       0.030959

2458060.266240           15.791728       0.030969

2458060.316468           15.785340       0.030979

2458060.366697           15.779002       0.030990

2458060.416925           15.772713       0.031003

2458060.467153           15.766476       0.031016

2458060.517381           15.760288       0.031030

2458060.567610           15.754152       0.031045

2458060.617838           15.748066       0.031060

2458060.668066           15.742032       0.031077

2458060.718294           15.736049       0.031095

2458060.768523           15.730118       0.031113

2458060.818751           15.724239       0.031133

2458060.868979           15.718412       0.031153

2458060.919207           15.712637       0.031175

2458060.969435           15.706915       0.031197

2458061.019664           15.701245       0.031220

2458061.069892           15.695627       0.031244

2458061.120120           15.690063       0.031269

2458061.170348           15.684552       0.031294

2458061.220577           15.679094       0.031321

2458061.270805           15.673689       0.031348

2458061.321033           15.668338       0.031376

2458061.371261           15.663040       0.031405

2458061.421489           15.657796       0.031435

2458061.471718           15.652605       0.031466

2458061.521946           15.647469       0.031497

2458061.572174           15.642386       0.031529

2458061.622402           15.637357       0.031561

2458061.672631           15.632383       0.031594

2458061.722859           15.627462       0.031628

2458061.773087           15.622596       0.031663

2458061.823315           15.617784       0.031697

2458061.873544           15.613026       0.031733

2458061.923772           15.608323       0.031769

2458061.974000           15.603674       0.031805

2458062.024228           15.599080       0.031842

2458062.074456           15.594540       0.031879

2458062.124685           15.590054       0.031916

2458062.174913           15.585623       0.031953

2458062.225141           15.581247       0.031991

2458062.275369           15.576925       0.032029

2458062.325598           15.572657       0.032068

2458062.375826           15.568444       0.032106

2458062.426054           15.564285       0.032144

2458062.476282           15.560181       0.032183

2458062.526511           15.556132       0.032221

2458062.576739           15.552136       0.032259

2458062.626967           15.548195       0.032298

2458062.677195           15.544309       0.032336

2458062.727423           15.540477       0.032374

2458062.777652           15.536699       0.032411

2458062.827880           15.532975       0.032449

2458062.878108           15.529305       0.032486

2458062.928336           15.525689       0.032523

2458062.978565           15.522128       0.032559

2458063.028793           15.518620       0.032595

2458063.079021           15.515166       0.032630

2458063.129249           15.511766       0.032665

2458063.179477           15.508419       0.032700

2458063.229706           15.505126       0.032733

2458063.279934           15.501887       0.032766

2458063.330162           15.498701       0.032799

2458063.380390           15.495568       0.032830

2458063.430619           15.492488       0.032861

2458063.480847           15.489462       0.032891

2458063.531075           15.486488       0.032921

2458063.581303           15.483567       0.032949

2458063.631532           15.480699       0.032976

2458063.681760           15.477883       0.033003

2458063.731988           15.475120       0.033028

2458063.782216           15.472410       0.033053

2458063.832444           15.469751       0.033076

2458063.882673           15.467144       0.033099

2458063.932901           15.464590       0.033120

2458063.983129           15.462087       0.033140

2458064.033357           15.459636       0.033159

2458064.083586           15.457236       0.033176

2458064.133814           15.454887       0.033193

2458064.184042           15.452590       0.033208

2458064.234270           15.450343       0.033222

2458064.284498           15.448147       0.033234

2458064.334727           15.446002       0.033246

2458064.384955           15.443908       0.033256

2458064.435183           15.441863       0.033264

2458064.485411           15.439869       0.033271

2458064.535640           15.437925       0.033277

2458064.585868           15.436030       0.033281

2458064.636096           15.434185       0.033284

2458064.686324           15.432389       0.033285

2458064.736553           15.430643       0.033285

2458064.786781           15.428945       0.033283

2458064.837009           15.427297       0.033280

2458064.887237           15.425696       0.033275

2458064.937465           15.424145       0.033268

2458064.987694           15.422641       0.033260

2458065.037922           15.421186       0.033251

2458065.088150           15.419778       0.033240

2458065.138378           15.418418       0.033227

2458065.188607           15.417105       0.033213

2458065.238835           15.415839       0.033197

2458065.289063           15.414621       0.033180

2458065.339291           15.413449       0.033161

2458065.389520           15.412324       0.033140

2458065.439748           15.411245       0.033118

2458065.489976           15.410212       0.033094

2458065.540204           15.409225       0.033068

2458065.590432           15.408283       0.033041

2458065.640661           15.407387       0.033013

2458065.690889           15.406537       0.032983

2458065.741117           15.405731       0.032951

2458065.791345           15.404970       0.032917

2458065.841574           15.404254       0.032882

2458065.891802           15.403581       0.032846

2458065.942030           15.402954       0.032808

2458065.992258           15.402369       0.032768

2458066.042486           15.401829       0.032727

2458066.092715           15.401332       0.032684

2458066.142943           15.400878       0.032640

2458066.193171           15.400467       0.032594

2458066.243399           15.400099       0.032547

2458066.293628           15.399773       0.032499

2458066.343856           15.399490       0.032448

2458066.394084           15.399248       0.032397

2458066.444312           15.399048       0.032344

2458066.494541           15.398890       0.032290

2458066.544769           15.398773       0.032234

2458066.594997           15.398698       0.032177

2458066.645225           15.398663       0.032119

2458066.695453           15.398669       0.032059

2458066.745682           15.398715       0.031999

2458066.795910           15.398801       0.031937

2458066.846138           15.398927       0.031873

2458066.896366           15.399093       0.031809

2458066.946595           15.399298       0.031743

2458066.996823           15.399543       0.031676

2458067.047051           15.399827       0.031608

2458067.097279           15.400149       0.031539

2458067.147508           15.400510       0.031469

2458067.197736           15.400909       0.031398

2458067.247964           15.401346       0.031326

2458067.298192           15.401821       0.031253

2458067.348420           15.402334       0.031179

2458067.398649           15.402884       0.031104

2458067.448877           15.403471       0.031029

2458067.499105           15.404096       0.030952

2458067.549333           15.404757       0.030875

2458067.599562           15.405454       0.030797

2458067.649790           15.406188       0.030718

2458067.700018           15.406957       0.030639

2458067.750246           15.407763       0.030558

2458067.800474           15.408604       0.030478

2458067.850703           15.409481       0.030396

2458067.900931           15.410393       0.030315

2458067.951159           15.411339       0.030232

2458068.001387           15.412321       0.030149

2458068.051616           15.413337       0.030066

2458068.101844           15.414387       0.029983

2458068.152072           15.415472       0.029899

2458068.202300           15.416590       0.029814

2458068.252529           15.417742       0.029730

2458068.302757           15.418928       0.029645

2458068.352985           15.420146       0.029560

2458068.403213           15.421398       0.029475

2458068.453441           15.422683       0.029390

2458068.503670           15.424001       0.029305

2458068.553898           15.425351       0.029220

2458068.604126           15.426733       0.029135

2458068.654354           15.428147       0.029050

2458068.704583           15.429593       0.028965

2458068.754811           15.431071       0.028881

2458068.805039           15.432580       0.028797

2458068.855267           15.434121       0.028712

2458068.905495           15.435692       0.028629

2458068.955724           15.437295       0.028545

2458069.005952           15.438928       0.028463

2458069.056180           15.440592       0.028380

2458069.106408           15.442286       0.028298

2458069.156637           15.444010       0.028217

2458069.206865           15.445764       0.028137

2458069.257093           15.447548       0.028057

2458069.307321           15.449361       0.027978

2458069.357550           15.451204       0.027899

2458069.407778           15.453076       0.027822

2458069.458006           15.454977       0.027745

2458069.508234           15.456907       0.027670

2458069.558462           15.458865       0.027595

2458069.608691           15.460852       0.027522

2458069.658919           15.462867       0.027449

2458069.709147           15.464911       0.027378

2458069.759375           15.466982       0.027308

2458069.809604           15.469081       0.027239

2458069.859832           15.471208       0.027172

2458069.910060           15.473362       0.027106

2458069.960288           15.475544       0.027042

2458070.010517           15.477752       0.026979

2458070.060745           15.479988       0.026917

2458070.110973           15.482250       0.026857

2458070.161201           15.484538       0.026799

2458070.211429           15.486854       0.026742

2458070.261658           15.489195       0.026688

2458070.311886           15.491563       0.026634

2458070.362114           15.493956       0.026583

2458070.412342           15.496375       0.026534

2458070.462571           15.498820       0.026487

2458070.512799           15.501291       0.026441

2458070.563027           15.503786       0.026398

2458070.613255           15.506307       0.026356

2458070.663483           15.508853       0.026317

2458070.713712           15.511423       0.026280

2458070.763940           15.514019       0.026245

2458070.814168           15.516639       0.026212

2458070.864396           15.519283       0.026181

2458070.914625           15.521951       0.026153

2458070.964853           15.524644       0.026127

2458071.015081           15.527361       0.026103

2458071.065309           15.530101       0.026081

2458071.115538           15.532865       0.026062

2458071.165766           15.535653       0.026045

2458071.215994           15.538463       0.026031

2458071.266222           15.541298       0.026019

2458071.316450           15.544155       0.026009

2458071.366679           15.547035       0.026002

2458071.416907           15.549938       0.025997

2458071.467135           15.552864       0.025995

2458071.517363           15.555812       0.025995

2458071.567592           15.558783       0.025998

2458071.617820           15.561776       0.026002

2458071.668048           15.564792       0.026010

2458071.718276           15.567829       0.026020

2458071.768505           15.570888       0.026032

2458071.818733           15.573969       0.026047

2458071.868961           15.577072       0.026064

2458071.919189           15.580196       0.026083

2458071.969417           15.583342       0.026105

2458072.019646           15.586509       0.026129

2458072.069874           15.589697       0.026155

2458072.120102           15.592906       0.026184

2458072.170330           15.596136       0.026215

2458072.220559           15.599387       0.026248

2458072.270787           15.602659       0.026284

2458072.321015           15.605951       0.026322

2458072.371243           15.609264       0.026361

2458072.421471           15.612597       0.026403

2458072.471700           15.615950       0.026447

2458072.521928           15.619324       0.026494

2458072.572156           15.622717       0.026542

2458072.622384           15.626131       0.026592

2458072.672613           15.629564       0.026644

2458072.722841           15.633017       0.026698

2458072.773069           15.636490       0.026754

2458072.823297           15.639982       0.026812

2458072.873526           15.643493       0.026872

2458072.923754           15.647024       0.026933

2458072.973982           15.650573       0.026996

2458073.024210           15.654142       0.027061

2458073.074438           15.657730       0.027127

2458073.124667           15.661337       0.027195

2458073.174895           15.664962       0.027264

2458073.225123           15.668607       0.027335

2458073.275351           15.672269       0.027407

2458073.325580           15.675951       0.027481

2458073.375808           15.679650       0.027556

2458073.426036           15.683368       0.027632

2458073.476264           15.687104       0.027709

2458073.526492           15.690858       0.027788

2458073.576721           15.694630       0.027867

2458073.626949           15.698420       0.027948

2458073.677177           15.702228       0.028030

2458073.727405           15.706054       0.028112

2458073.777634           15.709897       0.028196

2458073.827862           15.713758       0.028280

2458073.878090           15.717636       0.028366

2458073.928318           15.721531       0.028452

2458073.978547           15.725444       0.028538

2458074.028775           15.729374       0.028625

2458074.079003           15.733321       0.028713

2458074.129231           15.737285       0.028802

2458074.179459           15.741266       0.028891

2458074.229688           15.745264       0.028980

2458074.279916           15.749278       0.029069

2458074.330144           15.753309       0.029159

2458074.380372           15.757357       0.029250

2458074.430601           15.761421       0.029340

2458074.480829           15.765502       0.029431

2458074.531057           15.769599       0.029521

2458074.581285           15.773712       0.029612

2458074.631514           15.777841       0.029703

2458074.681742           15.781986       0.029794

2458074.731970           15.786147       0.029884

2458074.782198           15.790325       0.029975

2458074.832426           15.794517       0.030065

2458074.882655           15.798726       0.030156

2458074.932883           15.802950       0.030245

2458074.983111           15.807190       0.030335

2458075.033339           15.811445       0.030424

2458075.083568           15.815716       0.030513

2458075.133796           15.820002       0.030601

2458075.184024           15.824303       0.030689

2458075.234252           15.828619       0.030776

2458075.284480           15.832950       0.030863

2458075.334709           15.837297       0.030949

2458075.384937           15.841658       0.031034

2458075.435165           15.846033       0.031119

2458075.485393           15.850424       0.031203

2458075.535622           15.854829       0.031286

2458075.585850           15.859248       0.031368

2458075.636078           15.863682       0.031449

2458075.686306           15.868131       0.031530

2458075.736535           15.872593       0.031609

2458075.786763           15.877070       0.031687

2458075.836991           15.881561       0.031765

2458075.887219           15.886066       0.031841

2458075.937447           15.890585       0.031916

2458075.987676           15.895117       0.031990

2458076.037904           15.899663       0.032063

2458076.088132           15.904223       0.032135

2458076.138360           15.908797       0.032205

2458076.188589           15.913383       0.032274

2458076.238817           15.917984       0.032342

2458076.289045           15.922597       0.032408

2458076.339273           15.927224       0.032473

2458076.389502           15.931864       0.032537

2458076.439730           15.936517       0.032599

2458076.489958           15.941182       0.032660

2458076.540186           15.945861       0.032719

2458076.590414           15.950552       0.032777

2458076.640643           15.955256       0.032834

2458076.690871           15.959972       0.032888

2458076.741099           15.964701       0.032942

2458076.791327           15.969443       0.032993

2458076.841556           15.974196       0.033043

2458076.891784           15.978962       0.033092

2458076.942012           15.983740       0.033138

2458076.992240           15.988529       0.033184

2458077.042468           15.993331       0.033227

2458077.092697           15.998145       0.033269

2458077.142925           16.002970       0.033309

2458077.193153           16.007807       0.033348

2458077.243381           16.012655       0.033384

2458077.293610           16.017515       0.033419

2458077.343838           16.022386       0.033453

2458077.394066           16.027268       0.033484

2458077.444294           16.032162       0.033514

2458077.494523           16.037066       0.033543

2458077.544751           16.041982       0.033569

2458077.594979           16.046908       0.033594

2458077.645207           16.051845       0.033617

2458077.695435           16.056793       0.033638

2458077.745664           16.061751       0.033658

2458077.795892           16.066720       0.033675

2458077.846120           16.071699       0.033692

2458077.896348           16.076689       0.033706

2458077.946577           16.081688       0.033719

2458077.996805           16.086698       0.033730

2458078.047033           16.091718       0.033739

2458078.097261           16.096747       0.033747

2458078.147489           16.101786       0.033753

2458078.197718           16.106835       0.033758

2458078.247946           16.111894       0.033761

2458078.298174           16.116961       0.033762

2458078.348402           16.122039       0.033762

2458078.398631           16.127125       0.033760

2458078.448859           16.132221       0.033757

2458078.499087           16.137326       0.033752

2458078.549315           16.142439       0.033746

2458078.599544           16.147562       0.033738

2458078.649772           16.152693       0.033729

2458078.700000           16.157833       0.033719

2458078.750228           16.162981       0.033707

2458078.800456           16.168138       0.033693

2458078.850685           16.173303       0.033679

2458078.900913           16.178476       0.033663

2458078.951141           16.183658       0.033646

2458079.001369           16.188847       0.033628

2458079.051598           16.194045       0.033609

2458079.101826           16.199250       0.033589

2458079.152054           16.204462       0.033567

2458079.202282           16.209683       0.033545

2458079.252511           16.214910       0.033521

2458079.302739           16.220146       0.033497

2458079.352967           16.225388       0.033472

2458079.403195           16.230637       0.033445

2458079.453423           16.235894       0.033418

2458079.503652           16.241157       0.033391

2458079.553880           16.246427       0.033363

2458079.604108           16.251704       0.033334

2458079.654336           16.256987       0.033304

2458079.704565           16.262277       0.033274

2458079.754793           16.267573       0.033243

2458079.805021           16.272876       0.033212

2458079.855249           16.278184       0.033181

2458079.905477           16.283498       0.033149

2458079.955706           16.288819       0.033117

2458080.005934           16.294145       0.033085

2458080.056162           16.299476       0.033053

2458080.106390           16.304813       0.033020

2458080.156619           16.310156       0.032988

2458080.206847           16.315504       0.032956

2458080.257075           16.320857       0.032924

2458080.307303           16.326215       0.032892

2458080.357532           16.331578       0.032860

2458080.407760           16.336945       0.032828

2458080.457988           16.342318       0.032797

2458080.508216           16.347695       0.032766

2458080.558444           16.353076       0.032736

2458080.608673           16.358462       0.032707

2458080.658901           16.363852       0.032677

2458080.709129           16.369246       0.032649

2458080.759357           16.374643       0.032622

2458080.809586           16.380045       0.032595

2458080.859814           16.385450       0.032569

2458080.910042           16.390859       0.032544

2458080.960270           16.396271       0.032520

2458081.010498           16.401687       0.032497

2458081.060727           16.407106       0.032475

2458081.110955           16.412527       0.032455

2458081.161183           16.417952       0.032436

2458081.211411           16.423379       0.032418

2458081.261640           16.428810       0.032401

2458081.311868           16.434242       0.032386

2458081.362096           16.439677       0.032372

2458081.412324           16.445114       0.032360

2458081.462553           16.450554       0.032350

2458081.512781           16.455995       0.032341

2458081.563009           16.461438       0.032334

2458081.613237           16.466883       0.032329

2458081.663465           16.472329       0.032326

2458081.713694           16.477777       0.032324

2458081.763922           16.483226       0.032325

2458081.814150           16.488676       0.032327

2458081.864378           16.494127       0.032332

2458081.914607           16.499580       0.032338

2458081.964835           16.505033       0.032347

2458082.015063           16.510486       0.032358

2458082.065291           16.515940       0.032371

2458082.115520           16.521394       0.032386

2458082.165748           16.526849       0.032404

2458082.215976           16.532303       0.032424

2458082.266204           16.537758       0.032446

2458082.316432           16.543212       0.032471

2458082.366661           16.548666       0.032498

2458082.416889           16.554119       0.032528

2458082.467117           16.559571       0.032560

2458082.517345           16.565023       0.032595

2458082.567574           16.570474       0.032632

2458082.617802           16.575924       0.032672

2458082.668030           16.581372       0.032715

2458082.718258           16.586819       0.032760

2458082.768486           16.592265       0.032807

2458082.818715           16.597709       0.032858

2458082.868943           16.603151       0.032911

2458082.919171           16.608591       0.032966

2458082.969399           16.614029       0.033025

2458083.019628           16.619465       0.033086

2458083.069856           16.624899       0.033150

2458083.120084           16.630330       0.033216

2458083.170312           16.635758       0.033285

2458083.220541           16.641183       0.033357

2458083.270769           16.646606       0.033432

2458083.320997           16.652025       0.033509

2458083.371225           16.657442       0.033589

2458083.421453           16.662854       0.033672

2458083.471682           16.668264       0.033757

2458083.521910           16.673669       0.033845

2458083.572138           16.679071       0.033936

2458083.622366           16.684469       0.034029

2458083.672595           16.689863       0.034125

2458083.722823           16.695252       0.034224

2458083.773051           16.700637       0.034325

2458083.823279           16.706018       0.034429

2458083.873508           16.711394       0.034536

2458083.923736           16.716765       0.034645

2458083.973964           16.722131       0.034757

2458084.024192           16.727492       0.034871

2458084.074420           16.732848       0.034988

2458084.124649           16.738199       0.035107

2458084.174877           16.743544       0.035229

2458084.225105           16.748884       0.035353

2458084.275333           16.754217       0.035480

2458084.325562           16.759545       0.035609

2458084.375790           16.764867       0.035740

2458084.426018           16.770183       0.035874

2458084.476246           16.775492       0.036010

2458084.526474           16.780795       0.036148

2458084.576703           16.786091       0.036289

2458084.626931           16.791381       0.036432

2458084.677159           16.796664       0.036577

2458084.727387           16.801940       0.036724

2458084.777616           16.807209       0.036874

2458084.827844           16.812471       0.037025

2458084.878072           16.817725       0.037179

2458084.928300           16.822972       0.037335

2458084.978529           16.828211       0.037492

2458085.028757           16.833443       0.037652

2458085.078985           16.838667       0.037813

2458085.129213           16.843883       0.037977

2458085.179441           16.849091       0.038142

2458085.229670           16.854290       0.038310

2458085.279898           16.859482       0.038479

2458085.330126           16.864665       0.038649

2458085.380354           16.869839       0.038822

2458085.430583           16.875005       0.038996

2458085.480811           16.880162       0.039172

2458085.531039           16.885310       0.039350

2458085.581267           16.890449       0.039529

2458085.631495           16.895579       0.039710

2458085.681724           16.900700       0.039892

2458085.731952           16.905812       0.040076

2458085.782180           16.910914       0.040261

2458085.832408           16.916006       0.040447

2458085.882637           16.921089       0.040635

2458085.932865           16.926163       0.040825

2458085.983093           16.931226       0.041015

2458086.033321           16.936280       0.041207

2458086.083550           16.941323       0.041400

2458086.133778           16.946356       0.041595

2458086.184006           16.951379       0.041790

2458086.234234           16.956392       0.041987

2458086.284462           16.961395       0.042185

2458086.334691           16.966386       0.042383

2458086.384919           16.971368       0.042583

2458086.435147           16.976338       0.042784

2458086.485375           16.981298       0.042986

2458086.535604           16.986247       0.043189

2458086.585832           16.991184       0.043393

2458086.636060           16.996111       0.043597

2458086.686288           17.001027       0.043803

2458086.736517           17.005931       0.044009

2458086.786745           17.010824       0.044216

2458086.836973           17.015706       0.044424

2458086.887201           17.020576       0.044632

2458086.937429           17.025434       0.044842

2458086.987658           17.030281       0.045052

2458087.037886           17.035116       0.045262

2458087.088114           17.039940       0.045474

2458087.138342           17.044751       0.045686

2458087.188571           17.049550       0.045898

2458087.238799           17.054338       0.046111

2458087.289027           17.059113       0.046325

2458087.339255           17.063876       0.046539

2458087.389483           17.068627       0.046754

2458087.439712           17.073365       0.046969

2458087.489940           17.078091       0.047185

2458087.540168           17.082804       0.047401

2458087.590396           17.087505       0.047617

2458087.640625           17.092193       0.047834

2458087.690853           17.096868       0.048051

2458087.741081           17.101531       0.048269

2458087.791309           17.106181       0.048487

2458087.841538           17.110817       0.048706

2458087.891766           17.115441       0.048924

2458087.941994           17.120052       0.049144

2458087.992222           17.124650       0.049363

2458088.042450           17.129234       0.049583

2458088.092679           17.133805       0.049803

2458088.142907           17.138363       0.050023

2458088.193135           17.142908       0.050244

2458088.243363           17.147439       0.050465

2458088.293592           17.151956       0.050686

2458088.343820           17.156460       0.050907

2458088.394048           17.160950       0.051129

2458088.444276           17.165427       0.051351

2458088.494505           17.169890       0.051573

2458088.544733           17.174339       0.051796

2458088.594961           17.178775       0.052018

2458088.645189           17.183196       0.052241

2458088.695417           17.187604       0.052464

2458088.745646           17.191997       0.052688

2458088.795874           17.196376       0.052912

2458088.846102           17.200742       0.053135

2458088.896330           17.205093       0.053360

2458088.946559           17.209430       0.053584

2458088.996787           17.213753       0.053809

2458089.047015           17.218061       0.054033

2458089.097243           17.222355       0.054259

2458089.147471           17.226635       0.054484

2458089.197700           17.230900       0.054710

2458089.247928           17.235151       0.054936

2458089.298156           17.239387       0.055162

2458089.348384           17.243608       0.055388

2458089.398613           17.247815       0.055615

2458089.448841           17.252008       0.055842

2458089.499069           17.256185       0.056070

2458089.549297           17.260348       0.056298

2458089.599526           17.264496       0.056526

2458089.649754           17.268629       0.056754

2458089.699982           17.272748       0.056983

2458089.750210           17.276851       0.057213

2458089.800438           17.280940       0.057442

2458089.850667           17.285013       0.057673

2458089.900895           17.289071       0.057903

2458089.951123           17.293115       0.058134

2458090.001351           17.297143       0.058366

2458090.051580           17.301156       0.058598

2458090.101808           17.305154       0.058831

2458090.152036           17.309137       0.059064

2458090.202264           17.313105       0.059298

2458090.252492           17.317057       0.059532

2458090.302721           17.320994       0.059767

2458090.352949           17.324916       0.060003

2458090.403177           17.328822       0.060239

2458090.453405           17.332713       0.060476

2458090.503634           17.336589       0.060714

2458090.553862           17.340449       0.060953

2458090.604090           17.344293       0.061192

2458090.654318           17.348123       0.061433

2458090.704547           17.351936       0.061674

2458090.754775           17.355734       0.061916

2458090.805003           17.359517       0.062159

2458090.855231           17.363284       0.062403

2458090.905459           17.367035       0.062648

2458090.955688           17.370770       0.062894

2458091.005916           17.374490       0.063141

2458091.056144           17.378194       0.063390

2458091.106372           17.381883       0.063639

2458091.156601           17.385556       0.063890

2458091.206829           17.389213       0.064142

2458091.257057           17.392854       0.064396

2458091.307285           17.396479       0.064650

2458091.357514           17.400089       0.064906

2458091.407742           17.403682       0.065164

2458091.457970           17.407260       0.065423

2458091.508198           17.410822       0.065684

2458091.558426           17.414368       0.065946

2458091.608655           17.417898       0.066210

2458091.658883           17.421412       0.066476

2458091.709111           17.424911       0.066743

2458091.759339           17.428393       0.067012

2458091.809568           17.431859       0.067283

2458091.859796           17.435309       0.067556

2458091.910024           17.438744       0.067831

2458091.960252           17.442162       0.068107

2458092.010480           17.445564       0.068386

2458092.060709           17.448950       0.068667

2458092.110937           17.452320       0.068951

2458092.161165           17.455674       0.069236

2458092.211393           17.459012       0.069524

2458092.261622           17.462334       0.069814

2458092.311850           17.465640       0.070106

2458092.362078           17.468929       0.070401

2458092.412306           17.472203       0.070699

2458092.462535           17.475460       0.070999

2458092.512763           17.478701       0.071301

2458092.562991           17.481926       0.071607

2458092.613219           17.485135       0.071915

2458092.663447           17.488328       0.072226

2458092.713676           17.491504       0.072540

2458092.763904           17.494665       0.072857

2458092.814132           17.497809       0.073177

2458092.864360           17.500937       0.073499

2458092.914589           17.504049       0.073825

2458092.964817           17.507144       0.074155

2458093.015045           17.510224       0.074487

2458093.065273           17.513287       0.074823

2458093.115502           17.516334       0.075162

2458093.165730           17.519365       0.075505

2458093.215958           17.522379       0.075851

2458093.266186           17.525378       0.076200

2458093.316414           17.528360       0.076553

2458093.366643           17.531326       0.076910

2458093.416871           17.534275       0.077271

2458093.467099           17.537209       0.077635

2458093.517327           17.540126       0.078003

2458093.567556           17.543027       0.078375

2458093.617784           17.545912       0.078751

2458093.668012           17.548781       0.079132

2458093.718240           17.551633       0.079516

2458093.768468           17.554469       0.079904

2458093.818697           17.557289       0.080296

2458093.868925           17.560093       0.080693

2458093.919153           17.562881       0.081094

2458093.969381           17.565652       0.081499

2458094.019610           17.568407       0.081909

2458094.069838           17.571146       0.082323

2458094.120066           17.573869       0.082742

2458094.170294           17.576576       0.083165

2458094.220523           17.579266       0.083593

2458094.270751           17.581941       0.084025

2458094.320979           17.584599       0.084463

2458094.371207           17.587241       0.084904

2458094.421435           17.589867       0.085351

2458094.471664           17.592477       0.085803

2458094.521892           17.595071       0.086259

2458094.572120           17.597648       0.086720

2458094.622348           17.600210       0.087186

2458094.672577           17.602755       0.087658

2458094.722805           17.605284       0.088134

2458094.773033           17.607798       0.088615

2458094.823261           17.610295       0.089101

2458094.873489           17.612776       0.089593

2458094.923718           17.615241       0.090090

2458094.973946           17.617690       0.090591

2458095.024174           17.620123       0.091098

2458095.074402           17.622540       0.091611

2458095.124631           17.624941       0.092128

2458095.174859           17.627327       0.092651

2458095.225087           17.629696       0.093180

2458095.275315           17.632049       0.093713

2458095.325544           17.634386       0.094252

2458095.375772           17.636708       0.094797

2458095.426000           17.639013       0.095346

