This file contains the LC params of 2009an in filter-V

#-----------------------------#

#-----------------------------#
Jd at maximum in V band is: 2454900.254945 +/- 1.085089
Magnitude at maximum in V band is: 14.604053 +/- 0.042431
#-----------------------------#
#-----------------------------#
JD after 15-days from V band maximum is: 2454915.254945
Magnitude after 15-days from V band maximum is: 15.195582 +/- 0.050014
Estimated value of dm15 is: 0.591529 +/- 0.065588
Secondary maximum is not applicable for this band
The magnitudes are not k-corrected
Interpolated Light Curve through GP

#-----------------------------#

  JD                 MAG           MERR

2454886.663700           14.860257       0.144642

2454886.692434           14.859647       0.144201

2454886.721168           14.859037       0.143761

2454886.749902           14.858425       0.143321

2454886.778637           14.857812       0.142880

2454886.807371           14.857199       0.142440

2454886.836105           14.856584       0.142001

2454886.864839           14.855969       0.141561

2454886.893573           14.855353       0.141121

2454886.922307           14.854735       0.140682

2454886.951041           14.854117       0.140243

2454886.979775           14.853498       0.139804

2454887.008510           14.852879       0.139365

2454887.037244           14.852258       0.138927

2454887.065978           14.851636       0.138488

2454887.094712           14.851014       0.138050

2454887.123446           14.850390       0.137612

2454887.152180           14.849766       0.137174

2454887.180914           14.849141       0.136736

2454887.209649           14.848515       0.136299

2454887.238383           14.847888       0.135861

2454887.267117           14.847261       0.135424

2454887.295851           14.846632       0.134987

2454887.324585           14.846003       0.134550

2454887.353319           14.845373       0.134114

2454887.382053           14.844742       0.133678

2454887.410787           14.844110       0.133242

2454887.439522           14.843477       0.132806

2454887.468256           14.842844       0.132370

2454887.496990           14.842209       0.131935

2454887.525724           14.841574       0.131500

2454887.554458           14.840938       0.131065

2454887.583192           14.840301       0.130630

2454887.611926           14.839664       0.130196

2454887.640661           14.839025       0.129762

2454887.669395           14.838386       0.129328

2454887.698129           14.837746       0.128894

2454887.726863           14.837105       0.128461

2454887.755597           14.836464       0.128028

2454887.784331           14.835821       0.127595

2454887.813065           14.835178       0.127162

2454887.841799           14.834534       0.126730

2454887.870534           14.833889       0.126298

2454887.899268           14.833244       0.125866

2454887.928002           14.832598       0.125435

2454887.956736           14.831951       0.125003

2454887.985470           14.831303       0.124572

2454888.014204           14.830654       0.124142

2454888.042938           14.830005       0.123712

2454888.071673           14.829355       0.123282

2454888.100407           14.828704       0.122852

2454888.129141           14.828053       0.122423

2454888.157875           14.827401       0.121994

2454888.186609           14.826748       0.121565

2454888.215343           14.826094       0.121136

2454888.244077           14.825440       0.120708

2454888.272812           14.824785       0.120281

2454888.301546           14.824129       0.119853

2454888.330280           14.823473       0.119426

2454888.359014           14.822815       0.119000

2454888.387748           14.822157       0.118573

2454888.416482           14.821499       0.118147

2454888.445216           14.820840       0.117722

2454888.473950           14.820180       0.117296

2454888.502685           14.819519       0.116871

2454888.531419           14.818858       0.116447

2454888.560153           14.818196       0.116023

2454888.588887           14.817533       0.115599

2454888.617621           14.816870       0.115175

2454888.646355           14.816206       0.114752

2454888.675089           14.815542       0.114330

2454888.703824           14.814877       0.113908

2454888.732558           14.814211       0.113486

2454888.761292           14.813545       0.113064

2454888.790026           14.812878       0.112643

2454888.818760           14.812210       0.112223

2454888.847494           14.811542       0.111803

2454888.876228           14.810873       0.111383

2454888.904962           14.810203       0.110964

2454888.933697           14.809533       0.110545

2454888.962431           14.808863       0.110126

2454888.991165           14.808191       0.109708

2454889.019899           14.807520       0.109291

2454889.048633           14.806847       0.108874

2454889.077367           14.806174       0.108457

2454889.106101           14.805501       0.108041

2454889.134836           14.804827       0.107625

2454889.163570           14.804152       0.107210

2454889.192304           14.803477       0.106795

2454889.221038           14.802801       0.106381

2454889.249772           14.802125       0.105967

2454889.278506           14.801448       0.105554

2454889.307240           14.800771       0.105141

2454889.335974           14.800093       0.104729

2454889.364709           14.799415       0.104317

2454889.393443           14.798736       0.103905

2454889.422177           14.798057       0.103495

2454889.450911           14.797377       0.103084

2454889.479645           14.796697       0.102675

2454889.508379           14.796016       0.102266

2454889.537113           14.795335       0.101857

2454889.565848           14.794653       0.101449

2454889.594582           14.793971       0.101041

2454889.623316           14.793289       0.100634

2454889.652050           14.792606       0.100228

2454889.680784           14.791922       0.099822

2454889.709518           14.791238       0.099417

2454889.738252           14.790554       0.099012

2454889.766986           14.789869       0.098608

2454889.795721           14.789184       0.098204

2454889.824455           14.788499       0.097801

2454889.853189           14.787813       0.097399

2454889.881923           14.787126       0.096997

2454889.910657           14.786440       0.096596

2454889.939391           14.785752       0.096195

2454889.968125           14.785065       0.095795

2454889.996860           14.784377       0.095396

2454890.025594           14.783689       0.094997

2454890.054328           14.783000       0.094599

2454890.083062           14.782311       0.094202

2454890.111796           14.781622       0.093805

2454890.140530           14.780933       0.093409

2454890.169264           14.780243       0.093014

2454890.197998           14.779553       0.092619

2454890.226733           14.778862       0.092225

2454890.255467           14.778171       0.091832

2454890.284201           14.777480       0.091439

2454890.312935           14.776789       0.091047

2454890.341669           14.776097       0.090656

2454890.370403           14.775405       0.090265

2454890.399137           14.774713       0.089875

2454890.427872           14.774020       0.089486

2454890.456606           14.773328       0.089098

2454890.485340           14.772635       0.088710

2454890.514074           14.771942       0.088323

2454890.542808           14.771248       0.087937

2454890.571542           14.770554       0.087551

2454890.600276           14.769861       0.087166

2454890.629011           14.769167       0.086783

2454890.657745           14.768472       0.086399

2454890.686479           14.767778       0.086017

2454890.715213           14.767083       0.085635

2454890.743947           14.766389       0.085255

2454890.772681           14.765694       0.084875

2454890.801415           14.764999       0.084495

2454890.830149           14.764303       0.084117

2454890.858884           14.763608       0.083739

2454890.887618           14.762912       0.083363

2454890.916352           14.762217       0.082987

2454890.945086           14.761521       0.082612

2454890.973820           14.760825       0.082238

2454891.002554           14.760129       0.081864

2454891.031288           14.759433       0.081492

2454891.060023           14.758737       0.081120

2454891.088757           14.758041       0.080749

2454891.117491           14.757345       0.080380

2454891.146225           14.756649       0.080011

2454891.174959           14.755952       0.079643

2454891.203693           14.755256       0.079276

2454891.232427           14.754560       0.078909

2454891.261161           14.753863       0.078544

2454891.289896           14.753167       0.078180

2454891.318630           14.752470       0.077817

2454891.347364           14.751774       0.077454

2454891.376098           14.751078       0.077093

2454891.404832           14.750381       0.076732

2454891.433566           14.749685       0.076373

2454891.462300           14.748989       0.076014

2454891.491035           14.748293       0.075657

2454891.519769           14.747596       0.075300

2454891.548503           14.746900       0.074945

2454891.577237           14.746204       0.074590

2454891.605971           14.745509       0.074237

2454891.634705           14.744813       0.073884

2454891.663439           14.744117       0.073533

2454891.692173           14.743422       0.073183

2454891.720908           14.742726       0.072833

2454891.749642           14.742031       0.072485

2454891.778376           14.741336       0.072138

2454891.807110           14.740641       0.071792

2454891.835844           14.739946       0.071447

2454891.864578           14.739252       0.071104

2454891.893312           14.738558       0.070761

2454891.922047           14.737863       0.070419

2454891.950781           14.737169       0.070079

2454891.979515           14.736476       0.069740

2454892.008249           14.735782       0.069402

2454892.036983           14.735089       0.069065

2454892.065717           14.734396       0.068729

2454892.094451           14.733703       0.068395

2454892.123185           14.733011       0.068061

2454892.151920           14.732319       0.067729

2454892.180654           14.731627       0.067398

2454892.209388           14.730935       0.067069

2454892.238122           14.730244       0.066740

2454892.266856           14.729553       0.066413

2454892.295590           14.728863       0.066087

2454892.324324           14.728173       0.065763

2454892.353059           14.727483       0.065439

2454892.381793           14.726793       0.065117

2454892.410527           14.726104       0.064797

2454892.439261           14.725416       0.064477

2454892.467995           14.724728       0.064159

2454892.496729           14.724040       0.063842

2454892.525463           14.723352       0.063527

2454892.554197           14.722665       0.063213

2454892.582932           14.721979       0.062900

2454892.611666           14.721293       0.062589

2454892.640400           14.720607       0.062279

2454892.669134           14.719922       0.061970

2454892.697868           14.719238       0.061663

2454892.726602           14.718554       0.061357

2454892.755336           14.717870       0.061053

2454892.784071           14.717187       0.060750

2454892.812805           14.716505       0.060449

2454892.841539           14.715823       0.060149

2454892.870273           14.715142       0.059851

2454892.899007           14.714461       0.059554

2454892.927741           14.713781       0.059259

2454892.956475           14.713102       0.058965

2454892.985210           14.712423       0.058672

2454893.013944           14.711745       0.058382

2454893.042678           14.711067       0.058092

2454893.071412           14.710390       0.057805

2454893.100146           14.709714       0.057519

2454893.128880           14.709038       0.057234

2454893.157614           14.708364       0.056951

2454893.186348           14.707690       0.056670

2454893.215083           14.707016       0.056390

2454893.243817           14.706343       0.056112

2454893.272551           14.705672       0.055836

2454893.301285           14.705000       0.055561

2454893.330019           14.704330       0.055288

2454893.358753           14.703661       0.055017

2454893.387487           14.702992       0.054748

2454893.416222           14.702324       0.054480

2454893.444956           14.701657       0.054214

2454893.473690           14.700991       0.053949

2454893.502424           14.700325       0.053686

2454893.531158           14.699661       0.053426

2454893.559892           14.698997       0.053166

2454893.588626           14.698334       0.052909

2454893.617360           14.697672       0.052654

2454893.646095           14.697012       0.052400

2454893.674829           14.696352       0.052148

2454893.703563           14.695693       0.051898

2454893.732297           14.695035       0.051650

2454893.761031           14.694378       0.051404

2454893.789765           14.693722       0.051159

2454893.818499           14.693067       0.050917

2454893.847234           14.692413       0.050676

2454893.875968           14.691760       0.050438

2454893.904702           14.691108       0.050201

2454893.933436           14.690457       0.049966

2454893.962170           14.689807       0.049733

2454893.990904           14.689159       0.049502

2454894.019638           14.688511       0.049273

2454894.048372           14.687865       0.049046

2454894.077107           14.687220       0.048822

2454894.105841           14.686575       0.048599

2454894.134575           14.685933       0.048378

2454894.163309           14.685291       0.048159

2454894.192043           14.684650       0.047942

2454894.220777           14.684011       0.047728

2454894.249511           14.683373       0.047515

2454894.278246           14.682736       0.047304

2454894.306980           14.682101       0.047096

2454894.335714           14.681467       0.046890

2454894.364448           14.680834       0.046686

2454894.393182           14.680202       0.046483

2454894.421916           14.679572       0.046284

2454894.450650           14.678943       0.046086

2454894.479384           14.678316       0.045890

2454894.508119           14.677690       0.045697

2454894.536853           14.677065       0.045505

2454894.565587           14.676441       0.045316

2454894.594321           14.675820       0.045130

2454894.623055           14.675199       0.044945

2454894.651789           14.674580       0.044762

2454894.680523           14.673963       0.044582

2454894.709258           14.673347       0.044404

2454894.737992           14.672732       0.044229

2454894.766726           14.672119       0.044055

2454894.795460           14.671508       0.043884

2454894.824194           14.670898       0.043715

2454894.852928           14.670290       0.043548

2454894.881662           14.669683       0.043384

2454894.910396           14.669078       0.043222

2454894.939131           14.668475       0.043062

2454894.967865           14.667873       0.042905

2454894.996599           14.667273       0.042749

2454895.025333           14.666675       0.042597

2454895.054067           14.666078       0.042446

2454895.082801           14.665483       0.042298

2454895.111535           14.664890       0.042152

2454895.140270           14.664299       0.042008

2454895.169004           14.663709       0.041867

2454895.197738           14.663121       0.041728

2454895.226472           14.662535       0.041592

2454895.255206           14.661951       0.041457

2454895.283940           14.661368       0.041325

2454895.312674           14.660788       0.041196

2454895.341409           14.660209       0.041069

2454895.370143           14.659633       0.040944

2454895.398877           14.659058       0.040821

2454895.427611           14.658485       0.040701

2454895.456345           14.657914       0.040584

2454895.485079           14.657345       0.040468

2454895.513813           14.656778       0.040355

2454895.542547           14.656213       0.040244

2454895.571282           14.655651       0.040136

2454895.600016           14.655090       0.040030

2454895.628750           14.654531       0.039926

2454895.657484           14.653974       0.039825

2454895.686218           14.653420       0.039725

2454895.714952           14.652868       0.039629

2454895.743686           14.652317       0.039534

2454895.772421           14.651769       0.039442

2454895.801155           14.651223       0.039352

2454895.829889           14.650680       0.039265

2454895.858623           14.650138       0.039180

2454895.887357           14.649599       0.039097

2454895.916091           14.649062       0.039016

2454895.944825           14.648527       0.038937

2454895.973559           14.647995       0.038861

2454896.002294           14.647464       0.038787

2454896.031028           14.646937       0.038716

2454896.059762           14.646411       0.038646

2454896.088496           14.645888       0.038579

2454896.117230           14.645368       0.038514

2454896.145964           14.644849       0.038451

2454896.174698           14.644333       0.038391

2454896.203433           14.643820       0.038332

2454896.232167           14.643309       0.038276

2454896.260901           14.642801       0.038222

2454896.289635           14.642295       0.038170

2454896.318369           14.641791       0.038120

2454896.347103           14.641290       0.038072

2454896.375837           14.640792       0.038027

2454896.404571           14.640296       0.037983

2454896.433306           14.639803       0.037942

2454896.462040           14.639312       0.037902

2454896.490774           14.638824       0.037865

2454896.519508           14.638339       0.037829

2454896.548242           14.637856       0.037796

2454896.576976           14.637376       0.037764

2454896.605710           14.636899       0.037735

2454896.634445           14.636425       0.037707

2454896.663179           14.635953       0.037682

2454896.691913           14.635484       0.037658

2454896.720647           14.635017       0.037636

2454896.749381           14.634554       0.037616

2454896.778115           14.634093       0.037598

2454896.806849           14.633635       0.037581

2454896.835583           14.633180       0.037567

2454896.864318           14.632728       0.037554

2454896.893052           14.632279       0.037543

2454896.921786           14.631833       0.037534

2454896.950520           14.631389       0.037526

2454896.979254           14.630949       0.037520

2454897.007988           14.630511       0.037516

2454897.036722           14.630077       0.037514

2454897.065457           14.629645       0.037513

2454897.094191           14.629216       0.037513

2454897.122925           14.628791       0.037516

2454897.151659           14.628368       0.037520

2454897.180393           14.627949       0.037525

2454897.209127           14.627533       0.037532

2454897.237861           14.627119       0.037540

2454897.266595           14.626709       0.037550

2454897.295330           14.626302       0.037562

2454897.324064           14.625898       0.037574

2454897.352798           14.625497       0.037589

2454897.381532           14.625100       0.037604

2454897.410266           14.624705       0.037621

2454897.439000           14.624314       0.037639

2454897.467734           14.623926       0.037659

2454897.496469           14.623542       0.037679

2454897.525203           14.623160       0.037702

2454897.553937           14.622782       0.037725

2454897.582671           14.622407       0.037749

2454897.611405           14.622036       0.037775

2454897.640139           14.621668       0.037802

2454897.668873           14.621303       0.037830

2454897.697608           14.620941       0.037859

2454897.726342           14.620583       0.037889

2454897.755076           14.620228       0.037920

2454897.783810           14.619877       0.037953

2454897.812544           14.619529       0.037986

2454897.841278           14.619185       0.038020

2454897.870012           14.618844       0.038056

2454897.898746           14.618506       0.038092

2454897.927481           14.618172       0.038129

2454897.956215           14.617842       0.038167

2454897.984949           14.617515       0.038206

2454898.013683           14.617191       0.038246

2454898.042417           14.616871       0.038287

2454898.071151           14.616555       0.038328

2454898.099885           14.616242       0.038371

2454898.128620           14.615933       0.038414

2454898.157354           14.615627       0.038458

2454898.186088           14.615325       0.038502

2454898.214822           14.615027       0.038547

2454898.243556           14.614733       0.038593

2454898.272290           14.614442       0.038640

2454898.301024           14.614154       0.038687

2454898.329758           14.613871       0.038735

2454898.358493           14.613591       0.038784

2454898.387227           14.613315       0.038833

2454898.415961           14.613043       0.038882

2454898.444695           14.612774       0.038932

2454898.473429           14.612509       0.038983

2454898.502163           14.612248       0.039034

2454898.530897           14.611991       0.039086

2454898.559632           14.611738       0.039138

2454898.588366           14.611488       0.039191

2454898.617100           14.611243       0.039244

2454898.645834           14.611001       0.039297

2454898.674568           14.610763       0.039351

2454898.703302           14.610529       0.039405

2454898.732036           14.610299       0.039459

2454898.760770           14.610073       0.039514

2454898.789505           14.609850       0.039569

2454898.818239           14.609632       0.039624

2454898.846973           14.609418       0.039680

2454898.875707           14.609207       0.039736

2454898.904441           14.609001       0.039792

2454898.933175           14.608799       0.039849

2454898.961909           14.608600       0.039905

2454898.990644           14.608406       0.039962

2454899.019378           14.608216       0.040019

2454899.048112           14.608030       0.040076

2454899.076846           14.607848       0.040133

2454899.105580           14.607670       0.040190

2454899.134314           14.607496       0.040248

2454899.163048           14.607326       0.040305

2454899.191782           14.607160       0.040363

2454899.220517           14.606999       0.040421

2454899.249251           14.606842       0.040479

2454899.277985           14.606689       0.040536

2454899.306719           14.606540       0.040594

2454899.335453           14.606395       0.040652

2454899.364187           14.606254       0.040710

2454899.392921           14.606118       0.040768

2454899.421656           14.605986       0.040825

2454899.450390           14.605858       0.040883

2454899.479124           14.605734       0.040941

2454899.507858           14.605615       0.040998

2454899.536592           14.605500       0.041056

2454899.565326           14.605389       0.041113

2454899.594060           14.605283       0.041170

2454899.622794           14.605181       0.041227

2454899.651529           14.605083       0.041284

2454899.680263           14.604990       0.041341

2454899.708997           14.604901       0.041398

2454899.737731           14.604816       0.041454

2454899.766465           14.604736       0.041511

2454899.795199           14.604660       0.041567

2454899.823933           14.604588       0.041623

2454899.852668           14.604521       0.041679

2454899.881402           14.604459       0.041734

2454899.910136           14.604400       0.041789

2454899.938870           14.604347       0.041844

2454899.967604           14.604297       0.041899

2454899.996338           14.604253       0.041954

2454900.025072           14.604212       0.042008

2454900.053807           14.604177       0.042062

2454900.082541           14.604145       0.042115

2454900.111275           14.604119       0.042169

2454900.140009           14.604096       0.042222

2454900.168743           14.604079       0.042274

2454900.197477           14.604066       0.042327

2454900.226211           14.604057       0.042379

2454900.254945           14.604053       0.042431

2454900.283680           14.604054       0.042482

2454900.312414           14.604059       0.042533

2454900.341148           14.604069       0.042583

2454900.369882           14.604083       0.042634

2454900.398616           14.604102       0.042684

2454900.427350           14.604126       0.042733

2454900.456084           14.604154       0.042782

2454900.484819           14.604188       0.042831

2454900.513553           14.604225       0.042879

2454900.542287           14.604268       0.042927

2454900.571021           14.604315       0.042974

2454900.599755           14.604367       0.043021

2454900.628489           14.604423       0.043068

2454900.657223           14.604484       0.043114

2454900.685957           14.604550       0.043159

2454900.714692           14.604621       0.043204

2454900.743426           14.604697       0.043249

2454900.772160           14.604777       0.043293

2454900.800894           14.604862       0.043337

2454900.829628           14.604952       0.043380

2454900.858362           14.605046       0.043423

2454900.887096           14.605146       0.043466

2454900.915831           14.605250       0.043507

2454900.944565           14.605359       0.043549

2454900.973299           14.605473       0.043589

2454901.002033           14.605591       0.043630

2454901.030767           14.605715       0.043670

2454901.059501           14.605843       0.043709

2454901.088235           14.605977       0.043748

2454901.116969           14.606115       0.043786

2454901.145704           14.606258       0.043823

2454901.174438           14.606406       0.043861

2454901.203172           14.606559       0.043897

2454901.231906           14.606716       0.043933

2454901.260640           14.606879       0.043969

2454901.289374           14.607047       0.044004

2454901.318108           14.607219       0.044038

2454901.346843           14.607396       0.044072

2454901.375577           14.607579       0.044105

2454901.404311           14.607766       0.044138

2454901.433045           14.607959       0.044170

2454901.461779           14.608156       0.044202

2454901.490513           14.608358       0.044233

2454901.519247           14.608565       0.044264

2454901.547981           14.608778       0.044293

2454901.576716           14.608995       0.044323

2454901.605450           14.609217       0.044352

2454901.634184           14.609444       0.044380

2454901.662918           14.609677       0.044407

2454901.691652           14.609914       0.044434

2454901.720386           14.610156       0.044461

2454901.749120           14.610404       0.044487

2454901.777855           14.610656       0.044512

2454901.806589           14.610914       0.044536

2454901.835323           14.611177       0.044561

2454901.864057           14.611444       0.044584

2454901.892791           14.611717       0.044607

2454901.921525           14.611995       0.044629

2454901.950259           14.612278       0.044651

2454901.978993           14.612566       0.044672

2454902.007728           14.612859       0.044692

2454902.036462           14.613157       0.044712

2454902.065196           14.613461       0.044731

2454902.093930           14.613769       0.044750

2454902.122664           14.614083       0.044768

2454902.151398           14.614402       0.044786

2454902.180132           14.614726       0.044802

2454902.208867           14.615055       0.044819

2454902.237601           14.615389       0.044834

2454902.266335           14.615728       0.044849

2454902.295069           14.616073       0.044864

2454902.323803           14.616423       0.044878

2454902.352537           14.616777       0.044891

2454902.381271           14.617138       0.044903

2454902.410006           14.617503       0.044915

2454902.438740           14.617873       0.044927

2454902.467474           14.618249       0.044938

2454902.496208           14.618630       0.044948

2454902.524942           14.619016       0.044957

2454902.553676           14.619407       0.044966

2454902.582410           14.619804       0.044975

2454902.611144           14.620205       0.044982

2454902.639879           14.620612       0.044990

2454902.668613           14.621025       0.044996

2454902.697347           14.621442       0.045002

2454902.726081           14.621865       0.045008

2454902.754815           14.622292       0.045012

2454902.783549           14.622726       0.045016

2454902.812283           14.623164       0.045020

2454902.841018           14.623608       0.045023

2454902.869752           14.624057       0.045025

2454902.898486           14.624511       0.045027

2454902.927220           14.624970       0.045028

2454902.955954           14.625435       0.045029

2454902.984688           14.625905       0.045029

2454903.013422           14.626380       0.045028

2454903.042156           14.626860       0.045027

2454903.070891           14.627346       0.045025

2454903.099625           14.627837       0.045023

2454903.128359           14.628334       0.045020

2454903.157093           14.628835       0.045017

2454903.185827           14.629342       0.045012

2454903.214561           14.629855       0.045008

2454903.243295           14.630372       0.045003

2454903.272030           14.630895       0.044997

2454903.300764           14.631423       0.044990

2454903.329498           14.631956       0.044983

2454903.358232           14.632495       0.044976

2454903.386966           14.633039       0.044968

2454903.415700           14.633589       0.044959

2454903.444434           14.634143       0.044950

2454903.473168           14.634703       0.044940

2454903.501903           14.635269       0.044930

2454903.530637           14.635839       0.044919

2454903.559371           14.636415       0.044908

2454903.588105           14.636996       0.044896

2454903.616839           14.637583       0.044883

2454903.645573           14.638175       0.044870

2454903.674307           14.638772       0.044856

2454903.703042           14.639375       0.044842

2454903.731776           14.639982       0.044828

2454903.760510           14.640596       0.044812

2454903.789244           14.641214       0.044797

2454903.817978           14.641838       0.044780

2454903.846712           14.642467       0.044764

2454903.875446           14.643102       0.044746

2454903.904180           14.643741       0.044729

2454903.932915           14.644387       0.044710

2454903.961649           14.645037       0.044691

2454903.990383           14.645693       0.044672

2454904.019117           14.646354       0.044652

2454904.047851           14.647020       0.044632

2454904.076585           14.647692       0.044611

2454904.105319           14.648369       0.044590

2454904.134054           14.649052       0.044568

2454904.162788           14.649739       0.044545

2454904.191522           14.650432       0.044523

2454904.220256           14.651131       0.044499

2454904.248990           14.651835       0.044476

2454904.277724           14.652544       0.044451

2454904.306458           14.653258       0.044427

2454904.335192           14.653978       0.044401

2454904.363927           14.654703       0.044376

2454904.392661           14.655433       0.044350

2454904.421395           14.656168       0.044323

2454904.450129           14.656909       0.044296

2454904.478863           14.657656       0.044269

2454904.507597           14.658407       0.044241

2454904.536331           14.659164       0.044212

2454904.565066           14.659926       0.044184

2454904.593800           14.660694       0.044154

2454904.622534           14.661466       0.044125

2454904.651268           14.662244       0.044095

2454904.680002           14.663028       0.044064

2454904.708736           14.663816       0.044033

2454904.737470           14.664610       0.044002

2454904.766205           14.665409       0.043970

2454904.794939           14.666214       0.043938

2454904.823673           14.667023       0.043905

2454904.852407           14.667838       0.043872

2454904.881141           14.668659       0.043839

2454904.909875           14.669484       0.043805

2454904.938609           14.670315       0.043771

2454904.967343           14.671151       0.043736

2454904.996078           14.671992       0.043701

2454905.024812           14.672839       0.043666

2454905.053546           14.673691       0.043631

2454905.082280           14.674548       0.043595

2454905.111014           14.675410       0.043558

2454905.139748           14.676277       0.043521

2454905.168482           14.677150       0.043484

2454905.197217           14.678028       0.043447

2454905.225951           14.678911       0.043409

2454905.254685           14.679799       0.043371

2454905.283419           14.680693       0.043332

2454905.312153           14.681592       0.043294

2454905.340887           14.682496       0.043255

2454905.369621           14.683405       0.043215

2454905.398355           14.684319       0.043175

2454905.427090           14.685239       0.043135

2454905.455824           14.686163       0.043095

2454905.484558           14.687093       0.043054

2454905.513292           14.688028       0.043013

2454905.542026           14.688968       0.042972

2454905.570760           14.689914       0.042930

2454905.599494           14.690864       0.042888

2454905.628229           14.691820       0.042846

2454905.656963           14.692780       0.042804

2454905.685697           14.693746       0.042761

2454905.714431           14.694717       0.042718

2454905.743165           14.695693       0.042675

2454905.771899           14.696674       0.042631

2454905.800633           14.697660       0.042587

2454905.829367           14.698651       0.042543

2454905.858102           14.699648       0.042499

2454905.886836           14.700649       0.042455

2454905.915570           14.701656       0.042410

2454905.944304           14.702667       0.042365

2454905.973038           14.703684       0.042320

2454906.001772           14.704705       0.042274

2454906.030506           14.705732       0.042229

2454906.059241           14.706763       0.042183

2454906.087975           14.707800       0.042137

2454906.116709           14.708842       0.042090

2454906.145443           14.709888       0.042044

2454906.174177           14.710940       0.041997

2454906.202911           14.711996       0.041950

2454906.231645           14.713058       0.041903

2454906.260379           14.714124       0.041856

2454906.289114           14.715195       0.041808

2454906.317848           14.716272       0.041761

2454906.346582           14.717353       0.041713

2454906.375316           14.718439       0.041665

2454906.404050           14.719530       0.041617

2454906.432784           14.720626       0.041569

2454906.461518           14.721727       0.041520

2454906.490253           14.722832       0.041472

2454906.518987           14.723943       0.041423

2454906.547721           14.725058       0.041374

2454906.576455           14.726178       0.041325

2454906.605189           14.727303       0.041276

2454906.633923           14.728433       0.041227

2454906.662657           14.729567       0.041178

2454906.691391           14.730707       0.041128

2454906.720126           14.731851       0.041079

2454906.748860           14.732999       0.041029

2454906.777594           14.734153       0.040979

2454906.806328           14.735311       0.040930

2454906.835062           14.736474       0.040880

2454906.863796           14.737642       0.040830

2454906.892530           14.738814       0.040779

2454906.921265           14.739992       0.040729

2454906.949999           14.741173       0.040679

2454906.978733           14.742360       0.040629

2454907.007467           14.743551       0.040578

2454907.036201           14.744746       0.040528

2454907.064935           14.745947       0.040477

2454907.093669           14.747152       0.040427

2454907.122404           14.748361       0.040376

2454907.151138           14.749575       0.040326

2454907.179872           14.750794       0.040275

2454907.208606           14.752017       0.040224

2454907.237340           14.753244       0.040174

2454907.266074           14.754477       0.040123

2454907.294808           14.755713       0.040072

2454907.323542           14.756954       0.040021

2454907.352277           14.758200       0.039971

2454907.381011           14.759450       0.039920

2454907.409745           14.760704       0.039869

2454907.438479           14.761963       0.039818

2454907.467213           14.763226       0.039768

2454907.495947           14.764494       0.039717

2454907.524681           14.765766       0.039666

2454907.553416           14.767042       0.039615

2454907.582150           14.768323       0.039565

2454907.610884           14.769608       0.039514

2454907.639618           14.770897       0.039464

2454907.668352           14.772191       0.039413

2454907.697086           14.773489       0.039362

2454907.725820           14.774791       0.039312

2454907.754554           14.776097       0.039262

2454907.783289           14.777407       0.039211

2454907.812023           14.778722       0.039161

2454907.840757           14.780041       0.039111

2454907.869491           14.781364       0.039061

2454907.898225           14.782691       0.039011

2454907.926959           14.784022       0.038961

2454907.955693           14.785358       0.038911

2454907.984428           14.786697       0.038861

2454908.013162           14.788041       0.038812

2454908.041896           14.789388       0.038762

2454908.070630           14.790740       0.038713

2454908.099364           14.792095       0.038663

2454908.128098           14.793455       0.038614

2454908.156832           14.794819       0.038565

2454908.185566           14.796186       0.038516

2454908.214301           14.797557       0.038468

2454908.243035           14.798933       0.038419

2454908.271769           14.800312       0.038371

2454908.300503           14.801695       0.038322

2454908.329237           14.803082       0.038274

2454908.357971           14.804473       0.038226

2454908.386705           14.805868       0.038178

2454908.415440           14.807266       0.038131

2454908.444174           14.808668       0.038083

2454908.472908           14.810074       0.038036

2454908.501642           14.811484       0.037989

2454908.530376           14.812897       0.037942

2454908.559110           14.814314       0.037895

2454908.587844           14.815735       0.037849

2454908.616578           14.817159       0.037803

2454908.645313           14.818587       0.037757

2454908.674047           14.820019       0.037711

2454908.702781           14.821454       0.037665

2454908.731515           14.822893       0.037620

2454908.760249           14.824335       0.037575

2454908.788983           14.825781       0.037530

2454908.817717           14.827230       0.037486

2454908.846452           14.828683       0.037441

2454908.875186           14.830140       0.037397

2454908.903920           14.831599       0.037354

2454908.932654           14.833062       0.037310

2454908.961388           14.834529       0.037267

2454908.990122           14.835999       0.037224

2454909.018856           14.837472       0.037182

2454909.047590           14.838949       0.037139

2454909.076325           14.840429       0.037098

2454909.105059           14.841912       0.037056

2454909.133793           14.843398       0.037015

2454909.162527           14.844888       0.036974

2454909.191261           14.846381       0.036933

2454909.219995           14.847877       0.036893

2454909.248729           14.849376       0.036853

2454909.277464           14.850878       0.036814

2454909.306198           14.852384       0.036775

2454909.334932           14.853893       0.036736

2454909.363666           14.855404       0.036698

2454909.392400           14.856919       0.036660

2454909.421134           14.858437       0.036622

2454909.449868           14.859958       0.036585

2454909.478603           14.861482       0.036549

2454909.507337           14.863008       0.036512

2454909.536071           14.864538       0.036477

2454909.564805           14.866071       0.036441

2454909.593539           14.867606       0.036406

2454909.622273           14.869145       0.036372

2454909.651007           14.870686       0.036338

2454909.679741           14.872230       0.036304

2454909.708476           14.873777       0.036271

2454909.737210           14.875327       0.036239

2454909.765944           14.876879       0.036207

2454909.794678           14.878434       0.036175

2454909.823412           14.879992       0.036145

2454909.852146           14.881553       0.036114

2454909.880880           14.883116       0.036084

2454909.909615           14.884682       0.036055

2454909.938349           14.886250       0.036026

2454909.967083           14.887821       0.035998

2454909.995817           14.889395       0.035970

2454910.024551           14.890971       0.035943

2454910.053285           14.892550       0.035917

2454910.082019           14.894131       0.035891

2454910.110753           14.895715       0.035866

2454910.139488           14.897301       0.035841

2454910.168222           14.898889       0.035817

2454910.196956           14.900480       0.035794

2454910.225690           14.902074       0.035771

2454910.254424           14.903669       0.035749

2454910.283158           14.905267       0.035728

2454910.311892           14.906868       0.035707

2454910.340627           14.908470       0.035687

2454910.369361           14.910075       0.035668

2454910.398095           14.911682       0.035649

2454910.426829           14.913291       0.035631

2454910.455563           14.914903       0.035614

2454910.484297           14.916516       0.035598

2454910.513031           14.918132       0.035582

2454910.541765           14.919750       0.035568

2454910.570500           14.921370       0.035553

2454910.599234           14.922991       0.035540

2454910.627968           14.924615       0.035528

2454910.656702           14.926241       0.035516

2454910.685436           14.927869       0.035505

2454910.714170           14.929499       0.035495

2454910.742904           14.931131       0.035486

2454910.771639           14.932765       0.035477

2454910.800373           14.934401       0.035470

2454910.829107           14.936038       0.035463

2454910.857841           14.937677       0.035457

2454910.886575           14.939319       0.035452

2454910.915309           14.940962       0.035448

2454910.944043           14.942606       0.035445

2454910.972777           14.944253       0.035443

2454911.001512           14.945901       0.035442

2454911.030246           14.947551       0.035442

2454911.058980           14.949202       0.035442

2454911.087714           14.950855       0.035444

2454911.116448           14.952510       0.035446

2454911.145182           14.954166       0.035450

2454911.173916           14.955824       0.035455

2454911.202651           14.957484       0.035460

2454911.231385           14.959144       0.035467

2454911.260119           14.960807       0.035474

2454911.288853           14.962471       0.035483

2454911.317587           14.964136       0.035493

2454911.346321           14.965803       0.035504

2454911.375055           14.967471       0.035515

2454911.403789           14.969140       0.035528

2454911.432524           14.970811       0.035542

2454911.461258           14.972483       0.035557

2454911.489992           14.974157       0.035574

2454911.518726           14.975832       0.035591

2454911.547460           14.977508       0.035609

2454911.576194           14.979185       0.035629

2454911.604928           14.980863       0.035650

2454911.633663           14.982543       0.035672

2454911.662397           14.984223       0.035695

2454911.691131           14.985905       0.035719

2454911.719865           14.987588       0.035745

2454911.748599           14.989272       0.035772

2454911.777333           14.990957       0.035799

2454911.806067           14.992643       0.035829

2454911.834802           14.994330       0.035859

2454911.863536           14.996018       0.035891

2454911.892270           14.997707       0.035924

2454911.921004           14.999397       0.035958

2454911.949738           15.001087       0.035993

2454911.978472           15.002779       0.036030

2454912.007206           15.004472       0.036068

2454912.035940           15.006165       0.036107

2454912.064675           15.007859       0.036148

2454912.093409           15.009554       0.036190

2454912.122143           15.011249       0.036233

2454912.150877           15.012946       0.036278

2454912.179611           15.014643       0.036323

2454912.208345           15.016341       0.036371

2454912.237079           15.018039       0.036419

2454912.265814           15.019738       0.036469

2454912.294548           15.021438       0.036521

2454912.323282           15.023138       0.036574

2454912.352016           15.024839       0.036628

2454912.380750           15.026540       0.036683

2454912.409484           15.028242       0.036740

2454912.438218           15.029944       0.036799

2454912.466952           15.031647       0.036859

2454912.495687           15.033350       0.036920

2454912.524421           15.035054       0.036983

2454912.553155           15.036758       0.037047

2454912.581889           15.038463       0.037113

2454912.610623           15.040167       0.037180

2454912.639357           15.041873       0.037248

2454912.668091           15.043578       0.037318

2454912.696826           15.045284       0.037390

2454912.725560           15.046990       0.037463

2454912.754294           15.048696       0.037537

2454912.783028           15.050402       0.037613

2454912.811762           15.052109       0.037691

2454912.840496           15.053816       0.037769

2454912.869230           15.055523       0.037850

2454912.897964           15.057230       0.037932

2454912.926699           15.058937       0.038015

2454912.955433           15.060644       0.038101

2454912.984167           15.062351       0.038187

2454913.012901           15.064058       0.038275

2454913.041635           15.065766       0.038365

2454913.070369           15.067473       0.038456

2454913.099103           15.069180       0.038549

2454913.127838           15.070887       0.038643

2454913.156572           15.072594       0.038739

2454913.185306           15.074301       0.038836

2454913.214040           15.076008       0.038935

2454913.242774           15.077715       0.039036

2454913.271508           15.079421       0.039138

2454913.300242           15.081127       0.039242

2454913.328976           15.082833       0.039347

2454913.357711           15.084539       0.039454

2454913.386445           15.086245       0.039562

2454913.415179           15.087950       0.039672

2454913.443913           15.089655       0.039784

2454913.472647           15.091360       0.039897

2454913.501381           15.093064       0.040012

2454913.530115           15.094768       0.040128

2454913.558850           15.096471       0.040246

2454913.587584           15.098174       0.040366

2454913.616318           15.099877       0.040487

2454913.645052           15.101579       0.040610

2454913.673786           15.103281       0.040734

2454913.702520           15.104982       0.040860

2454913.731254           15.106683       0.040988

2454913.759988           15.108383       0.041117

2454913.788723           15.110082       0.041247

2454913.817457           15.111781       0.041380

2454913.846191           15.113480       0.041514

2454913.874925           15.115177       0.041649

2454913.903659           15.116874       0.041786

2454913.932393           15.118571       0.041925

2454913.961127           15.120267       0.042066

2454913.989862           15.121962       0.042208

2454914.018596           15.123656       0.042351

2454914.047330           15.125349       0.042496

2454914.076064           15.127042       0.042643

2454914.104798           15.128734       0.042791

2454914.133532           15.130425       0.042941

2454914.162266           15.132115       0.043093

2454914.191001           15.133805       0.043246

2454914.219735           15.135493       0.043401

2454914.248469           15.137181       0.043557

2454914.277203           15.138868       0.043715

2454914.305937           15.140554       0.043874

2454914.334671           15.142239       0.044035

2454914.363405           15.143922       0.044198

2454914.392139           15.145605       0.044362

2454914.420874           15.147287       0.044528

2454914.449608           15.148968       0.044695

2454914.478342           15.150648       0.044864

2454914.507076           15.152327       0.045035

2454914.535810           15.154004       0.045207

2454914.564544           15.155681       0.045381

2454914.593278           15.157356       0.045556

2454914.622013           15.159030       0.045733

2454914.650747           15.160704       0.045911

2454914.679481           15.162376       0.046091

2454914.708215           15.164046       0.046272

2454914.736949           15.165716       0.046455

2454914.765683           15.167384       0.046640

2454914.794417           15.169051       0.046826

2454914.823151           15.170717       0.047013

2454914.851886           15.172381       0.047202

2454914.880620           15.174044       0.047393

2454914.909354           15.175706       0.047585

2454914.938088           15.177366       0.047779

2454914.966822           15.179026       0.047974

2454914.995556           15.180683       0.048171

2454915.024290           15.182340       0.048369

2454915.053025           15.183994       0.048569

2454915.081759           15.185648       0.048770

2454915.110493           15.187300       0.048973

2454915.139227           15.188950       0.049177

2454915.167961           15.190599       0.049383

2454915.196695           15.192247       0.049590

2454915.225429           15.193893       0.049798

2454915.254163           15.195538       0.050009

2454915.282898           15.197180       0.050220

2454915.311632           15.198822       0.050433

2454915.340366           15.200462       0.050648

2454915.369100           15.202100       0.050864

