This file contains the LC params of 2012dn in filter-V

#-----------------------------#

#-----------------------------#
Jd at maximum in V band is: 2456137.352738 +/- 0.507190
Magnitude at maximum in V band is: 14.279683 +/- 0.029584
#-----------------------------#
#-----------------------------#
JD after 15-days from V band maximum is: 2456152.352738
Magnitude after 15-days from V band maximum is: 14.761977 +/- 0.059654
Estimated value of dm15 is: 0.482295 +/- 0.066587
Secondary maximum is not applicable for this band
The magnitudes are not k-corrected
Interpolated Light Curve through GP

#-----------------------------#

  JD                 MAG           MERR

2456117.207700           14.903095       0.123497

2456117.241902           14.902264       0.123065

2456117.276104           14.901429       0.122634

2456117.310306           14.900591       0.122204

2456117.344508           14.899750       0.121773

2456117.378711           14.898906       0.121343

2456117.412913           14.898059       0.120913

2456117.447115           14.897208       0.120483

2456117.481317           14.896354       0.120053

2456117.515519           14.895498       0.119624

2456117.549721           14.894638       0.119195

2456117.583923           14.893775       0.118766

2456117.618125           14.892908       0.118338

2456117.652327           14.892039       0.117910

2456117.686529           14.891167       0.117482

2456117.720732           14.890291       0.117055

2456117.754934           14.889412       0.116627

2456117.789136           14.888530       0.116200

2456117.823338           14.887645       0.115774

2456117.857540           14.886757       0.115348

2456117.891742           14.885865       0.114922

2456117.925944           14.884971       0.114496

2456117.960146           14.884073       0.114071

2456117.994348           14.883172       0.113646

2456118.028550           14.882268       0.113221

2456118.062753           14.881361       0.112797

2456118.096955           14.880451       0.112373

2456118.131157           14.879538       0.111949

2456118.165359           14.878621       0.111526

2456118.199561           14.877702       0.111103

2456118.233763           14.876779       0.110680

2456118.267965           14.875853       0.110258

2456118.302167           14.874924       0.109837

2456118.336369           14.873992       0.109415

2456118.370571           14.873056       0.108994

2456118.404774           14.872118       0.108574

2456118.438976           14.871177       0.108153

2456118.473178           14.870232       0.107734

2456118.507380           14.869284       0.107314

2456118.541582           14.868333       0.106895

2456118.575784           14.867379       0.106477

2456118.609986           14.866422       0.106059

2456118.644188           14.865462       0.105641

2456118.678390           14.864499       0.105224

2456118.712592           14.863532       0.104807

2456118.746795           14.862563       0.104390

2456118.780997           14.861590       0.103975

2456118.815199           14.860614       0.103559

2456118.849401           14.859635       0.103144

2456118.883603           14.858653       0.102729

2456118.917805           14.857668       0.102315

2456118.952007           14.856680       0.101902

2456118.986209           14.855689       0.101489

2456119.020411           14.854695       0.101076

2456119.054614           14.853697       0.100664

2456119.088816           14.852697       0.100252

2456119.123018           14.851693       0.099841

2456119.157220           14.850687       0.099430

2456119.191422           14.849677       0.099020

2456119.225624           14.848664       0.098611

2456119.259826           14.847648       0.098202

2456119.294028           14.846629       0.097793

2456119.328230           14.845607       0.097385

2456119.362432           14.844582       0.096977

2456119.396635           14.843554       0.096571

2456119.430837           14.842523       0.096164

2456119.465039           14.841489       0.095758

2456119.499241           14.840452       0.095353

2456119.533443           14.839412       0.094948

2456119.567645           14.838368       0.094544

2456119.601847           14.837322       0.094141

2456119.636049           14.836273       0.093738

2456119.670251           14.835220       0.093335

2456119.704453           14.834165       0.092934

2456119.738656           14.833107       0.092532

2456119.772858           14.832045       0.092132

2456119.807060           14.830981       0.091732

2456119.841262           14.829914       0.091333

2456119.875464           14.828843       0.090934

2456119.909666           14.827770       0.090536

2456119.943868           14.826693       0.090139

2456119.978070           14.825614       0.089742

2456120.012272           14.824532       0.089346

2456120.046474           14.823447       0.088950

2456120.080677           14.822358       0.088556

2456120.114879           14.821267       0.088161

2456120.149081           14.820173       0.087768

2456120.183283           14.819076       0.087375

2456120.217485           14.817976       0.086983

2456120.251687           14.816873       0.086592

2456120.285889           14.815767       0.086201

2456120.320091           14.814658       0.085811

2456120.354293           14.813546       0.085422

2456120.388495           14.812431       0.085034

2456120.422698           14.811314       0.084646

2456120.456900           14.810193       0.084259

2456120.491102           14.809070       0.083872

2456120.525304           14.807943       0.083487

2456120.559506           14.806814       0.083102

2456120.593708           14.805682       0.082718

2456120.627910           14.804547       0.082335

2456120.662112           14.803409       0.081952

2456120.696314           14.802268       0.081571

2456120.730517           14.801125       0.081190

2456120.764719           14.799978       0.080809

2456120.798921           14.798829       0.080430

2456120.833123           14.797677       0.080052

2456120.867325           14.796522       0.079674

2456120.901527           14.795364       0.079297

2456120.935729           14.794203       0.078921

2456120.969931           14.793040       0.078546

2456121.004133           14.791874       0.078171

2456121.038335           14.790704       0.077798

2456121.072538           14.789533       0.077425

2456121.106740           14.788358       0.077053

2456121.140942           14.787181       0.076682

2456121.175144           14.786000       0.076312

2456121.209346           14.784818       0.075943

2456121.243548           14.783632       0.075575

2456121.277750           14.782443       0.075207

2456121.311952           14.781252       0.074841

2456121.346154           14.780058       0.074475

2456121.380356           14.778862       0.074111

2456121.414559           14.777663       0.073747

2456121.448761           14.776461       0.073384

2456121.482963           14.775256       0.073022

2456121.517165           14.774048       0.072661

2456121.551367           14.772838       0.072301

2456121.585569           14.771626       0.071942

2456121.619771           14.770410       0.071584

2456121.653973           14.769192       0.071227

2456121.688175           14.767971       0.070871

2456121.722377           14.766748       0.070516

2456121.756580           14.765522       0.070162

2456121.790782           14.764294       0.069809

2456121.824984           14.763062       0.069457

2456121.859186           14.761829       0.069106

2456121.893388           14.760592       0.068756

2456121.927590           14.759353       0.068407

2456121.961792           14.758112       0.068059

2456121.995994           14.756868       0.067712

2456122.030196           14.755621       0.067367

2456122.064398           14.754372       0.067022

2456122.098601           14.753120       0.066678

2456122.132803           14.751866       0.066336

2456122.167005           14.750610       0.065994

2456122.201207           14.749350       0.065654

2456122.235409           14.748089       0.065315

2456122.269611           14.746825       0.064976

2456122.303813           14.745558       0.064640

2456122.338015           14.744289       0.064304

2456122.372217           14.743018       0.063969

2456122.406420           14.741744       0.063635

2456122.440622           14.740467       0.063303

2456122.474824           14.739189       0.062972

2456122.509026           14.737907       0.062642

2456122.543228           14.736624       0.062313

2456122.577430           14.735338       0.061985

2456122.611632           14.734050       0.061659

2456122.645834           14.732759       0.061333

2456122.680036           14.731466       0.061009

2456122.714238           14.730171       0.060686

2456122.748441           14.728874       0.060365

2456122.782643           14.727574       0.060044

2456122.816845           14.726272       0.059725

2456122.851047           14.724967       0.059407

2456122.885249           14.723661       0.059091

2456122.919451           14.722352       0.058775

2456122.953653           14.721041       0.058461

2456122.987855           14.719727       0.058149

2456123.022057           14.718412       0.057837

2456123.056259           14.717094       0.057527

2456123.090462           14.715774       0.057218

2456123.124664           14.714452       0.056911

2456123.158866           14.713128       0.056605

2456123.193068           14.711802       0.056300

2456123.227270           14.710473       0.055996

2456123.261472           14.709142       0.055694

2456123.295674           14.707810       0.055393

2456123.329876           14.706475       0.055094

2456123.364078           14.705138       0.054796

2456123.398280           14.703799       0.054499

2456123.432483           14.702458       0.054204

2456123.466685           14.701116       0.053910

2456123.500887           14.699771       0.053618

2456123.535089           14.698424       0.053327

2456123.569291           14.697075       0.053037

2456123.603493           14.695724       0.052749

2456123.637695           14.694371       0.052463

2456123.671897           14.693017       0.052178

2456123.706099           14.691660       0.051894

2456123.740302           14.690301       0.051612

2456123.774504           14.688941       0.051331

2456123.808706           14.687579       0.051052

2456123.842908           14.686215       0.050774

2456123.877110           14.684849       0.050498

2456123.911312           14.683481       0.050223

2456123.945514           14.682112       0.049950

2456123.979716           14.680740       0.049678

2456124.013918           14.679367       0.049408

2456124.048120           14.677993       0.049140

2456124.082323           14.676616       0.048873

2456124.116525           14.675238       0.048607

2456124.150727           14.673858       0.048343

2456124.184929           14.672476       0.048081

2456124.219131           14.671093       0.047820

2456124.253333           14.669708       0.047561

2456124.287535           14.668322       0.047304

2456124.321737           14.666934       0.047048

2456124.355939           14.665544       0.046794

2456124.390141           14.664153       0.046541

2456124.424344           14.662760       0.046290

2456124.458546           14.661366       0.046041

2456124.492748           14.659970       0.045793

2456124.526950           14.658573       0.045547

2456124.561152           14.657174       0.045303

2456124.595354           14.655774       0.045060

2456124.629556           14.654373       0.044819

2456124.663758           14.652970       0.044580

2456124.697960           14.651565       0.044342

2456124.732162           14.650160       0.044107

2456124.766365           14.648753       0.043872

2456124.800567           14.647344       0.043640

2456124.834769           14.645935       0.043409

2456124.868971           14.644524       0.043180

2456124.903173           14.643112       0.042953

2456124.937375           14.641698       0.042727

2456124.971577           14.640284       0.042504

2456125.005779           14.638868       0.042282

2456125.039981           14.637451       0.042061

2456125.074183           14.636033       0.041843

2456125.108386           14.634614       0.041626

2456125.142588           14.633193       0.041411

2456125.176790           14.631772       0.041198

2456125.210992           14.630349       0.040987

2456125.245194           14.628926       0.040777

2456125.279396           14.627501       0.040569

2456125.313598           14.626076       0.040364

2456125.347800           14.624649       0.040159

2456125.382002           14.623222       0.039957

2456125.416205           14.621794       0.039756

2456125.450407           14.620364       0.039558

2456125.484609           14.618934       0.039361

2456125.518811           14.617503       0.039166

2456125.553013           14.616072       0.038973

2456125.587215           14.614639       0.038781

2456125.621417           14.613206       0.038592

2456125.655619           14.611772       0.038404

2456125.689821           14.610337       0.038218

2456125.724023           14.608902       0.038034

2456125.758226           14.607465       0.037852

2456125.792428           14.606029       0.037671

2456125.826630           14.604591       0.037493

2456125.860832           14.603153       0.037316

2456125.895034           14.601715       0.037141

2456125.929236           14.600276       0.036968

2456125.963438           14.598836       0.036797

2456125.997640           14.597396       0.036628

2456126.031842           14.595956       0.036461

2456126.066044           14.594515       0.036295

2456126.100247           14.593073       0.036132

2456126.134449           14.591632       0.035970

2456126.168651           14.590189       0.035810

2456126.202853           14.588747       0.035652

2456126.237055           14.587304       0.035495

2456126.271257           14.585861       0.035341

2456126.305459           14.584418       0.035188

2456126.339661           14.582975       0.035038

2456126.373863           14.581531       0.034889

2456126.408065           14.580087       0.034742

2456126.442268           14.578643       0.034596

2456126.476470           14.577199       0.034453

2456126.510672           14.575755       0.034311

2456126.544874           14.574311       0.034172

2456126.579076           14.572867       0.034034

2456126.613278           14.571423       0.033898

2456126.647480           14.569979       0.033763

2456126.681682           14.568535       0.033631

2456126.715884           14.567091       0.033500

2456126.750086           14.565647       0.033371

2456126.784289           14.564204       0.033244

2456126.818491           14.562760       0.033119

2456126.852693           14.561317       0.032995

2456126.886895           14.559874       0.032874

2456126.921097           14.558432       0.032754

2456126.955299           14.556989       0.032635

2456126.989501           14.555547       0.032519

2456127.023703           14.554106       0.032404

2456127.057905           14.552665       0.032291

2456127.092108           14.551224       0.032180

2456127.126310           14.549783       0.032070

2456127.160512           14.548344       0.031962

2456127.194714           14.546904       0.031856

2456127.228916           14.545465       0.031752

2456127.263118           14.544027       0.031649

2456127.297320           14.542590       0.031548

2456127.331522           14.541153       0.031449

2456127.365724           14.539717       0.031351

2456127.399926           14.538281       0.031255

2456127.434129           14.536846       0.031160

2456127.468331           14.535412       0.031067

2456127.502533           14.533979       0.030976

2456127.536735           14.532547       0.030886

2456127.570937           14.531115       0.030798

2456127.605139           14.529685       0.030711

2456127.639341           14.528255       0.030626

2456127.673543           14.526826       0.030543

2456127.707745           14.525399       0.030461

2456127.741947           14.523972       0.030381

2456127.776150           14.522546       0.030302

2456127.810352           14.521122       0.030224

2456127.844554           14.519698       0.030148

2456127.878756           14.518276       0.030074

2456127.912958           14.516855       0.030001

2456127.947160           14.515435       0.029929

2456127.981362           14.514017       0.029859

2456128.015564           14.512599       0.029790

2456128.049766           14.511183       0.029723

2456128.083968           14.509769       0.029657

2456128.118171           14.508355       0.029592

2456128.152373           14.506944       0.029529

2456128.186575           14.505533       0.029467

2456128.220777           14.504124       0.029407

2456128.254979           14.502717       0.029347

2456128.289181           14.501311       0.029289

2456128.323383           14.499907       0.029233

2456128.357585           14.498504       0.029177

2456128.391787           14.497103       0.029123

2456128.425989           14.495704       0.029070

2456128.460192           14.494306       0.029018

2456128.494394           14.492911       0.028967

2456128.528596           14.491516       0.028918

2456128.562798           14.490124       0.028870

2456128.597000           14.488734       0.028822

2456128.631202           14.487345       0.028776

2456128.665404           14.485959       0.028731

2456128.699606           14.484574       0.028688

2456128.733808           14.483192       0.028645

2456128.768011           14.481811       0.028603

2456128.802213           14.480432       0.028563

2456128.836415           14.479056       0.028523

2456128.870617           14.477681       0.028485

2456128.904819           14.476309       0.028447

2456128.939021           14.474939       0.028410

2456128.973223           14.473571       0.028375

2456129.007425           14.472206       0.028340

2456129.041627           14.470843       0.028306

2456129.075829           14.469482       0.028274

2456129.110032           14.468123       0.028242

2456129.144234           14.466767       0.028211

2456129.178436           14.465413       0.028180

2456129.212638           14.464062       0.028151

2456129.246840           14.462713       0.028123

2456129.281042           14.461367       0.028095

2456129.315244           14.460023       0.028068

2456129.349446           14.458682       0.028042

2456129.383648           14.457343       0.028017

2456129.417850           14.456007       0.027992

2456129.452053           14.454674       0.027969

2456129.486255           14.453344       0.027946

2456129.520457           14.452016       0.027923

2456129.554659           14.450691       0.027902

2456129.588861           14.449369       0.027881

2456129.623063           14.448050       0.027861

2456129.657265           14.446734       0.027841

2456129.691467           14.445421       0.027822

2456129.725669           14.444110       0.027804

2456129.759871           14.442803       0.027786

2456129.794074           14.441498       0.027769

2456129.828276           14.440197       0.027753

2456129.862478           14.438899       0.027737

2456129.896680           14.437604       0.027722

2456129.930882           14.436312       0.027707

2456129.965084           14.435024       0.027693

2456129.999286           14.433738       0.027679

2456130.033488           14.432456       0.027666

2456130.067690           14.431177       0.027653

2456130.101892           14.429902       0.027641

2456130.136095           14.428630       0.027629

2456130.170297           14.427361       0.027618

2456130.204499           14.426096       0.027607

2456130.238701           14.424834       0.027597

2456130.272903           14.423576       0.027587

2456130.307105           14.422321       0.027578

2456130.341307           14.421070       0.027569

2456130.375509           14.419822       0.027560

2456130.409711           14.418578       0.027552

2456130.443914           14.417338       0.027544

2456130.478116           14.416101       0.027536

2456130.512318           14.414869       0.027529

2456130.546520           14.413640       0.027522

2456130.580722           14.412414       0.027516

2456130.614924           14.411193       0.027510

2456130.649126           14.409976       0.027504

2456130.683328           14.408762       0.027498

2456130.717530           14.407552       0.027493

2456130.751732           14.406347       0.027488

2456130.785935           14.405145       0.027484

2456130.820137           14.403947       0.027479

2456130.854339           14.402754       0.027475

2456130.888541           14.401564       0.027471

2456130.922743           14.400379       0.027468

2456130.956945           14.399198       0.027464

2456130.991147           14.398021       0.027461

2456131.025349           14.396848       0.027459

2456131.059551           14.395679       0.027456

2456131.093753           14.394515       0.027454

2456131.127956           14.393355       0.027451

2456131.162158           14.392200       0.027449

2456131.196360           14.391049       0.027448

2456131.230562           14.389902       0.027446

2456131.264764           14.388760       0.027445

2456131.298966           14.387622       0.027444

2456131.333168           14.386489       0.027443

2456131.367370           14.385360       0.027442

2456131.401572           14.384236       0.027441

2456131.435774           14.383116       0.027441

2456131.469977           14.382001       0.027440

2456131.504179           14.380891       0.027440

2456131.538381           14.379786       0.027440

2456131.572583           14.378685       0.027441

2456131.606785           14.377589       0.027441

2456131.640987           14.376497       0.027441

2456131.675189           14.375411       0.027442

2456131.709391           14.374329       0.027443

2456131.743593           14.373253       0.027443

2456131.777795           14.372181       0.027444

2456131.811998           14.371114       0.027446

2456131.846200           14.370052       0.027447

2456131.880402           14.368995       0.027448

2456131.914604           14.367944       0.027450

2456131.948806           14.366897       0.027451

2456131.983008           14.365855       0.027453

2456132.017210           14.364818       0.027455

2456132.051412           14.363787       0.027457

2456132.085614           14.362761       0.027459

2456132.119817           14.361740       0.027461

2456132.154019           14.360724       0.027463

2456132.188221           14.359713       0.027466

2456132.222423           14.358708       0.027468

2456132.256625           14.357708       0.027471

2456132.290827           14.356713       0.027474

2456132.325029           14.355724       0.027476

2456132.359231           14.354740       0.027479

2456132.393433           14.353762       0.027482

2456132.427635           14.352789       0.027486

2456132.461838           14.351821       0.027489

2456132.496040           14.350859       0.027492

2456132.530242           14.349903       0.027496

2456132.564444           14.348952       0.027499

2456132.598646           14.348007       0.027503

2456132.632848           14.347067       0.027507

2456132.667050           14.346133       0.027510

2456132.701252           14.345204       0.027514

2456132.735454           14.344282       0.027518

2456132.769656           14.343365       0.027523

2456132.803859           14.342453       0.027527

2456132.838061           14.341548       0.027531

2456132.872263           14.340648       0.027536

2456132.906465           14.339754       0.027540

2456132.940667           14.338866       0.027545

2456132.974869           14.337984       0.027550

2456133.009071           14.337107       0.027555

2456133.043273           14.336237       0.027560

2456133.077475           14.335372       0.027565

2456133.111677           14.334514       0.027570

2456133.145880           14.333661       0.027576

2456133.180082           14.332815       0.027581

2456133.214284           14.331974       0.027587

2456133.248486           14.331140       0.027592

2456133.282688           14.330311       0.027598

2456133.316890           14.329489       0.027604

2456133.351092           14.328673       0.027610

2456133.385294           14.327863       0.027617

2456133.419496           14.327059       0.027623

2456133.453698           14.326261       0.027629

2456133.487901           14.325470       0.027636

2456133.522103           14.324684       0.027643

2456133.556305           14.323905       0.027650

2456133.590507           14.323133       0.027657

2456133.624709           14.322366       0.027664

2456133.658911           14.321606       0.027671

2456133.693113           14.320852       0.027679

2456133.727315           14.320105       0.027686

2456133.761517           14.319363       0.027694

2456133.795720           14.318629       0.027702

2456133.829922           14.317900       0.027710

2456133.864124           14.317178       0.027718

2456133.898326           14.316463       0.027727

2456133.932528           14.315754       0.027735

2456133.966730           14.315051       0.027744

2456134.000932           14.314355       0.027753

2456134.035134           14.313665       0.027762

2456134.069336           14.312982       0.027771

2456134.103538           14.312306       0.027780

2456134.137741           14.311636       0.027790

2456134.171943           14.310973       0.027799

2456134.206145           14.310316       0.027809

2456134.240347           14.309666       0.027819

2456134.274549           14.309022       0.027829

2456134.308751           14.308385       0.027840

2456134.342953           14.307755       0.027850

2456134.377155           14.307132       0.027861

2456134.411357           14.306515       0.027872

2456134.445559           14.305905       0.027883

2456134.479762           14.305301       0.027894

2456134.513964           14.304705       0.027906

2456134.548166           14.304115       0.027917

2456134.582368           14.303532       0.027929

2456134.616570           14.302955       0.027941

2456134.650772           14.302386       0.027953

2456134.684974           14.301823       0.027966

2456134.719176           14.301267       0.027978

2456134.753378           14.300718       0.027991

2456134.787580           14.300176       0.028004

2456134.821783           14.299640       0.028017

2456134.855985           14.299112       0.028031

2456134.890187           14.298590       0.028044

2456134.924389           14.298075       0.028058

2456134.958591           14.297567       0.028072

2456134.992793           14.297067       0.028086

2456135.026995           14.296573       0.028101

2456135.061197           14.296086       0.028115

2456135.095399           14.295606       0.028130

2456135.129602           14.295132       0.028145

2456135.163804           14.294666       0.028160

2456135.198006           14.294207       0.028176

2456135.232208           14.293755       0.028191

2456135.266410           14.293310       0.028207

2456135.300612           14.292872       0.028223

2456135.334814           14.292441       0.028240

2456135.369016           14.292017       0.028256

2456135.403218           14.291600       0.028273

2456135.437420           14.291190       0.028290

2456135.471623           14.290787       0.028307

2456135.505825           14.290391       0.028325

2456135.540027           14.290002       0.028342

2456135.574229           14.289621       0.028360

2456135.608431           14.289246       0.028378

2456135.642633           14.288879       0.028396

2456135.676835           14.288518       0.028415

2456135.711037           14.288165       0.028434

2456135.745239           14.287819       0.028453

2456135.779441           14.287480       0.028472

2456135.813644           14.287148       0.028491

2456135.847846           14.286824       0.028511

2456135.882048           14.286506       0.028531

2456135.916250           14.286196       0.028551

2456135.950452           14.285893       0.028571

2456135.984654           14.285597       0.028591

2456136.018856           14.285308       0.028612

2456136.053058           14.285026       0.028633

2456136.087260           14.284752       0.028654

2456136.121462           14.284485       0.028675

2456136.155665           14.284224       0.028697

2456136.189867           14.283972       0.028719

2456136.224069           14.283726       0.028741

2456136.258271           14.283488       0.028763

2456136.292473           14.283256       0.028786

2456136.326675           14.283032       0.028808

2456136.360877           14.282816       0.028831

2456136.395079           14.282606       0.028854

2456136.429281           14.282404       0.028877

2456136.463483           14.282209       0.028901

2456136.497686           14.282021       0.028925

2456136.531888           14.281840       0.028949

2456136.566090           14.281667       0.028973

2456136.600292           14.281501       0.028997

2456136.634494           14.281342       0.029022

2456136.668696           14.281190       0.029046

2456136.702898           14.281046       0.029071

2456136.737100           14.280909       0.029097

2456136.771302           14.280779       0.029122

2456136.805505           14.280656       0.029148

2456136.839707           14.280541       0.029173

2456136.873909           14.280433       0.029199

2456136.908111           14.280332       0.029226

2456136.942313           14.280239       0.029252

2456136.976515           14.280152       0.029279

2456137.010717           14.280073       0.029306

2456137.044919           14.280002       0.029333

2456137.079121           14.279937       0.029360

2456137.113323           14.279880       0.029387

2456137.147526           14.279830       0.029415

2456137.181728           14.279787       0.029442

2456137.215930           14.279752       0.029470

2456137.250132           14.279724       0.029499

2456137.284334           14.279703       0.029527

2456137.318536           14.279689       0.029555

2456137.352738           14.279683       0.029584

2456137.386940           14.279683       0.029613

2456137.421142           14.279692       0.029642

2456137.455344           14.279707       0.029671

2456137.489547           14.279730       0.029701

2456137.523749           14.279759       0.029730

2456137.557951           14.279797       0.029760

2456137.592153           14.279841       0.029790

2456137.626355           14.279892       0.029820

2456137.660557           14.279951       0.029851

2456137.694759           14.280017       0.029881

2456137.728961           14.280091       0.029912

2456137.763163           14.280171       0.029942

2456137.797365           14.280259       0.029973

2456137.831568           14.280354       0.030005

2456137.865770           14.280456       0.030036

2456137.899972           14.280565       0.030067

2456137.934174           14.280682       0.030099

2456137.968376           14.280806       0.030131

2456138.002578           14.280937       0.030162

2456138.036780           14.281075       0.030195

2456138.070982           14.281221       0.030227

2456138.105184           14.281373       0.030259

2456138.139386           14.281533       0.030291

2456138.173589           14.281700       0.030324

2456138.207791           14.281874       0.030357

2456138.241993           14.282055       0.030390

2456138.276195           14.282244       0.030423

2456138.310397           14.282440       0.030456

2456138.344599           14.282642       0.030489

2456138.378801           14.282852       0.030523

2456138.413003           14.283069       0.030556

2456138.447205           14.283294       0.030590

2456138.481408           14.283525       0.030624

2456138.515610           14.283763       0.030657

2456138.549812           14.284009       0.030691

2456138.584014           14.284262       0.030726

2456138.618216           14.284521       0.030760

2456138.652418           14.284788       0.030794

2456138.686620           14.285062       0.030829

2456138.720822           14.285343       0.030863

2456138.755024           14.285631       0.030898

2456138.789226           14.285927       0.030933

2456138.823429           14.286229       0.030967

2456138.857631           14.286538       0.031002

2456138.891833           14.286854       0.031037

2456138.926035           14.287178       0.031072

2456138.960237           14.287508       0.031108

2456138.994439           14.287845       0.031143

2456139.028641           14.288190       0.031178

2456139.062843           14.288541       0.031214

2456139.097045           14.288900       0.031249

2456139.131247           14.289265       0.031285

2456139.165450           14.289637       0.031320

2456139.199652           14.290016       0.031356

2456139.233854           14.290403       0.031392

2456139.268056           14.290796       0.031428

2456139.302258           14.291196       0.031464

2456139.336460           14.291603       0.031500

2456139.370662           14.292017       0.031536

2456139.404864           14.292438       0.031572

2456139.439066           14.292865       0.031608

2456139.473268           14.293300       0.031644

2456139.507471           14.293741       0.031680

2456139.541673           14.294190       0.031716

2456139.575875           14.294645       0.031753

2456139.610077           14.295107       0.031789

2456139.644279           14.295576       0.031825

2456139.678481           14.296051       0.031862

2456139.712683           14.296534       0.031898

2456139.746885           14.297023       0.031935

2456139.781087           14.297519       0.031971

2456139.815289           14.298022       0.032007

2456139.849492           14.298531       0.032044

2456139.883694           14.299047       0.032080

2456139.917896           14.299570       0.032117

2456139.952098           14.300100       0.032153

2456139.986300           14.300636       0.032190

2456140.020502           14.301180       0.032226

2456140.054704           14.301729       0.032263

2456140.088906           14.302286       0.032299

2456140.123108           14.302849       0.032336

2456140.157311           14.303419       0.032372

2456140.191513           14.303995       0.032409

2456140.225715           14.304578       0.032445

2456140.259917           14.305168       0.032482

2456140.294119           14.305764       0.032518

2456140.328321           14.306366       0.032555

2456140.362523           14.306976       0.032591

2456140.396725           14.307592       0.032627

2456140.430927           14.308214       0.032664

2456140.465129           14.308843       0.032700

2456140.499332           14.309478       0.032736

2456140.533534           14.310120       0.032772

2456140.567736           14.310769       0.032809

2456140.601938           14.311423       0.032845

2456140.636140           14.312085       0.032881

2456140.670342           14.312752       0.032917

2456140.704544           14.313426       0.032953

2456140.738746           14.314107       0.032989

2456140.772948           14.314794       0.033025

2456140.807150           14.315487       0.033061

2456140.841353           14.316187       0.033097

2456140.875555           14.316893       0.033132

2456140.909757           14.317605       0.033168

2456140.943959           14.318323       0.033204

2456140.978161           14.319048       0.033239

2456141.012363           14.319779       0.033275

2456141.046565           14.320517       0.033310

2456141.080767           14.321260       0.033346

2456141.114969           14.322010       0.033381

2456141.149171           14.322766       0.033416

2456141.183374           14.323529       0.033452

2456141.217576           14.324297       0.033487

2456141.251778           14.325072       0.033522

2456141.285980           14.325852       0.033557

2456141.320182           14.326639       0.033592

2456141.354384           14.327432       0.033627

2456141.388586           14.328231       0.033661

2456141.422788           14.329036       0.033696

2456141.456990           14.329848       0.033731

2456141.491192           14.330665       0.033765

2456141.525395           14.331488       0.033800

2456141.559597           14.332317       0.033834

2456141.593799           14.333152       0.033868

2456141.628001           14.333994       0.033903

2456141.662203           14.334841       0.033937

2456141.696405           14.335694       0.033971

2456141.730607           14.336553       0.034005

2456141.764809           14.337417       0.034039

2456141.799011           14.338288       0.034072

2456141.833214           14.339165       0.034106

2456141.867416           14.340047       0.034140

2456141.901618           14.340935       0.034173

2456141.935820           14.341829       0.034207

2456141.970022           14.342729       0.034240

2456142.004224           14.343635       0.034273

2456142.038426           14.344546       0.034307

2456142.072628           14.345463       0.034340

2456142.106830           14.346385       0.034373

2456142.141032           14.347314       0.034406

2456142.175235           14.348248       0.034438

2456142.209437           14.349187       0.034471

2456142.243639           14.350133       0.034504

2456142.277841           14.351084       0.034537

2456142.312043           14.352040       0.034569

2456142.346245           14.353002       0.034601

2456142.380447           14.353970       0.034634

2456142.414649           14.354943       0.034666

2456142.448851           14.355921       0.034698

2456142.483053           14.356905       0.034730

2456142.517256           14.357895       0.034762

2456142.551458           14.358889       0.034794

2456142.585660           14.359890       0.034826

2456142.619862           14.360895       0.034858

2456142.654064           14.361907       0.034890

2456142.688266           14.362923       0.034921

2456142.722468           14.363945       0.034953

2456142.756670           14.364972       0.034984

2456142.790872           14.366004       0.035016

2456142.825074           14.367042       0.035047

2456142.859277           14.368084       0.035078

2456142.893479           14.369132       0.035109

2456142.927681           14.370186       0.035141

2456142.961883           14.371244       0.035172

2456142.996085           14.372307       0.035203

2456143.030287           14.373376       0.035234

2456143.064489           14.374450       0.035264

2456143.098691           14.375529       0.035295

2456143.132893           14.376613       0.035326

2456143.167095           14.377701       0.035357

2456143.201298           14.378795       0.035387

2456143.235500           14.379894       0.035418

2456143.269702           14.380998       0.035449

2456143.303904           14.382107       0.035479

2456143.338106           14.383221       0.035510

2456143.372308           14.384339       0.035540

2456143.406510           14.385463       0.035570

2456143.440712           14.386591       0.035601

2456143.474914           14.387724       0.035631

2456143.509117           14.388862       0.035661

2456143.543319           14.390005       0.035691

2456143.577521           14.391153       0.035722

2456143.611723           14.392305       0.035752

2456143.645925           14.393462       0.035782

2456143.680127           14.394623       0.035812

2456143.714329           14.395790       0.035842

2456143.748531           14.396960       0.035872

2456143.782733           14.398136       0.035903

2456143.816935           14.399316       0.035933

2456143.851138           14.400501       0.035963

2456143.885340           14.401690       0.035993

2456143.919542           14.402883       0.036023

2456143.953744           14.404081       0.036053

2456143.987946           14.405284       0.036083

2456144.022148           14.406491       0.036113

2456144.056350           14.407702       0.036143

2456144.090552           14.408918       0.036174

2456144.124754           14.410138       0.036204

2456144.158956           14.411363       0.036234

2456144.193159           14.412591       0.036264

2456144.227361           14.413824       0.036294

2456144.261563           14.415062       0.036325

2456144.295765           14.416303       0.036355

2456144.329967           14.417549       0.036385

2456144.364169           14.418799       0.036416

2456144.398371           14.420053       0.036446

2456144.432573           14.421311       0.036477

2456144.466775           14.422573       0.036507

2456144.500977           14.423839       0.036538

2456144.535180           14.425109       0.036569

2456144.569382           14.426384       0.036600

2456144.603584           14.427662       0.036630

2456144.637786           14.428944       0.036661

2456144.671988           14.430230       0.036692

2456144.706190           14.431520       0.036723

2456144.740392           14.432814       0.036755

2456144.774594           14.434112       0.036786

2456144.808796           14.435413       0.036817

2456144.842998           14.436719       0.036849

2456144.877201           14.438028       0.036880

2456144.911403           14.439341       0.036912

2456144.945605           14.440657       0.036944

2456144.979807           14.441977       0.036976

2456145.014009           14.443301       0.037008

2456145.048211           14.444629       0.037040

2456145.082413           14.445960       0.037073

2456145.116615           14.447294       0.037105

2456145.150817           14.448632       0.037138

2456145.185020           14.449974       0.037171

2456145.219222           14.451319       0.037204

2456145.253424           14.452668       0.037237

2456145.287626           14.454020       0.037270

2456145.321828           14.455375       0.037304

2456145.356030           14.456734       0.037337

2456145.390232           14.458096       0.037371

2456145.424434           14.459461       0.037405

2456145.458636           14.460830       0.037439

2456145.492838           14.462201       0.037474

2456145.527041           14.463577       0.037508

2456145.561243           14.464955       0.037543

2456145.595445           14.466336       0.037578

2456145.629647           14.467721       0.037614

2456145.663849           14.469108       0.037649

2456145.698051           14.470499       0.037685

2456145.732253           14.471893       0.037721

2456145.766455           14.473289       0.037757

2456145.800657           14.474689       0.037794

2456145.834859           14.476092       0.037830

2456145.869062           14.477497       0.037867

2456145.903264           14.478906       0.037905

2456145.937466           14.480317       0.037942

2456145.971668           14.481731       0.037980

2456146.005870           14.483148       0.038018

2456146.040072           14.484568       0.038057

2456146.074274           14.485990       0.038096

2456146.108476           14.487415       0.038135

2456146.142678           14.488843       0.038174

2456146.176880           14.490273       0.038214

2456146.211083           14.491706       0.038254

2456146.245285           14.493142       0.038294

2456146.279487           14.494580       0.038335

2456146.313689           14.496021       0.038376

2456146.347891           14.497464       0.038418

2456146.382093           14.498910       0.038460

2456146.416295           14.500358       0.038502

2456146.450497           14.501808       0.038545

2456146.484699           14.503261       0.038588

2456146.518902           14.504716       0.038631

2456146.553104           14.506174       0.038675

2456146.587306           14.507633       0.038719

2456146.621508           14.509095       0.038764

2456146.655710           14.510560       0.038809

2456146.689912           14.512026       0.038855

2456146.724114           14.513494       0.038901

2456146.758316           14.514965       0.038947

2456146.792518           14.516438       0.038994

2456146.826720           14.517913       0.039042

2456146.860923           14.519390       0.039089

2456146.895125           14.520868       0.039138

2456146.929327           14.522349       0.039187

2456146.963529           14.523832       0.039236

2456146.997731           14.525317       0.039286

2456147.031933           14.526803       0.039337

2456147.066135           14.528292       0.039388

2456147.100337           14.529782       0.039439

2456147.134539           14.531274       0.039492

2456147.168741           14.532767       0.039544

2456147.202944           14.534263       0.039598

2456147.237146           14.535760       0.039651

2456147.271348           14.537259       0.039706

2456147.305550           14.538759       0.039761

2456147.339752           14.540261       0.039817

2456147.373954           14.541765       0.039873

2456147.408156           14.543270       0.039930

2456147.442358           14.544776       0.039988

2456147.476560           14.546285       0.040046

2456147.510762           14.547794       0.040105

2456147.544965           14.549305       0.040164

2456147.579167           14.550817       0.040225

2456147.613369           14.552331       0.040286

2456147.647571           14.553846       0.040347

2456147.681773           14.555362       0.040410

2456147.715975           14.556880       0.040473

2456147.750177           14.558399       0.040537

2456147.784379           14.559918       0.040601

2456147.818581           14.561440       0.040667

2456147.852783           14.562962       0.040733

2456147.886986           14.564485       0.040800

2456147.921188           14.566010       0.040867

2456147.955390           14.567535       0.040936

2456147.989592           14.569062       0.041005

2456148.023794           14.570589       0.041075

2456148.057996           14.572117       0.041146

2456148.092198           14.573647       0.041218

2456148.126400           14.575177       0.041290

2456148.160602           14.576708       0.041364

2456148.194805           14.578240       0.041438

2456148.229007           14.579773       0.041513

2456148.263209           14.581306       0.041590

2456148.297411           14.582840       0.041667

2456148.331613           14.584375       0.041745

2456148.365815           14.585911       0.041823

2456148.400017           14.587447       0.041903

2456148.434219           14.588984       0.041984

2456148.468421           14.590521       0.042066

2456148.502623           14.592059       0.042148

2456148.536826           14.593598       0.042232

2456148.571028           14.595137       0.042316

2456148.605230           14.596676       0.042402

2456148.639432           14.598216       0.042489

2456148.673634           14.599756       0.042576

2456148.707836           14.601297       0.042665

2456148.742038           14.602838       0.042755

2456148.776240           14.604379       0.042845

2456148.810442           14.605921       0.042937

2456148.844644           14.607463       0.043030

2456148.878847           14.609005       0.043124

2456148.913049           14.610547       0.043219

2456148.947251           14.612090       0.043315

2456148.981453           14.613633       0.043412

2456149.015655           14.615175       0.043511

2456149.049857           14.616718       0.043610

2456149.084059           14.618261       0.043711

2456149.118261           14.619804       0.043813

2456149.152463           14.621347       0.043915

2456149.186665           14.622890       0.044020

2456149.220868           14.624433       0.044125

2456149.255070           14.625975       0.044231

2456149.289272           14.627518       0.044339

2456149.323474           14.629060       0.044448

2456149.357676           14.630603       0.044558

2456149.391878           14.632145       0.044669

2456149.426080           14.633687       0.044782

2456149.460282           14.635228       0.044895

2456149.494484           14.636770       0.045010

2456149.528686           14.638311       0.045127

2456149.562889           14.639851       0.045244

2456149.597091           14.641392       0.045363

2456149.631293           14.642931       0.045483

2456149.665495           14.644471       0.045605

2456149.699697           14.646010       0.045727

2456149.733899           14.647548       0.045851

2456149.768101           14.649086       0.045977

2456149.802303           14.650624       0.046103

2456149.836505           14.652161       0.046231

2456149.870708           14.653697       0.046361

2456149.904910           14.655233       0.046491

2456149.939112           14.656768       0.046623

2456149.973314           14.658302       0.046757

2456150.007516           14.659836       0.046892

2456150.041718           14.661369       0.047028

2456150.075920           14.662901       0.047165

2456150.110122           14.664433       0.047304

2456150.144324           14.665963       0.047445

2456150.178526           14.667493       0.047586

2456150.212729           14.669022       0.047730

2456150.246931           14.670550       0.047874

2456150.281133           14.672078       0.048020

2456150.315335           14.673604       0.048168

2456150.349537           14.675129       0.048316

2456150.383739           14.676653       0.048467

2456150.417941           14.678177       0.048618

2456150.452143           14.679699       0.048772

2456150.486345           14.681220       0.048926

2456150.520547           14.682740       0.049082

2456150.554750           14.684259       0.049240

2456150.588952           14.685777       0.049399

2456150.623154           14.687294       0.049560

2456150.657356           14.688810       0.049722

2456150.691558           14.690324       0.049885

2456150.725760           14.691837       0.050050

2456150.759962           14.693349       0.050217

2456150.794164           14.694860       0.050385

2456150.828366           14.696369       0.050554

2456150.862568           14.697877       0.050725

2456150.896771           14.699384       0.050897

2456150.930973           14.700889       0.051071

2456150.965175           14.702393       0.051247

2456150.999377           14.703895       0.051424

2456151.033579           14.705396       0.051602

2456151.067781           14.706896       0.051783

2456151.101983           14.708394       0.051964

2456151.136185           14.709891       0.052147

2456151.170387           14.711386       0.052332

2456151.204589           14.712879       0.052518

2456151.238792           14.714371       0.052706

2456151.272994           14.715861       0.052895

2456151.307196           14.717350       0.053086

2456151.341398           14.718837       0.053278

2456151.375600           14.720323       0.053472

