This file contains the LC params of 2014J in filter-B

#-----------------------------#

#-----------------------------#
Jd at maximum in B band is: 2456690.122342 +/- 0.176954
Magnitude at maximum in B band is: 11.939394 +/- 0.005298
#-----------------------------#
#-----------------------------#
JD after 15-days from B band maximum is: 2456705.122342
Magnitude after 15-days from B band maximum is: 12.895236 +/- 0.007913
Estimated value of dm15 is: 0.955842 +/- 0.009523
Secondary maximum is not applicable for this band
The magnitudes are not k-corrected
Interpolated Light Curve through GP

#-----------------------------#

  JD                 MAG           MERR

2456674.430000           13.489436       0.197691

2456674.715315           13.454237       0.188167

2456675.000631           13.418596       0.178790

2456675.285946           13.382531       0.169571

2456675.571261           13.346061       0.160517

2456675.856577           13.309206       0.151638

2456676.141892           13.271989       0.142942

2456676.427207           13.234432       0.134439

2456676.712523           13.196561       0.126137

2456676.997838           13.158403       0.118045

2456677.283153           13.119987       0.110173

2456677.568468           13.081344       0.102529

2456677.853784           13.042506       0.095123

2456678.139099           13.003507       0.087963

2456678.424414           12.964385       0.081059

2456678.709730           12.925178       0.074419

2456678.995045           12.885927       0.068051

2456679.280360           12.846677       0.061963

2456679.565676           12.807474       0.056165

2456679.850991           12.768365       0.050663

2456680.136306           12.729403       0.045466

2456680.421622           12.690642       0.040579

2456680.706937           12.652138       0.036010

2456680.992252           12.613953       0.031764

2456681.277568           12.576149       0.027848

2456681.562883           12.538792       0.024264

2456681.848198           12.501953       0.021018

2456682.133514           12.465704       0.018112

2456682.418829           12.430124       0.015546

2456682.704144           12.395293       0.013320

2456682.989459           12.361294       0.011428

2456683.274775           12.328215       0.009865

2456683.560090           12.296143       0.008617

2456683.845405           12.265162       0.007668

2456684.130721           12.235354       0.006991

2456684.416036           12.206798       0.006550

2456684.701351           12.179564       0.006300

2456684.986667           12.153715       0.006194

2456685.271982           12.129305       0.006186

2456685.557297           12.106378       0.006236

2456685.842613           12.084964       0.006313

2456686.127928           12.065081       0.006390

2456686.413243           12.046734       0.006447

2456686.698559           12.029920       0.006471

2456686.983874           12.014631       0.006452

2456687.269189           12.000849       0.006389

2456687.554505           11.988553       0.006282

2456687.839820           11.977719       0.006138

2456688.125135           11.968316       0.005968

2456688.410450           11.960313       0.005785

2456688.695766           11.953673       0.005605

2456688.981081           11.948356       0.005444

2456689.266396           11.944318       0.005319

2456689.551712           11.941513       0.005245

2456689.837027           11.939888       0.005235

2456690.122342           11.939394       0.005298

2456690.407658           11.939976       0.005434

2456690.692973           11.941583       0.005637

2456690.978288           11.944164       0.005892

2456691.263604           11.947675       0.006181

2456691.548919           11.952073       0.006481

2456691.834234           11.957322       0.006768

2456692.119550           11.963391       0.007023

2456692.404865           11.970254       0.007231

2456692.690180           11.977887       0.007385

2456692.975495           11.986272       0.007481

2456693.260811           11.995394       0.007524

2456693.546126           12.005239       0.007522

2456693.831441           12.015797       0.007488

2456694.116757           12.027061       0.007436

2456694.402072           12.039025       0.007381

2456694.687387           12.051684       0.007334

2456694.972703           12.065035       0.007303

2456695.258018           12.079075       0.007295

2456695.543333           12.093800       0.007313

2456695.828649           12.109207       0.007361

2456696.113964           12.125288       0.007437

2456696.399279           12.142036       0.007539

2456696.684595           12.159440       0.007659

2456696.969910           12.177486       0.007782

2456697.255225           12.196155       0.007895

2456697.540541           12.215428       0.007980

2456697.825856           12.235284       0.008023

2456698.111171           12.255698       0.008014

2456698.396486           12.276647       0.007948

2456698.681802           12.298107       0.007824

2456698.967117           12.320054       0.007649

2456699.252432           12.342465       0.007436

2456699.537748           12.365317       0.007206

2456699.823063           12.388593       0.006985

2456700.108378           12.412277       0.006807

2456700.393694           12.436355       0.006705

2456700.679009           12.460820       0.006704

2456700.964324           12.485669       0.006818

2456701.249640           12.510901       0.007043

2456701.534955           12.536522       0.007359

2456701.820270           12.562538       0.007733

2456702.105586           12.588958       0.008130

2456702.390901           12.615794       0.008514

2456702.676216           12.643057       0.008852

2456702.961532           12.670758       0.009118

2456703.246847           12.698907       0.009295

2456703.532162           12.727511       0.009369

2456703.817477           12.756574       0.009333

2456704.102793           12.786098       0.009189

2456704.388108           12.816078       0.008941

2456704.673423           12.846503       0.008599

2456704.958739           12.877358       0.008181

2456705.244054           12.908618       0.007704

2456705.529369           12.940251       0.007193

2456705.814685           12.972213       0.006673

2456706.100000           13.004452       0.006171

2456706.385315           13.036904       0.005713

2456706.670631           13.069492       0.005325

2456706.955946           13.102135       0.005026

2456707.241261           13.134746       0.004830

2456707.526577           13.167248       0.004742

2456707.811892           13.199570       0.004754

2456708.097207           13.231652       0.004852

2456708.382523           13.263443       0.005016

2456708.667838           13.294905       0.005227

2456708.953153           13.326003       0.005466

2456709.238468           13.356715       0.005716

2456709.523784           13.387026       0.005960

2456709.809099           13.416932       0.006184

2456710.094414           13.446436       0.006374

2456710.379730           13.475549       0.006517

2456710.665045           13.504286       0.006605

2456710.950360           13.532668       0.006632

2456711.235676           13.560718       0.006598

2456711.520991           13.588462       0.006507

2456711.806306           13.615930       0.006368

2456712.091622           13.643153       0.006193

2456712.376937           13.670162       0.005998

2456712.662252           13.696991       0.005799

2456712.947568           13.723672       0.005609

2456713.232883           13.750237       0.005442

2456713.518198           13.776712       0.005305

2456713.803514           13.803121       0.005206

2456714.088829           13.829478       0.005145

2456714.374144           13.855788       0.005125

2456714.659459           13.882042       0.005144

2456714.944775           13.908220       0.005199

2456715.230090           13.934288       0.005286

2456715.515405           13.960201       0.005403

2456715.800721           13.985905       0.005542

2456716.086036           14.011342       0.005696

2456716.371351           14.036454       0.005857

2456716.656667           14.061192       0.006014

2456716.941982           14.085516       0.006159

2456717.227297           14.109399       0.006281

2456717.512613           14.132820       0.006375

2456717.797928           14.155769       0.006437

2456718.083243           14.178243       0.006468

2456718.368559           14.200244       0.006468

2456718.653874           14.221778       0.006441

2456718.939189           14.242855       0.006389

2456719.224505           14.263491       0.006315

2456719.509820           14.283700       0.006225

2456719.795135           14.303503       0.006124

2456720.080450           14.322918       0.006024

2456720.365766           14.341968       0.005935

2456720.651081           14.360676       0.005869

2456720.936396           14.379065       0.005835

2456721.221712           14.397157       0.005840

2456721.507027           14.414973       0.005885

2456721.792342           14.432531       0.005970

2456722.077658           14.449847       0.006091

2456722.362973           14.466932       0.006243

2456722.648288           14.483799       0.006420

2456722.933604           14.500454       0.006614

2456723.218919           14.516905       0.006821

2456723.504234           14.533154       0.007031

2456723.789550           14.549203       0.007234

2456724.074865           14.565050       0.007422

2456724.360180           14.580688       0.007583

2456724.645495           14.596110       0.007713

2456724.930811           14.611306       0.007807

2456725.216126           14.626264       0.007867

2456725.501441           14.640970       0.007896

2456725.786757           14.655406       0.007901

2456726.072072           14.669557       0.007888

2456726.357387           14.683403       0.007862

2456726.642703           14.696922       0.007824

2456726.928018           14.710096       0.007771

2456727.213333           14.722901       0.007697

2456727.498649           14.735317       0.007597

2456727.783964           14.747326       0.007468

2456728.069279           14.758909       0.007311

2456728.354595           14.770053       0.007135

2456728.639910           14.780748       0.006953

2456728.925225           14.790987       0.006787

2456729.210541           14.800770       0.006658

2456729.495856           14.810104       0.006587

2456729.781171           14.818999       0.006589

2456730.066486           14.827476       0.006665

2456730.351802           14.835556       0.006807

2456730.637117           14.843266       0.006994

2456730.922432           14.850634       0.007200

2456731.207748           14.857687       0.007398

2456731.493063           14.864455       0.007564

2456731.778378           14.870967       0.007679

2456732.063694           14.877250       0.007733

2456732.349009           14.883331       0.007721

2456732.634324           14.889235       0.007650

2456732.919640           14.894984       0.007533

2456733.204955           14.900598       0.007390

2456733.490270           14.906091       0.007253

2456733.775586           14.911475       0.007155

2456734.060901           14.916756       0.007137

2456734.346216           14.921938       0.007241

2456734.631532           14.927022       0.007502

2456734.916847           14.932006       0.007942

2456735.202162           14.936889       0.008566

2456735.487477           14.941668       0.009358

2456735.772793           14.946342       0.010290

2456736.058108           14.950911       0.011320

2456736.343423           14.955376       0.012409

2456736.628739           14.959736       0.013516

2456736.914054           14.963995       0.014602

2456737.199369           14.968154       0.015632

2456737.484685           14.972216       0.016574

2456737.770000           14.976185       0.017400

2456738.055315           14.980066       0.018082

2456738.340631           14.983862       0.018600

2456738.625946           14.987579       0.018932

2456738.911261           14.991221       0.019063

2456739.196577           14.994794       0.018982

2456739.481892           14.998305       0.018680

2456739.767207           15.001757       0.018154

2456740.052523           15.005159       0.017409

2456740.337838           15.008514       0.016456

2456740.623153           15.011831       0.015319

2456740.908468           15.015114       0.014043

2456741.193784           15.018370       0.012699

2456741.479099           15.021604       0.011410

2456741.764414           15.024823       0.010372

2456742.049730           15.028030       0.009863

2456742.335045           15.031233       0.010154

2456742.620360           15.034435       0.011348

2456742.905676           15.037641       0.013335

2456743.190991           15.040855       0.015918

2456743.476306           15.044082       0.018926

2456743.761622           15.047324       0.022238

2456744.046937           15.050584       0.025769

2456744.332252           15.053866       0.029461

2456744.617568           15.057172       0.033268

2456744.902883           15.060505       0.037154

2456745.188198           15.063867       0.041087

2456745.473514           15.067259       0.045040

2456745.758829           15.070683       0.048987

2456746.044144           15.074141       0.052907

2456746.329459           15.077633       0.056777

2456746.614775           15.081161       0.060577

2456746.900090           15.084725       0.064287

2456747.185405           15.088325       0.067890

2456747.470721           15.091963       0.071368

2456747.756036           15.095638       0.074703

2456748.041351           15.099349       0.077881

2456748.326667           15.103098       0.080887

2456748.611982           15.106883       0.083705

2456748.897297           15.110704       0.086323

2456749.182613           15.114560       0.088728

2456749.467928           15.118451       0.090908

2456749.753243           15.122375       0.092852

2456750.038559           15.126331       0.094551

2456750.323874           15.130318       0.095995

2456750.609189           15.134336       0.097176

2456750.894505           15.138381       0.098085

2456751.179820           15.142454       0.098717

2456751.465135           15.146552       0.099066

2456751.750450           15.150673       0.099127

2456752.035766           15.154816       0.098895

2456752.321081           15.158980       0.098368

2456752.606396           15.163161       0.097544

2456752.891712           15.167359       0.096422

2456753.177027           15.171570       0.095001

2456753.462342           15.175794       0.093282

2456753.747658           15.180028       0.091267

2456754.032973           15.184270       0.088959

2456754.318288           15.188517       0.086363

2456754.603604           15.192769       0.083483

2456754.888919           15.197021       0.080327

2456755.174234           15.201274       0.076902

2456755.459550           15.205523       0.073218

2456755.744865           15.209768       0.069288

2456756.030180           15.214005       0.065125

2456756.315495           15.218234       0.060748

2456756.600811           15.222452       0.056178

2456756.886126           15.226656       0.051444

2456757.171441           15.230846       0.046584

2456757.456757           15.235019       0.041650

2456757.742072           15.239174       0.036720

2456758.027387           15.243309       0.031914

2456758.312703           15.247422       0.027428

2456758.598018           15.251512       0.023588

2456758.883333           15.255577       0.020899

2456759.168649           15.259617       0.019968

2456759.453964           15.263630       0.021136

2456759.739279           15.267616       0.024173

2456760.024595           15.271573       0.028535

2456760.309910           15.275502       0.033736

2456760.595225           15.279400       0.039457

2456760.880541           15.283269       0.045500

2456761.165856           15.287108       0.051742

2456761.451171           15.290916       0.058104

2456761.736486           15.294694       0.064528

2456762.021802           15.298441       0.070973

2456762.307117           15.302158       0.077405

2456762.592432           15.305844       0.083798

2456762.877748           15.309501       0.090127

2456763.163063           15.313128       0.096373

2456763.448378           15.316726       0.102518

2456763.733694           15.320295       0.108544

2456764.019009           15.323835       0.114435

2456764.304324           15.327347       0.120179

2456764.589640           15.330832       0.125760

2456764.874955           15.334291       0.131167

2456765.160270           15.337723       0.136387

2456765.445586           15.341129       0.141409

2456765.730901           15.344511       0.146223

2456766.016216           15.347868       0.150818

2456766.301532           15.351202       0.155185

2456766.586847           15.354513       0.159315

2456766.872162           15.357802       0.163200

2456767.157477           15.361069       0.166831

2456767.442793           15.364316       0.170202

2456767.728108           15.367543       0.173306

2456768.013423           15.370751       0.176136

2456768.298739           15.373941       0.178687

2456768.584054           15.377113       0.180953

2456768.869369           15.380268       0.182930

2456769.154685           15.383406       0.184613

2456769.440000           15.386529       0.185999

2456769.725315           15.389638       0.187084

2456770.010631           15.392732       0.187866

2456770.295946           15.395812       0.188343

2456770.581261           15.398880       0.188512

2456770.866577           15.401936       0.188373

2456771.151892           15.404980       0.187924

2456771.437207           15.408013       0.187166

2456771.722523           15.411036       0.186098

2456772.007838           15.414049       0.184722

2456772.293153           15.417053       0.183039

2456772.578468           15.420048       0.181050

2456772.863784           15.423035       0.178757

2456773.149099           15.426014       0.176165

2456773.434414           15.428987       0.173274

2456773.719730           15.431952       0.170091

2456774.005045           15.434912       0.166618

2456774.290360           15.437865       0.162861

2456774.575676           15.440814       0.158825

2456774.860991           15.443757       0.154515

2456775.146306           15.446696       0.149940

2456775.431622           15.449631       0.145105

2456775.716937           15.452562       0.140018

2456776.002252           15.455490       0.134688

2456776.287568           15.458415       0.129123

2456776.572883           15.461338       0.123334

2456776.858198           15.464258       0.117330

2456777.143514           15.467177       0.111124

2456777.428829           15.470094       0.104728

2456777.714144           15.473010       0.098156

2456777.999459           15.475926       0.091423

2456778.284775           15.478841       0.084547

2456778.570090           15.481757       0.077548

2456778.855405           15.484673       0.070451

2456779.140721           15.487591       0.063288

2456779.426036           15.490510       0.056100

2456779.711351           15.493432       0.048947

2456779.996667           15.496357       0.041917

2456780.281982           15.499284       0.035163

2456780.567297           15.502216       0.028954

2456780.852613           15.505153       0.023799

2456781.137928           15.508095       0.020568

2456781.423243           15.511043       0.020245

2456781.708559           15.513999       0.022964

2456781.993874           15.516962       0.027836

2456782.279189           15.519935       0.033922

2456782.564505           15.522917       0.040649

2456782.849820           15.525911       0.047709

2456783.135135           15.528917       0.054932

2456783.420450           15.531937       0.062220

2456783.705766           15.534971       0.069507

2456783.991081           15.538022       0.076751

2456784.276396           15.541089       0.083918

2456784.561712           15.544175       0.090982

2456784.847027           15.547280       0.097922

2456785.132342           15.550406       0.104720

2456785.417658           15.553555       0.111359

2456785.702973           15.556727       0.117827

2456785.988288           15.559924       0.124111

2456786.273604           15.563147       0.130198

2456786.558919           15.566397       0.136078

2456786.844234           15.569676       0.141742

2456787.129550           15.572985       0.147180

2456787.414865           15.576324       0.152385

2456787.700180           15.579696       0.157348

2456787.985495           15.583102       0.162062

2456788.270811           15.586542       0.166521

2456788.556126           15.590017       0.170720

2456788.841441           15.593530       0.174652

2456789.126757           15.597080       0.178313

2456789.412072           15.600670       0.181699

2456789.697387           15.604299       0.184806

2456789.982703           15.607969       0.187631

2456790.268018           15.611681       0.190172

2456790.553333           15.615435       0.192426

2456790.838649           15.619233       0.194391

2456791.123964           15.623075       0.196067

2456791.409279           15.626962       0.197453

2456791.694595           15.630894       0.198549

2456791.979910           15.634873       0.199355

2456792.265225           15.638899       0.199873

2456792.550541           15.642972       0.200103

2456792.835856           15.647092       0.200049

2456793.121171           15.651262       0.199711

2456793.406486           15.655479       0.199094

2456793.691802           15.659746       0.198201

2456793.977117           15.664062       0.197036

2456794.262432           15.668427       0.195604

2456794.547748           15.672841       0.193909

2456794.833063           15.677306       0.191957

2456795.118378           15.681820       0.189755

2456795.403694           15.686383       0.187309

2456795.689009           15.690996       0.184627

2456795.974324           15.695658       0.181715

2456796.259640           15.700369       0.178584

2456796.544955           15.705129       0.175240

2456796.830270           15.709938       0.171695

2456797.115586           15.714794       0.167958

2456797.400901           15.719698       0.164039

2456797.686216           15.724650       0.159951

2456797.971532           15.729647       0.155704

2456798.256847           15.734691       0.151311

2456798.542162           15.739779       0.146787

2456798.827477           15.744912       0.142143

2456799.112793           15.750088       0.137397

2456799.398108           15.755307       0.132561

2456799.683423           15.760568       0.127654

2456799.968739           15.765869       0.122691

2456800.254054           15.771210       0.117692

2456800.539369           15.776589       0.112675

2456800.824685           15.782006       0.107659

2456801.110000           15.787458       0.102667

2456801.395315           15.792946       0.097721

2456801.680631           15.798466       0.092844

2456801.965946           15.804019       0.088062

2456802.251261           15.809603       0.083401

2456802.536577           15.815215       0.078888

2456802.821892           15.820856       0.074553

2456803.107207           15.826522       0.070425

2456803.392523           15.832212       0.066535

2456803.677838           15.837926       0.062913

2456803.963153           15.843660       0.059587

2456804.248468           15.849414       0.056581

2456804.533784           15.855185       0.053917

2456804.819099           15.860972       0.051606

2456805.104414           15.866773       0.049651

2456805.389730           15.872586       0.048041

2456805.675045           15.878409       0.046757

2456805.960360           15.884241       0.045762

2456806.245676           15.890078       0.045015

2456806.530991           15.895920       0.044464

2456806.816306           15.901765       0.044055

2456807.101622           15.907610       0.043735

2456807.386937           15.913453       0.043452

2456807.672252           15.919293       0.043158

2456807.957568           15.925127       0.042813

2456808.242883           15.930954       0.042380

2456808.528198           15.936772       0.041832

2456808.813514           15.942578       0.041145

2456809.098829           15.948371       0.040302

2456809.384144           15.954148       0.039294

2456809.669459           15.959908       0.038115

2456809.954775           15.965649       0.036768

2456810.240090           15.971369       0.035259

2456810.525405           15.977067       0.033602

2456810.810721           15.982740       0.031820

2456811.096036           15.988386       0.029944

2456811.381351           15.994005       0.028015

2456811.666667           15.999594       0.026090

2456811.951982           16.005152       0.024243

2456812.237297           16.010678       0.022571

2456812.522613           16.016170       0.021192

2456812.807928           16.021626       0.020236

2456813.093243           16.027046       0.019824

2456813.378559           16.032429       0.020038

2456813.663874           16.037774       0.020883

2456813.949189           16.043079       0.022300

2456814.234505           16.048344       0.024180

2456814.519820           16.053569       0.026407

2456814.805135           16.058753       0.028873

2456815.090450           16.063895       0.031484

2456815.375766           16.068995       0.034166

2456815.661081           16.074054       0.036859

2456815.946396           16.079070       0.039515

2456816.231712           16.084043       0.042091

2456816.517027           16.088974       0.044554

2456816.802342           16.093863       0.046876

2456817.087658           16.098710       0.049031

2456817.372973           16.103514       0.050997

2456817.658288           16.108276       0.052756

2456817.943604           16.112997       0.054292

2456818.228919           16.117676       0.055589

2456818.514234           16.122314       0.056636

2456818.799550           16.126911       0.057423

2456819.084865           16.131468       0.057940

2456819.370180           16.135985       0.058182

2456819.655495           16.140463       0.058142

2456819.940811           16.144902       0.057818

2456820.226126           16.149303       0.057207

2456820.511441           16.153667       0.056311

2456820.796757           16.157993       0.055131

2456821.082072           16.162284       0.053672

2456821.367387           16.166540       0.051940

2456821.652703           16.170761       0.049945

2456821.938018           16.174948       0.047699

2456822.223333           16.179103       0.045217

2456822.508649           16.183226       0.042523

2456822.793964           16.187318       0.039643

2456823.079279           16.191381       0.036615

2456823.364595           16.195416       0.033491

2456823.649910           16.199423       0.030343

2456823.935225           16.203404       0.027278

2456824.220541           16.207361       0.024449

2456824.505856           16.211295       0.022080

2456824.791171           16.215207       0.020465

2456825.076486           16.219098       0.019911

2456825.361802           16.222972       0.020610

2456825.647117           16.226829       0.022524

2456825.932432           16.230671       0.025433

2456826.217748           16.234500       0.029073

2456826.503063           16.238319       0.033223

2456826.788378           16.242129       0.037719

2456827.073694           16.245933       0.042444

2456827.359009           16.249732       0.047317

2456827.644324           16.253530       0.052277

2456827.929640           16.257327       0.057276

2456828.214955           16.261127       0.062277

2456828.500270           16.264932       0.067249

2456828.785586           16.268744       0.072165

2456829.070901           16.272565       0.077001

2456829.356216           16.276399       0.081736

2456829.641532           16.280246       0.086350

2456829.926847           16.284110       0.090827

2456830.212162           16.287992       0.095150

2456830.497477           16.291896       0.099305

2456830.782793           16.295823       0.103276

2456831.068108           16.299775       0.107050

2456831.353423           16.303754       0.110617

2456831.638739           16.307763       0.113964

2456831.924054           16.311804       0.117081

2456832.209369           16.315878       0.119958

2456832.494685           16.319988       0.122586

2456832.780000           16.324136       0.124957

2456833.065315           16.328322       0.127064

2456833.350631           16.332550       0.128899

2456833.635946           16.336820       0.130457

2456833.921261           16.341135       0.131733

2456834.206577           16.345495       0.132721

2456834.491892           16.349903       0.133419

2456834.777207           16.354359       0.133822

2456835.062523           16.358864       0.133929

2456835.347838           16.363420       0.133738

2456835.633153           16.368029       0.133248

2456835.918468           16.372689       0.132458

2456836.203784           16.377404       0.131370

2456836.489099           16.382173       0.129984

2456836.774414           16.386996       0.128303

2456837.059730           16.391875       0.126328

2456837.345045           16.396810       0.124065

2456837.630360           16.401800       0.121516

2456837.915676           16.406847       0.118687

2456838.200991           16.411950       0.115584

2456838.486306           16.417108       0.112214

2456838.771622           16.422322       0.108583

2456839.056937           16.427592       0.104701

2456839.342252           16.432916       0.100577

2456839.627568           16.438294       0.096222

2456839.912883           16.443726       0.091646

2456840.198198           16.449210       0.086863

2456840.483514           16.454744       0.081887

2456840.768829           16.460329       0.076735

2456841.054144           16.465962       0.071425

2456841.339459           16.471642       0.065979

2456841.624775           16.477367       0.060423

2456841.910090           16.483136       0.054790

2456842.195405           16.488946       0.049121

2456842.480721           16.494794       0.043475

2456842.766036           16.500680       0.037933

2456843.051351           16.506599       0.032624

2456843.336667           16.512550       0.027754

2456843.621982           16.518530       0.023667

2456843.907297           16.524535       0.020882

2456844.192613           16.530562       0.019985

2456844.477928           16.536608       0.021223

2456844.763243           16.542669       0.024257

2456845.048559           16.548742       0.028488

2456845.333874           16.554822       0.033423

2456845.619189           16.560905       0.038748

2456845.904505           16.566988       0.044270

2456846.189820           16.573065       0.049872

2456846.475135           16.579133       0.055473

2456846.760450           16.585185       0.061020

2456847.045766           16.591218       0.066471

2456847.331081           16.597227       0.071794

2456847.616396           16.603206       0.076962

2456847.901712           16.609150       0.081952

2456848.187027           16.615054       0.086746

2456848.472342           16.620912       0.091325

2456848.757658           16.626719       0.095674

2456849.042973           16.632469       0.099777

2456849.328288           16.638157       0.103623

2456849.613604           16.643776       0.107197

2456849.898919           16.649321       0.110490

2456850.184234           16.654785       0.113490

2456850.469550           16.660163       0.116189

2456850.754865           16.665448       0.118576

2456851.040180           16.670635       0.120643

2456851.325495           16.675717       0.122384

2456851.610811           16.680688       0.123791

2456851.896126           16.685542       0.124858

2456852.181441           16.690273       0.125580

2456852.466757           16.694874       0.125952

2456852.752072           16.699339       0.125969

2456853.037387           16.703662       0.125628

2456853.322703           16.707837       0.124927

2456853.608018           16.711858       0.123862

2456853.893333           16.715718       0.122433

2456854.178649           16.719413       0.120639

2456854.463964           16.722935       0.118480

2456854.749279           16.726278       0.115955

2456855.034595           16.729438       0.113068

2456855.319910           16.732409       0.109819

2456855.605225           16.735185       0.106212

2456855.890541           16.737760       0.102251

2456856.175856           16.740130       0.097941

2456856.461171           16.742290       0.093288

2456856.746486           16.744234       0.088301

2456857.031802           16.745959       0.082989

2456857.317117           16.747459       0.077364

2456857.602432           16.748732       0.071443

2456857.887748           16.749772       0.065247

2456858.173063           16.750576       0.058806

2456858.458378           16.751142       0.052163

2456858.743694           16.751466       0.045387

2456859.029009           16.751545       0.038594

2456859.314324           16.751378       0.031999

2456859.599640           16.750962       0.026033

2456859.884955           16.750297       0.021564

2456860.170270           16.749381       0.019991

2456860.455586           16.748215       0.022251

2456860.740901           16.746797       0.027648

2456861.026216           16.745129       0.034928

2456861.311532           16.743212       0.043285

2456861.596847           16.741047       0.052313

2456861.882162           16.738636       0.061802

2456862.167477           16.735981       0.071639

2456862.452793           16.733086       0.081755

2456862.738108           16.729952       0.092104

2456863.023423           16.726583       0.102653

2456863.308739           16.722984       0.113378

2456863.594054           16.719156       0.124259

2456863.879369           16.715106       0.135279

2456864.164685           16.710836       0.146424

2456864.450000           16.706352       0.157680

2456864.735315           16.701659       0.169035

2456865.020631           16.696761       0.180478

2456865.305946           16.691664       0.191999

2456865.591261           16.686372       0.203589

2456865.876577           16.680892       0.215237

2456866.161892           16.675230       0.226935

2456866.447207           16.669390       0.238675

2456866.732523           16.663378       0.250447

2456867.017838           16.657201       0.262245

2456867.303153           16.650865       0.274061

2456867.588468           16.644376       0.285888

2456867.873784           16.637740       0.297718

2456868.159099           16.630964       0.309545

2456868.444414           16.624053       0.321362

2456868.729730           16.617014       0.333163

2456869.015045           16.609854       0.344943

2456869.300360           16.602578       0.356694

2456869.585676           16.595194       0.368411

2456869.870991           16.587708       0.380090

2456870.156306           16.580127       0.391724

2456870.441622           16.572456       0.403309

2456870.726937           16.564703       0.414839

2456871.012252           16.556874       0.426311

2456871.297568           16.548975       0.437719

2456871.582883           16.541013       0.449059

2456871.868198           16.532995       0.460327

2456872.153514           16.524926       0.471519

2456872.438829           16.516814       0.482631

2456872.724144           16.508663       0.493660

2456873.009459           16.500482       0.504601

2456873.294775           16.492275       0.515452

2456873.580090           16.484050       0.526209

2456873.865405           16.475812       0.536869

2456874.150721           16.467568       0.547429

2456874.436036           16.459323       0.557886

2456874.721351           16.451084       0.568238

2456875.006667           16.442856       0.578481

2456875.291982           16.434646       0.588614

2456875.577297           16.426459       0.598634

2456875.862613           16.418301       0.608538

2456876.147928           16.410177       0.618325

2456876.433243           16.402093       0.627992

2456876.718559           16.394055       0.637538

2456877.003874           16.386069       0.646960

2456877.289189           16.378139       0.656257

2456877.574505           16.370271       0.665428

2456877.859820           16.362469       0.674470

2456878.145135           16.354741       0.683383

2456878.430450           16.347089       0.692164

2456878.715766           16.339520       0.700812

2456879.001081           16.332038       0.709327

2456879.286396           16.324648       0.717707

2456879.571712           16.317355       0.725951

2456879.857027           16.310164       0.734057

2456880.142342           16.303079       0.742026

2456880.427658           16.296104       0.749855

2456880.712973           16.289245       0.757545

2456880.998288           16.282505       0.765094

2456881.283604           16.275888       0.772502

2456881.568919           16.269400       0.779767

2456881.854234           16.263044       0.786890

2456882.139550           16.256823       0.793870

2456882.424865           16.250743       0.800706

2456882.710180           16.244806       0.807397

2456882.995495           16.239018       0.813944

2456883.280811           16.233380       0.820346

2456883.566126           16.227897       0.826602

2456883.851441           16.222573       0.832713

2456884.136757           16.217411       0.838677

2456884.422072           16.212414       0.844494

2456884.707387           16.207586       0.850165

2456884.992703           16.202929       0.855689

2456885.278018           16.198448       0.861066

2456885.563333           16.194144       0.866296

2456885.848649           16.190022       0.871378

2456886.133964           16.186083       0.876312

2456886.419279           16.182331       0.881099

2456886.704595           16.178768       0.885738

2456886.989910           16.175398       0.890229

2456887.275225           16.172222       0.894572

2456887.560541           16.169243       0.898767

2456887.845856           16.166464       0.902814

2456888.131171           16.163886       0.906713

2456888.416486           16.161513       0.910464

2456888.701802           16.159347       0.914067

2456888.987117           16.157389       0.917521

2456889.272432           16.155641       0.920828

2456889.557748           16.154106       0.923986

2456889.843063           16.152785       0.926996

2456890.128378           16.151681       0.929858

2456890.413694           16.150795       0.932572

2456890.699009           16.150128       0.935137

2456890.984324           16.149683       0.937555

2456891.269640           16.149460       0.939824

2456891.554955           16.149462       0.941946

2456891.840270           16.149689       0.943919

2456892.125586           16.150144       0.945744

2456892.410901           16.150826       0.947420

2456892.696216           16.151738       0.948949

2456892.981532           16.152881       0.950330

2456893.266847           16.154255       0.951562

2456893.552162           16.155861       0.952646

2456893.837477           16.157701       0.953582

2456894.122793           16.159775       0.954369

2456894.408108           16.162084       0.955008

2456894.693423           16.164628       0.955499

2456894.978739           16.167408       0.955841

2456895.264054           16.170426       0.956034

2456895.549369           16.173680       0.956079

2456895.834685           16.177171       0.955975

2456896.120000           16.180901       0.955723

2456896.405315           16.184868       0.955321

2456896.690631           16.189074       0.954770

2456896.975946           16.193518       0.954070

2456897.261261           16.198200       0.953221

2456897.546577           16.203121       0.952222

2456897.831892           16.208279       0.951073

2456898.117207           16.213676       0.949775

2456898.402523           16.219310       0.948326

2456898.687838           16.225182       0.946728

2456898.973153           16.231290       0.944979

2456899.258468           16.237635       0.943080

2456899.543784           16.244216       0.941029

2456899.829099           16.251032       0.938828

2456900.114414           16.258083       0.936476

2456900.399730           16.265367       0.933972

2456900.685045           16.272884       0.931317

2456900.970360           16.280633       0.928510

2456901.255676           16.288613       0.925550

2456901.540991           16.296823       0.922439

2456901.826306           16.305262       0.919175

2456902.111622           16.313928       0.915758

2456902.396937           16.322820       0.912188

2456902.682252           16.331937       0.908465

2456902.967568           16.341277       0.904588

2456903.252883           16.350839       0.900557

2456903.538198           16.360621       0.896373

2456903.823514           16.370622       0.892034

2456904.108829           16.380839       0.887541

2456904.394144           16.391271       0.882894

2456904.679459           16.401916       0.878091

2456904.964775           16.412771       0.873134

2456905.250090           16.423836       0.868021

2456905.535405           16.435106       0.862753

2456905.820721           16.446581       0.857329

2456906.106036           16.458258       0.851749

2456906.391351           16.470135       0.846014

2456906.676667           16.482208       0.840122

2456906.961982           16.494475       0.834075

2456907.247297           16.506935       0.827871

2456907.532613           16.519583       0.821511

2456907.817928           16.532417       0.814995

2456908.103243           16.545434       0.808322

2456908.388559           16.558631       0.801493

2456908.673874           16.572005       0.794508

2456908.959189           16.585553       0.787366

2456909.244505           16.599272       0.780069

2456909.529820           16.613157       0.772615

2456909.815135           16.627206       0.765006

2456910.100450           16.641416       0.757241

2456910.385766           16.655781       0.749321

2456910.671081           16.670300       0.741246

2456910.956396           16.684967       0.733016

2456911.241712           16.699780       0.724632

2456911.527027           16.714733       0.716094

2456911.812342           16.729824       0.707402

2456912.097658           16.745048       0.698558

2456912.382973           16.760400       0.689562

2456912.668288           16.775876       0.680414

2456912.953604           16.791473       0.671115

2456913.238919           16.807185       0.661667

2456913.524234           16.823008       0.652069

2456913.809550           16.838938       0.642323

2456914.094865           16.854969       0.632430

2456914.380180           16.871097       0.622390

2456914.665495           16.887317       0.612206

2456914.950811           16.903623       0.601878

2456915.236126           16.920012       0.591408

2456915.521441           16.936478       0.580796

2456915.806757           16.953015       0.570046

2456916.092072           16.969619       0.559157

2456916.377387           16.986284       0.548133

2456916.662703           17.003004       0.536974

2456916.948018           17.019775       0.525683

2456917.233333           17.036591       0.514261

2456917.518649           17.053446       0.502712

2456917.803964           17.070335       0.491037

2456918.089279           17.087252       0.479238

2456918.374595           17.104191       0.467318

2456918.659910           17.121146       0.455280

2456918.945225           17.138112       0.443127

2456919.230541           17.155083       0.430861

2456919.515856           17.172053       0.418486

2456919.801171           17.189016       0.406004

2456920.086486           17.205967       0.393420

2456920.371802           17.222898       0.380736

2456920.657117           17.239805       0.367957

2456920.942432           17.256681       0.355087

2456921.227748           17.273521       0.342129

2456921.513063           17.290318       0.329087

2456921.798378           17.307066       0.315967

2456922.083694           17.323760       0.302773

2456922.369009           17.340394       0.289510

2456922.654324           17.356961       0.276183

2456922.939640           17.373456       0.262798

2456923.224955           17.389874       0.249360

2456923.510270           17.406207       0.235875

2456923.795586           17.422452       0.222350

2456924.080901           17.438602       0.208792

2456924.366216           17.454651       0.195208

2456924.651532           17.470595       0.181606

2456924.936847           17.486428       0.167996

2456925.222162           17.502145       0.154386

2456925.507477           17.517741       0.140789

2456925.792793           17.533211       0.127218

2456926.078108           17.548551       0.113690

2456926.363423           17.563756       0.100227

2456926.648739           17.578821       0.086861

2456926.934054           17.593743       0.073641

2456927.219369           17.608518       0.060649

2456927.504685           17.623142       0.048046

2456927.790000           17.637611       0.036197

2456928.075315           17.651923       0.026066

2456928.360631           17.666076       0.020274

2456928.645946           17.680066       0.022335

2456928.931261           17.693891       0.030592

2456929.216577           17.707550       0.041401

2456929.501892           17.721041       0.053145

2456929.787207           17.734363       0.065247

2456930.072523           17.747516       0.077472

2456930.357838           17.760498       0.089705

2456930.643153           17.773309       0.101885

2456930.928468           17.785949       0.113973

2456931.213784           17.798418       0.125944

2456931.499099           17.810715       0.137778

2456931.784414           17.822842       0.149459

2456932.069730           17.834799       0.160975

2456932.355045           17.846585       0.172316

2456932.640360           17.858203       0.183472

2456932.925676           17.869651       0.194435

2456933.210991           17.880932       0.205197

2456933.496306           17.892046       0.215750

2456933.781622           17.902994       0.226088

2456934.066937           17.913777       0.236204

2456934.352252           17.924395       0.246093

2456934.637568           17.934850       0.255749

2456934.922883           17.945143       0.265167

2456935.208198           17.955274       0.274340

2456935.493514           17.965245       0.283265

2456935.778829           17.975055       0.291937

2456936.064144           17.984707       0.300351

2456936.349459           17.994200       0.308503

2456936.634775           18.003536       0.316388

2456936.920090           18.012715       0.324004

2456937.205405           18.021737       0.331346

2456937.490721           18.030604       0.338411

2456937.776036           18.039315       0.345196

2456938.061351           18.047871       0.351697

2456938.346667           18.056271       0.357911

2456938.631982           18.064516       0.363835

2456938.917297           18.072607       0.369467

2456939.202613           18.080542       0.374805

2456939.487928           18.088321       0.379845

2456939.773243           18.095944       0.384586

2456940.058559           18.103411       0.389025

2456940.343874           18.110720       0.393161

2456940.629189           18.117871       0.396992

2456940.914505           18.124862       0.400516

2456941.199820           18.131694       0.403731

2456941.485135           18.138363       0.406637

2456941.770450           18.144870       0.409232

2456942.055766           18.151212       0.411515

2456942.341081           18.157387       0.413485

2456942.626396           18.163394       0.415140

2456942.911712           18.169231       0.416482

2456943.197027           18.174894       0.417508

2456943.482342           18.180383       0.418219

2456943.767658           18.185694       0.418613

2456944.052973           18.190825       0.418692

2456944.338288           18.195772       0.418455

2456944.623604           18.200534       0.417902

2456944.908919           18.205105       0.417033

2456945.194234           18.209484       0.415849

2456945.479550           18.213667       0.414350

2456945.764865           18.217649       0.412537

2456946.050180           18.221428       0.410411

2456946.335495           18.224999       0.407972

2456946.620811           18.228358       0.405222

2456946.906126           18.231501       0.402161

2456947.191441           18.234423       0.398792

2456947.476757           18.237120       0.395116

2456947.762072           18.239588       0.391133

2456948.047387           18.241820       0.386847

2456948.332703           18.243814       0.382258

2456948.618018           18.245563       0.377370

2456948.903333           18.247062       0.372184

2456949.188649           18.248306       0.366702

2456949.473964           18.249290       0.360928

2456949.759279           18.250008       0.354864

2456950.044595           18.250455       0.348512

2456950.329910           18.250626       0.341877

2456950.615225           18.250513       0.334960

2456950.900541           18.250113       0.327766

2456951.185856           18.249419       0.320299

2456951.471171           18.248425       0.312562

2456951.756486           18.247125       0.304559

2456952.041802           18.245514       0.296295

2456952.327117           18.243585       0.287774

2456952.612432           18.241333       0.279002

2456952.897748           18.238752       0.269982

2456953.183063           18.235837       0.260722

2456953.468378           18.232581       0.251227

2456953.753694           18.228978       0.241504

2456954.039009           18.225024       0.231558

2456954.324324           18.220712       0.221399

2456954.609640           18.216038       0.211034

2456954.894955           18.210995       0.200471

2456955.180270           18.205579       0.189723

2456955.465586           18.199786       0.178799

2456955.750901           18.193609       0.167714

2456956.036216           18.187044       0.156484

2456956.321532           18.180088       0.145128

2456956.606847           18.172736       0.133670

2456956.892162           18.164984       0.122143

2456957.177477           18.156829       0.110590

2456957.462793           18.148268       0.099070

2456957.748108           18.139298       0.087672

2456958.033423           18.129916       0.076534

2456958.318739           18.120120       0.065878

2456958.604054           18.109909       0.056081

2456958.889369           18.099282       0.047785

2456959.174685           18.088239       0.042009

2456959.460000           18.076778       0.039973

