This file contains the LC params of 2012cg in filter-B

#-----------------------------#

#-----------------------------#
Jd at maximum in B band is: 56080.768877 +/- 0.905443
Magnitude at maximum in B band is: 12.158802 +/- 0.019801
#-----------------------------#
#-----------------------------#
JD after 15-days from B band maximum is: 56095.768877
Magnitude after 15-days from B band maximum is: 13.070210 +/- 0.030112
Estimated value of dm15 is: 0.911409 +/- 0.036039
Secondary maximum is not applicable for this band
The magnitudes are not k-corrected
Interpolated Light Curve through GP

#-----------------------------#

  JD                 MAG           MERR

56057.718600           18.301438       0.214313

56057.915611           18.246877       0.207858

56058.112622           18.191335       0.201453

56058.309633           18.134816       0.195099

56058.506644           18.077323       0.188800

56058.703655           18.018863       0.182558

56058.900665           17.959439       0.176375

56059.097676           17.899060       0.170255

56059.294687           17.837732       0.164200

56059.491698           17.775463       0.158213

56059.688709           17.712261       0.152296

56059.885720           17.648137       0.146452

56060.082731           17.583099       0.140684

56060.279742           17.517161       0.134996

56060.476753           17.450332       0.129389

56060.673764           17.382627       0.123867

56060.870775           17.314059       0.118433

56061.067785           17.244642       0.113090

56061.264796           17.174394       0.107841

56061.461807           17.103331       0.102688

56061.658818           17.031470       0.097636

56061.855829           16.958831       0.092686

56062.052840           16.885434       0.087844

56062.249851           16.811300       0.083111

56062.446862           16.736453       0.078492

56062.643873           16.660915       0.073989

56062.840884           16.584712       0.069607

56063.037895           16.507870       0.065350

56063.234906           16.430417       0.061220

56063.431916           16.352383       0.057223

56063.628927           16.273798       0.053363

56063.825938           16.194694       0.049644

56064.022949           16.115105       0.046071

56064.219960           16.035066       0.042651

56064.416971           15.954614       0.039389

56064.613982           15.873788       0.036292

56064.810993           15.792628       0.033367

56065.008004           15.711176       0.030622

56065.205015           15.629476       0.028068

56065.402026           15.547573       0.025714

56065.599036           15.465516       0.023572

56065.796047           15.383355       0.021652

56065.993058           15.301140       0.019966

56066.190069           15.218926       0.018522

56066.387080           15.136768       0.017326

56066.584091           15.054724       0.016376

56066.781102           14.972854       0.015662

56066.978113           14.891219       0.015168

56067.175124           14.809883       0.014865

56067.372135           14.728911       0.014722

56067.569146           14.648372       0.014703

56067.766156           14.568333       0.014771

56067.963167           14.488866       0.014895

56068.160178           14.410042       0.015046

56068.357189           14.331933       0.015200

56068.554200           14.254610       0.015339

56068.751211           14.178147       0.015449

56068.948222           14.102614       0.015521

56069.145233           14.028082       0.015546

56069.342244           13.954621       0.015523

56069.539255           13.882297       0.015448

56069.736266           13.811178       0.015324

56069.933276           13.741325       0.015152

56070.130287           13.672800       0.014938

56070.327298           13.605659       0.014688

56070.524309           13.539958       0.014408

56070.721320           13.475745       0.014108

56070.918331           13.413066       0.013798

56071.115342           13.351963       0.013488

56071.312353           13.292471       0.013190

56071.509364           13.234621       0.012918

56071.706375           13.178437       0.012682

56071.903386           13.123940       0.012497

56072.100396           13.071142       0.012372

56072.297407           13.020052       0.012319

56072.494418           12.970675       0.012344

56072.691429           12.923012       0.012455

56072.888440           12.877057       0.012653

56073.085451           12.832806       0.012937

56073.282462           12.790246       0.013305

56073.479473           12.749366       0.013749

56073.676484           12.710149       0.014261

56073.873495           12.672580       0.014830

56074.070506           12.636637       0.015447

56074.267517           12.602300       0.016098

56074.464527           12.569545       0.016774

56074.661538           12.538346       0.017462

56074.858549           12.508678       0.018153

56075.055560           12.480511       0.018838

56075.252571           12.453816       0.019506

56075.449582           12.428561       0.020152

56075.646593           12.404714       0.020767

56075.843604           12.382242       0.021345

56076.040615           12.361110       0.021881

56076.237626           12.341282       0.022370

56076.434637           12.322723       0.022808

56076.631647           12.305396       0.023192

56076.828658           12.289262       0.023520

56077.025669           12.274284       0.023789

56077.222680           12.260424       0.023998

56077.419691           12.247644       0.024147

56077.616702           12.235903       0.024235

56077.813713           12.225164       0.024265

56078.010724           12.215388       0.024236

56078.207735           12.206535       0.024152

56078.404746           12.198568       0.024015

56078.601757           12.191449       0.023827

56078.798767           12.185139       0.023593

56078.995778           12.179602       0.023317

56079.192789           12.174801       0.023003

56079.389800           12.170700       0.022657

56079.586811           12.167265       0.022284

56079.783822           12.164461       0.021890

56079.980833           12.162255       0.021480

56080.177844           12.160616       0.021060

56080.374855           12.159513       0.020637

56080.571866           12.158918       0.020215

56080.768877           12.158802       0.019801

56080.965887           12.159139       0.019399

56081.162898           12.159905       0.019012

56081.359909           12.161077       0.018645

56081.556920           12.162634       0.018301

56081.753931           12.164557       0.017980

56081.950942           12.166828       0.017686

56082.147953           12.169433       0.017418

56082.344964           12.172356       0.017176

56082.541975           12.175588       0.016960

56082.738986           12.179117       0.016769

56082.935997           12.182936       0.016601

56083.133008           12.187041       0.016454

56083.330018           12.191425       0.016327

56083.527029           12.196086       0.016218

56083.724040           12.201024       0.016126

56083.921051           12.206238       0.016049

56084.118062           12.211729       0.015988

56084.315073           12.217499       0.015942

56084.512084           12.223551       0.015911

56084.709095           12.229888       0.015898

56084.906106           12.236514       0.015902

56085.103117           12.243435       0.015927

56085.300128           12.250654       0.015973

56085.497138           12.258177       0.016044

56085.694149           12.266009       0.016140

56085.891160           12.274155       0.016265

56086.088171           12.282619       0.016420

56086.285182           12.291407       0.016607

56086.482193           12.300523       0.016826

56086.679204           12.309970       0.017079

56086.876215           12.319751       0.017365

56087.073226           12.329870       0.017682

56087.270237           12.340327       0.018030

56087.467248           12.351124       0.018404

56087.664258           12.362262       0.018801

56087.861269           12.373742       0.019218

56088.058280           12.385562       0.019649

56088.255291           12.397723       0.020090

56088.452302           12.410223       0.020533

56088.649313           12.423061       0.020974

56088.846324           12.436233       0.021406

56089.043335           12.449738       0.021822

56089.240346           12.463573       0.022215

56089.437357           12.477733       0.022578

56089.634368           12.492216       0.022907

56089.831378           12.507016       0.023194

56090.028389           12.522130       0.023435

56090.225400           12.537552       0.023625

56090.422411           12.553278       0.023761

56090.619422           12.569301       0.023838

56090.816433           12.585615       0.023854

56091.013444           12.602216       0.023809

56091.210455           12.619095       0.023702

56091.407466           12.636248       0.023535

56091.604477           12.653666       0.023310

56091.801488           12.671343       0.023031

56091.998498           12.689272       0.022705

56092.195509           12.707446       0.022340

56092.392520           12.725856       0.021948

56092.589531           12.744495       0.021541

56092.786542           12.763355       0.021137

56092.983553           12.782429       0.020756

56093.180564           12.801708       0.020421

56093.377575           12.821185       0.020158

56093.574586           12.840850       0.019995

56093.771597           12.860696       0.019961

56093.968608           12.880715       0.020083

56094.165619           12.900897       0.020384

56094.362629           12.921236       0.020882

56094.559640           12.941722       0.021587

56094.756651           12.962347       0.022500

56094.953662           12.983104       0.023617

56095.150673           13.003983       0.024926

56095.347684           13.024977       0.026413

56095.544695           13.046078       0.028062

56095.741706           13.067279       0.029854

56095.938717           13.088571       0.031774

56096.135728           13.109948       0.033803

56096.332739           13.131401       0.035928

56096.529749           13.152923       0.038133

56096.726760           13.174507       0.040406

56096.923771           13.196146       0.042734

56097.120782           13.217833       0.045107

56097.317793           13.239560       0.047514

56097.514804           13.261321       0.049946

56097.711815           13.283108       0.052394

56097.908826           13.304916       0.054849

56098.105837           13.326737       0.057305

56098.302848           13.348565       0.059754

56098.499859           13.370394       0.062189

56098.696869           13.392216       0.064604

56098.893880           13.414027       0.066992

56099.090891           13.435818       0.069348

56099.287902           13.457586       0.071667

56099.484913           13.479322       0.073942

56099.681924           13.501022       0.076170

56099.878935           13.522680       0.078345

56100.075946           13.544289       0.080464

56100.272957           13.565845       0.082520

56100.469968           13.587341       0.084512

56100.666979           13.608772       0.086434

56100.863989           13.630132       0.088283

56101.061000           13.651417       0.090055

56101.258011           13.672621       0.091749

56101.455022           13.693739       0.093359

56101.652033           13.714766       0.094884

56101.849044           13.735696       0.096321

56102.046055           13.756526       0.097667

56102.243066           13.777249       0.098920

56102.440077           13.797862       0.100078

56102.637088           13.818360       0.101139

56102.834099           13.838738       0.102102

56103.031110           13.858992       0.102965

56103.228120           13.879117       0.103726

56103.425131           13.899110       0.104385

56103.622142           13.918966       0.104940

56103.819153           13.938681       0.105391

56104.016164           13.958251       0.105738

56104.213175           13.977672       0.105979

56104.410186           13.996941       0.106115

56104.607197           14.016054       0.106145

56104.804208           14.035007       0.106070

56105.001219           14.053797       0.105891

56105.198230           14.072420       0.105607

56105.395240           14.090874       0.105220

56105.592251           14.109155       0.104730

56105.789262           14.127260       0.104139

56105.986273           14.145186       0.103448

56106.183284           14.162931       0.102658

56106.380295           14.180492       0.101771

56106.577306           14.197866       0.100789

56106.774317           14.215051       0.099713

56106.971328           14.232045       0.098547

56107.168339           14.248845       0.097292

56107.365350           14.265449       0.095951

56107.562360           14.281856       0.094527

56107.759371           14.298063       0.093023

56107.956382           14.314070       0.091442

56108.153393           14.329874       0.089786

56108.350404           14.345475       0.088060

56108.547415           14.360870       0.086268

56108.744426           14.376060       0.084412

56108.941437           14.391043       0.082498

56109.138448           14.405818       0.080528

56109.335459           14.420385       0.078509

56109.532470           14.434743       0.076443

56109.729480           14.448893       0.074336

56109.926491           14.462834       0.072193

56110.123502           14.476566       0.070019

56110.320513           14.490090       0.067819

56110.517524           14.503406       0.065599

56110.714535           14.516515       0.063363

56110.911546           14.529417       0.061120

56111.108557           14.542114       0.058873

56111.305568           14.554608       0.056631

56111.502579           14.566899       0.054398

56111.699590           14.578989       0.052183

56111.896601           14.590880       0.049993

56112.093611           14.602575       0.047834

56112.290622           14.614076       0.045714

56112.487633           14.625386       0.043642

56112.684644           14.636507       0.041626

56112.881655           14.647443       0.039674

56113.078666           14.658197       0.037796

56113.275677           14.668772       0.035999

56113.472688           14.679174       0.034295

56113.669699           14.689406       0.032691

56113.866710           14.699472       0.031197

56114.063721           14.709378       0.029821

56114.260731           14.719129       0.028572

56114.457742           14.728730       0.027456

56114.654753           14.738187       0.026479

56114.851764           14.747505       0.025644

56115.048775           14.756691       0.024952

56115.245786           14.765751       0.024403

56115.442797           14.774691       0.023994

56115.639808           14.783517       0.023718

56115.836819           14.792234       0.023569

56116.033830           14.800849       0.023537

56116.230841           14.809367       0.023614

56116.427851           14.817795       0.023788

56116.624862           14.826138       0.024049

56116.821873           14.834402       0.024388

56117.018884           14.842592       0.024795

56117.215895           14.850713       0.025262

56117.412906           14.858772       0.025780

56117.609917           14.866773       0.026344

56117.806928           14.874720       0.026946

56118.003939           14.882619       0.027581

56118.200950           14.890474       0.028243

56118.397961           14.898289       0.028927

56118.594971           14.906068       0.029627

56118.791982           14.913815       0.030338

56118.988993           14.921533       0.031054

56119.186004           14.929225       0.031771

56119.383015           14.936894       0.032483

56119.580026           14.944543       0.033185

56119.777037           14.952175       0.033871

56119.974048           14.959791       0.034538

56120.171059           14.967393       0.035180

56120.368070           14.974984       0.035793

56120.565081           14.982564       0.036373

56120.762091           14.990136       0.036915

56120.959102           14.997701       0.037417

56121.156113           15.005258       0.037875

56121.353124           15.012810       0.038286

56121.550135           15.020357       0.038647

56121.747146           15.027899       0.038957

56121.944157           15.035437       0.039213

56122.141168           15.042970       0.039415

56122.338179           15.050500       0.039561

56122.535190           15.058025       0.039651

56122.732201           15.065545       0.039686

56122.929212           15.073060       0.039665

56123.126222           15.080569       0.039590

56123.323233           15.088072       0.039462

56123.520244           15.095568       0.039284

56123.717255           15.103055       0.039058

56123.914266           15.110532       0.038788

56124.111277           15.117999       0.038478

56124.308288           15.125454       0.038132

56124.505299           15.132896       0.037755

56124.702310           15.140322       0.037353

56124.899321           15.147732       0.036933

56125.096332           15.155124       0.036502

56125.293342           15.162495       0.036069

56125.490353           15.169844       0.035640

56125.687364           15.177170       0.035228

56125.884375           15.184469       0.034840

56126.081386           15.191739       0.034488

56126.278397           15.198979       0.034183

56126.475408           15.206187       0.033936

56126.672419           15.213359       0.033759

56126.869430           15.220493       0.033664

56127.066441           15.227588       0.033662

56127.263452           15.234639       0.033764

56127.460462           15.241646       0.033982

56127.657473           15.248605       0.034324

56127.854484           15.255513       0.034801

56128.051495           15.262368       0.035422

56128.248506           15.269167       0.036192

56128.445517           15.275909       0.037118

56128.642528           15.282589       0.038204

56128.839539           15.289206       0.039455

56129.036550           15.295756       0.040872

56129.233561           15.302238       0.042457

56129.430572           15.308650       0.044210

56129.627582           15.314987       0.046132

56129.824593           15.321249       0.048220

56130.021604           15.327434       0.050475

56130.218615           15.333538       0.052893

56130.415626           15.339559       0.055473

56130.612637           15.345497       0.058212

56130.809648           15.351349       0.061107

56131.006659           15.357113       0.064155

56131.203670           15.362788       0.067352

56131.400681           15.368373       0.070696

56131.597692           15.373865       0.074183

56131.794703           15.379264       0.077810

56131.991713           15.384568       0.081572

56132.188724           15.389777       0.085467

56132.385735           15.394889       0.089490

56132.582746           15.399904       0.093639

56132.779757           15.404820       0.097911

56132.976768           15.409637       0.102300

56133.173779           15.414354       0.106806

56133.370790           15.418971       0.111423

56133.567801           15.423487       0.116149

56133.764812           15.427902       0.120980

56133.961823           15.432216       0.125914

56134.158833           15.436427       0.130947

56134.355844           15.440537       0.136076

56134.552855           15.444544       0.141298

56134.749866           15.448448       0.146609

56134.946877           15.452251       0.152008

56135.143888           15.455950       0.157491

56135.340899           15.459548       0.163055

56135.537910           15.463043       0.168697

56135.734921           15.466436       0.174414

56135.931932           15.469727       0.180204

56136.128943           15.472917       0.186063

56136.325953           15.476005       0.191989

56136.522964           15.478993       0.197980

56136.719975           15.481880       0.204031

56136.916986           15.484666       0.210142

56137.113997           15.487354       0.216309

56137.311008           15.489941       0.222530

56137.508019           15.492431       0.228802

56137.705030           15.494822       0.235123

56137.902041           15.497116       0.241490

56138.099052           15.499313       0.247900

56138.296063           15.501414       0.254352

56138.493073           15.503419       0.260843

56138.690084           15.505330       0.267371

56138.887095           15.507147       0.273934

56139.084106           15.508870       0.280528

56139.281117           15.510501       0.287153

56139.478128           15.512040       0.293806

56139.675139           15.513489       0.300484

56139.872150           15.514848       0.307186

56140.069161           15.516117       0.313910

56140.266172           15.517298       0.320653

56140.463183           15.518392       0.327415

56140.660193           15.519399       0.334192

56140.857204           15.520321       0.340983

56141.054215           15.521159       0.347785

56141.251226           15.521913       0.354599

56141.448237           15.522584       0.361420

56141.645248           15.523173       0.368248

56141.842259           15.523682       0.375082

56142.039270           15.524111       0.381918

56142.236281           15.524461       0.388757

56142.433292           15.524734       0.395595

56142.630303           15.524930       0.402432

56142.827314           15.525050       0.409266

56143.024324           15.525096       0.416096

56143.221335           15.525068       0.422919

56143.418346           15.524968       0.429736

56143.615357           15.524796       0.436543

56143.812368           15.524553       0.443341

56144.009379           15.524242       0.450127

56144.206390           15.523861       0.456901

56144.403401           15.523414       0.463660

56144.600412           15.522900       0.470405

56144.797423           15.522321       0.477133

56144.994434           15.521678       0.483844

56145.191444           15.520971       0.490536

56145.388455           15.520203       0.497209

56145.585466           15.519373       0.503860

56145.782477           15.518484       0.510490

56145.979488           15.517535       0.517098

56146.176499           15.516529       0.523681

56146.373510           15.515466       0.530240

56146.570521           15.514347       0.536774

56146.767532           15.513173       0.543280

56146.964543           15.511946       0.549760

56147.161554           15.510665       0.556211

56147.358564           15.509333       0.562634

56147.555575           15.507951       0.569027

56147.752586           15.506518       0.575389

56147.949597           15.505037       0.581720

56148.146608           15.503509       0.588019

56148.343619           15.501934       0.594286

56148.540630           15.500313       0.600520

56148.737641           15.498647       0.606720

56148.934652           15.496937       0.612885

56149.131663           15.495185       0.619015

56149.328674           15.493391       0.625110

56149.525684           15.491557       0.631169

56149.722695           15.489682       0.637191

56149.919706           15.487769       0.643176

56150.116717           15.485817       0.649124

56150.313728           15.483829       0.655033

56150.510739           15.481804       0.660905

56150.707750           15.479745       0.666737

56150.904761           15.477651       0.672530

56151.101772           15.475523       0.678284

56151.298783           15.473363       0.683998

56151.495794           15.471172       0.689672

56151.692805           15.468950       0.695305

56151.889815           15.466697       0.700897

56152.086826           15.464416       0.706448

56152.283837           15.462107       0.711958

56152.480848           15.459771       0.717427

56152.677859           15.457408       0.722853

56152.874870           15.455019       0.728238

56153.071881           15.452606       0.733581

56153.268892           15.450169       0.738881

56153.465903           15.447708       0.744138

56153.662914           15.445225       0.749353

56153.859925           15.442721       0.754525

56154.056935           15.440196       0.759654

56154.253946           15.437650       0.764741

56154.450957           15.435086       0.769784

56154.647968           15.432503       0.774784

56154.844979           15.429902       0.779740

56155.041990           15.427284       0.784654

56155.239001           15.424649       0.789524

56155.436012           15.422000       0.794350

56155.633023           15.419335       0.799134

56155.830034           15.416656       0.803874

56156.027045           15.413963       0.808570

56156.224055           15.411258       0.813223

56156.421066           15.408541       0.817833

56156.618077           15.405812       0.822400

56156.815088           15.403072       0.826923

56157.012099           15.400322       0.831403

56157.209110           15.397563       0.835840

56157.406121           15.394795       0.840234

56157.603132           15.392018       0.844585

56157.800143           15.389234       0.848894

56157.997154           15.386443       0.853159

56158.194165           15.383646       0.857382

56158.391175           15.380842       0.861562

56158.588186           15.378034       0.865700

56158.785197           15.375220       0.869795

56158.982208           15.372403       0.873848

56159.179219           15.369582       0.877860

56159.376230           15.366758       0.881829

56159.573241           15.363932       0.885757

56159.770252           15.361104       0.889643

56159.967263           15.358274       0.893488

56160.164274           15.355444       0.897291

56160.361285           15.352613       0.901054

56160.558295           15.349782       0.904775

56160.755306           15.346952       0.908456

56160.952317           15.344124       0.912097

56161.149328           15.341297       0.915697

56161.346339           15.338472       0.919258

56161.543350           15.335649       0.922778

56161.740361           15.332830       0.926259

56161.937372           15.330014       0.929701

56162.134383           15.327202       0.933103

56162.331394           15.324395       0.936466

56162.528405           15.321593       0.939791

56162.725416           15.318795       0.943077

56162.922426           15.316004       0.946325

56163.119437           15.313219       0.949535

56163.316448           15.310440       0.952707

56163.513459           15.307668       0.955842

56163.710470           15.304903       0.958939

56163.907481           15.302146       0.961999

56164.104492           15.299398       0.965023

56164.301503           15.296657       0.968010

56164.498514           15.293926       0.970961

56164.695525           15.291204       0.973875

56164.892536           15.288491       0.976754

56165.089546           15.285788       0.979598

56165.286557           15.283096       0.982406

56165.483568           15.280414       0.985179

56165.680579           15.277743       0.987918

56165.877590           15.275084       0.990622

56166.074601           15.272436       0.993292

56166.271612           15.269800       0.995928

56166.468623           15.267176       0.998530

56166.665634           15.264565       1.001099

56166.862645           15.261967       1.003635

56167.059656           15.259381       1.006138

56167.256666           15.256810       1.008609

56167.453677           15.254252       1.011047

56167.650688           15.251708       1.013453

56167.847699           15.249178       1.015828

56168.044710           15.246663       1.018171

56168.241721           15.244163       1.020483

56168.438732           15.241678       1.022764

56168.635743           15.239208       1.025015

56168.832754           15.236754       1.027235

56169.029765           15.234315       1.029425

56169.226776           15.231893       1.031585

56169.423786           15.229488       1.033716

56169.620797           15.227098       1.035817

56169.817808           15.224726       1.037889

56170.014819           15.222371       1.039933

56170.211830           15.220033       1.041948

56170.408841           15.217712       1.043935

56170.605852           15.215409       1.045894

56170.802863           15.213125       1.047826

56170.999874           15.210858       1.049730

56171.196885           15.208610       1.051606

56171.393896           15.206380       1.053456

56171.590907           15.204169       1.055280

56171.787917           15.201977       1.057077

56171.984928           15.199804       1.058848

56172.181939           15.197651       1.060593

56172.378950           15.195517       1.062312

56172.575961           15.193402       1.064007

56172.772972           15.191308       1.065676

56172.969983           15.189234       1.067320

56173.166994           15.187180       1.068940

56173.364005           15.185146       1.070535

56173.561016           15.183133       1.072107

56173.758027           15.181141       1.073654

56173.955037           15.179169       1.075178

56174.152048           15.177219       1.076679

56174.349059           15.175290       1.078157

56174.546070           15.173382       1.079612

56174.743081           15.171496       1.081044

56174.940092           15.169631       1.082453

56175.137103           15.167789       1.083841

56175.334114           15.165968       1.085207

56175.531125           15.164169       1.086551

56175.728136           15.162393       1.087873

56175.925147           15.160639       1.089175

56176.122157           15.158908       1.090455

56176.319168           15.157199       1.091715

56176.516179           15.155513       1.092954

56176.713190           15.153850       1.094172

56176.910201           15.152210       1.095371

56177.107212           15.150593       1.096549

56177.304223           15.149000       1.097708

56177.501234           15.147430       1.098848

56177.698245           15.145883       1.099968

56177.895256           15.144360       1.101069

56178.092267           15.142861       1.102151

56178.289277           15.141386       1.103215

56178.486288           15.139935       1.104260

56178.683299           15.138508       1.105286

56178.880310           15.137105       1.106295

56179.077321           15.135727       1.107286

56179.274332           15.134373       1.108259

56179.471343           15.133043       1.109214

56179.668354           15.131738       1.110152

56179.865365           15.130458       1.111073

56180.062376           15.129203       1.111977

56180.259387           15.127973       1.112864

56180.456397           15.126768       1.113735

56180.653408           15.125588       1.114589

56180.850419           15.124434       1.115427

56181.047430           15.123305       1.116248

56181.244441           15.122201       1.117054

56181.441452           15.121123       1.117844

56181.638463           15.120070       1.118618

56181.835474           15.119044       1.119377

56182.032485           15.118043       1.120120

56182.229496           15.117068       1.120848

56182.426507           15.116119       1.121562

56182.623518           15.115197       1.122260

56182.820528           15.114300       1.122944

56183.017539           15.113430       1.123613

56183.214550           15.112587       1.124267

56183.411561           15.111770       1.124907

56183.608572           15.110979       1.125534

56183.805583           15.110216       1.126146

56184.002594           15.109479       1.126744

56184.199605           15.108769       1.127328

56184.396616           15.108086       1.127899

56184.593627           15.107430       1.128456

56184.790638           15.106801       1.129000

56184.987648           15.106199       1.129530

56185.184659           15.105625       1.130047

56185.381670           15.105078       1.130552

56185.578681           15.104558       1.131043

56185.775692           15.104067       1.131521

56185.972703           15.103603       1.131987

56186.169714           15.103166       1.132440

56186.366725           15.102758       1.132880

56186.563736           15.102377       1.133308

56186.760747           15.102025       1.133724

56186.957758           15.101700       1.134128

56187.154768           15.101404       1.134519

56187.351779           15.101137       1.134898

56187.548790           15.100897       1.135265

56187.745801           15.100686       1.135620

56187.942812           15.100504       1.135964

56188.139823           15.100350       1.136296

56188.336834           15.100225       1.136616

56188.533845           15.100129       1.136924

56188.730856           15.100062       1.137221

56188.927867           15.100024       1.137506

56189.124878           15.100015       1.137780

56189.321888           15.100035       1.138043

56189.518899           15.100085       1.138294

56189.715910           15.100164       1.138534

56189.912921           15.100272       1.138763

56190.109932           15.100410       1.138981

56190.306943           15.100578       1.139188

56190.503954           15.100775       1.139384

56190.700965           15.101003       1.139569

56190.897976           15.101260       1.139743

56191.094987           15.101547       1.139906

56191.291998           15.101865       1.140058

56191.489009           15.102213       1.140199

56191.686019           15.102591       1.140330

56191.883030           15.103000       1.140450

56192.080041           15.103439       1.140559

56192.277052           15.103909       1.140657

56192.474063           15.104409       1.140745

56192.671074           15.104941       1.140822

56192.868085           15.105504       1.140889

56193.065096           15.106097       1.140945

56193.262107           15.106722       1.140990

56193.459118           15.107378       1.141025

56193.656129           15.108065       1.141049

56193.853139           15.108784       1.141062

56194.050150           15.109535       1.141065

56194.247161           15.110317       1.141057

56194.444172           15.111131       1.141039

56194.641183           15.111977       1.141010

56194.838194           15.112855       1.140971

56195.035205           15.113765       1.140921

56195.232216           15.114708       1.140860

56195.429227           15.115683       1.140789

56195.626238           15.116690       1.140707

56195.823249           15.117730       1.140615

56196.020259           15.118803       1.140511

56196.217270           15.119908       1.140397

56196.414281           15.121047       1.140273

56196.611292           15.122218       1.140137

56196.808303           15.123423       1.139991

56197.005314           15.124661       1.139834

56197.202325           15.125933       1.139666

56197.399336           15.127238       1.139487

56197.596347           15.128577       1.139297

56197.793358           15.129949       1.139096

56197.990369           15.131356       1.138884

56198.187379           15.132796       1.138661

56198.384390           15.134271       1.138427

56198.581401           15.135780       1.138181

56198.778412           15.137324       1.137925

56198.975423           15.138902       1.137657

56199.172434           15.140515       1.137377

56199.369445           15.142163       1.137087

56199.566456           15.143845       1.136784

56199.763467           15.145563       1.136471

56199.960478           15.147316       1.136145

56200.157489           15.149104       1.135808

56200.354499           15.150928       1.135459

56200.551510           15.152788       1.135098

56200.748521           15.154683       1.134725

56200.945532           15.156614       1.134340

56201.142543           15.158581       1.133942

56201.339554           15.160585       1.133533

56201.536565           15.162625       1.133111

56201.733576           15.164701       1.132677

56201.930587           15.166814       1.132231

56202.127598           15.168964       1.131771

56202.324609           15.171150       1.131299

56202.521620           15.173374       1.130814

56202.718630           15.175635       1.130317

56202.915641           15.177933       1.129806

56203.112652           15.180269       1.129282

56203.309663           15.182642       1.128745

56203.506674           15.185053       1.128194

56203.703685           15.187503       1.127630

56203.900696           15.189990       1.127052

56204.097707           15.192515       1.126460

56204.294718           15.195079       1.125855

56204.491729           15.197682       1.125235

56204.688740           15.200323       1.124602

56204.885750           15.203003       1.123954

56205.082761           15.205722       1.123291

56205.279772           15.208480       1.122614

56205.476783           15.211277       1.121923

56205.673794           15.214114       1.121216

56205.870805           15.216991       1.120494

56206.067816           15.219907       1.119758

56206.264827           15.222864       1.119006

56206.461838           15.225860       1.118238

56206.658849           15.228897       1.117455

56206.855860           15.231974       1.116656

56207.052870           15.235092       1.115841

56207.249881           15.238250       1.115010

56207.446892           15.241450       1.114163

56207.643903           15.244690       1.113299

56207.840914           15.247972       1.112419

56208.037925           15.251295       1.111521

56208.234936           15.254659       1.110607

56208.431947           15.258066       1.109676

56208.628958           15.261514       1.108727

56208.825969           15.265004       1.107761

56209.022980           15.268536       1.106777

56209.219990           15.272111       1.105775

56209.417001           15.275728       1.104754

56209.614012           15.279388       1.103716

56209.811023           15.283091       1.102659

56210.008034           15.286837       1.101583

56210.205045           15.290625       1.100489

56210.402056           15.294458       1.099375

56210.599067           15.298333       1.098242

56210.796078           15.302253       1.097089

56210.993089           15.306216       1.095917

56211.190100           15.310223       1.094725

56211.387111           15.314274       1.093512

56211.584121           15.318369       1.092279

56211.781132           15.322509       1.091026

56211.978143           15.326693       1.089751

56212.175154           15.330922       1.088456

56212.372165           15.335196       1.087139

56212.569176           15.339515       1.085800

56212.766187           15.343880       1.084440

56212.963198           15.348289       1.083058

56213.160209           15.352744       1.081653

56213.357220           15.357245       1.080226

56213.554231           15.361791       1.078777

56213.751241           15.366384       1.077304

56213.948252           15.371022       1.075808

56214.145263           15.375707       1.074289

56214.342274           15.380438       1.072746

56214.539285           15.385216       1.071178

56214.736296           15.390041       1.069587

56214.933307           15.394912       1.067971

56215.130318           15.399830       1.066331

56215.327329           15.404795       1.064665

56215.524340           15.409808       1.062974

56215.721351           15.414868       1.061258

56215.918361           15.419975       1.059515

56216.115372           15.425130       1.057747

56216.312383           15.430333       1.055952

56216.509394           15.435583       1.054131

56216.706405           15.440882       1.052283

56216.903416           15.446229       1.050407

56217.100427           15.451624       1.048504

56217.297438           15.457067       1.046574

56217.494449           15.462559       1.044615

56217.691460           15.468099       1.042629

56217.888471           15.473688       1.040613

56218.085481           15.479326       1.038569

56218.282492           15.485013       1.036496

56218.479503           15.490749       1.034393

56218.676514           15.496534       1.032260

56218.873525           15.502369       1.030098

56219.070536           15.508252       1.027905

56219.267547           15.514185       1.025682

56219.464558           15.520167       1.023428

56219.661569           15.526199       1.021142

56219.858580           15.532281       1.018826

56220.055591           15.538412       1.016477

56220.252602           15.544593       1.014096

56220.449612           15.550824       1.011684

56220.646623           15.557105       1.009238

56220.843634           15.563436       1.006760

56221.040645           15.569817       1.004248

56221.237656           15.576248       1.001703

56221.434667           15.582729       0.999124

56221.631678           15.589260       0.996511

56221.828689           15.595842       0.993863

56222.025700           15.602473       0.991181

56222.222711           15.609155       0.988464

56222.419722           15.615888       0.985711

56222.616732           15.622670       0.982923

56222.813743           15.629503       0.980099

56223.010754           15.636386       0.977239

56223.207765           15.643320       0.974342

56223.404776           15.650303       0.971409

56223.601787           15.657337       0.968438

56223.798798           15.664422       0.965430

56223.995809           15.671556       0.962385

56224.192820           15.678741       0.959301

56224.389831           15.685976       0.956179

56224.586842           15.693262       0.953019

56224.783852           15.700597       0.949820

56224.980863           15.707982       0.946581

56225.177874           15.715417       0.943304

56225.374885           15.722903       0.939986

56225.571896           15.730438       0.936629

56225.768907           15.738022       0.933231

56225.965918           15.745657       0.929793

56226.162929           15.753341       0.926314

56226.359940           15.761074       0.922794

56226.556951           15.768857       0.919233

56226.753962           15.776689       0.915630

56226.950972           15.784569       0.911985

56227.147983           15.792499       0.908298

56227.344994           15.800478       0.904569

56227.542005           15.808505       0.900797

56227.739016           15.816581       0.896982

56227.936027           15.824704       0.893123

56228.133038           15.832876       0.889222

56228.330049           15.841096       0.885276

56228.527060           15.849363       0.881287

56228.724071           15.857678       0.877254

56228.921082           15.866040       0.873176

56229.118092           15.874449       0.869054

56229.315103           15.882905       0.864887

56229.512114           15.891407       0.860675

56229.709125           15.899955       0.856417

56229.906136           15.908549       0.852114

56230.103147           15.917189       0.847766

56230.300158           15.925873       0.843372

56230.497169           15.934603       0.838931

56230.694180           15.943378       0.834444

56230.891191           15.952196       0.829911

56231.088202           15.961059       0.825332

56231.285213           15.969965       0.820705

56231.482223           15.978914       0.816032

56231.679234           15.987906       0.811311

56231.876245           15.996940       0.806544

56232.073256           16.006016       0.801729

56232.270267           16.015134       0.796866

56232.467278           16.024293       0.791956

56232.664289           16.033492       0.786998

56232.861300           16.042731       0.781992

56233.058311           16.052009       0.776938

56233.255322           16.061327       0.771837

56233.452333           16.070683       0.766687

56233.649343           16.080077       0.761489

56233.846354           16.089509       0.756242

56234.043365           16.098977       0.750948

56234.240376           16.108481       0.745605

56234.437387           16.118021       0.740213

56234.634398           16.127596       0.734773

56234.831409           16.137205       0.729285

56235.028420           16.146848       0.723748

56235.225431           16.156524       0.718163

56235.422442           16.166232       0.712530

56235.619453           16.175971       0.706848

56235.816463           16.185741       0.701117

56236.013474           16.195541       0.695339

56236.210485           16.205371       0.689512

56236.407496           16.215228       0.683637

56236.604507           16.225114       0.677714

56236.801518           16.235026       0.671743

56236.998529           16.244963       0.665724

56237.195540           16.254926       0.659657

56237.392551           16.264913       0.653543

56237.589562           16.274923       0.647382

56237.786573           16.284955       0.641173

56237.983583           16.295009       0.634918

56238.180594           16.305082       0.628615

56238.377605           16.315175       0.622266

56238.574616           16.325286       0.615871

56238.771627           16.335414       0.609430

56238.968638           16.345558       0.602943

56239.165649           16.355717       0.596410

56239.362660           16.365889       0.589832

56239.559671           16.376074       0.583210

56239.756682           16.386271       0.576543

56239.953693           16.396477       0.569832

56240.150704           16.406693       0.563077

56240.347714           16.416916       0.556279

56240.544725           16.427145       0.549438

56240.741736           16.437380       0.542555

56240.938747           16.447618       0.535630

56241.135758           16.457858       0.528664

56241.332769           16.468099       0.521657

56241.529780           16.478339       0.514610

56241.726791           16.488578       0.507523

56241.923802           16.498812       0.500397

56242.120813           16.509042       0.493232

56242.317824           16.519265       0.486030

56242.514834           16.529480       0.478792

56242.711845           16.539685       0.471516

56242.908856           16.549878       0.464206

56243.105867           16.560058       0.456861

56243.302878           16.570223       0.449482

56243.499889           16.580372       0.442071

56243.696900           16.590502       0.434628

56243.893911           16.600611       0.427154

56244.090922           16.610699       0.419650

56244.287933           16.620763       0.412118

56244.484944           16.630800       0.404558

56244.681954           16.640810       0.396972

56244.878965           16.650790       0.389361

56245.075976           16.660738       0.381726

56245.272987           16.670652       0.374070

56245.469998           16.680530       0.366392

56245.667009           16.690369       0.358696

56245.864020           16.700169       0.350983

56246.061031           16.709926       0.343254

56246.258042           16.719638       0.335512

56246.455053           16.729302       0.327759

56246.652064           16.738918       0.319997

56246.849074           16.748481       0.312228

56247.046085           16.757991       0.304455

56247.243096           16.767444       0.296681

56247.440107           16.776837       0.288909

56247.637118           16.786169       0.281143

56247.834129           16.795437       0.273385

56248.031140           16.804638       0.265640

56248.228151           16.813770       0.257912

56248.425162           16.822829       0.250206

56248.622173           16.831814       0.242528

56248.819184           16.840720       0.234883

56249.016194           16.849547       0.227277

56249.213205           16.858290       0.219719

56249.410216           16.866947       0.212216

56249.607227           16.875514       0.204777

56249.804238           16.883990       0.197414

56250.001249           16.892370       0.190137

56250.198260           16.900651       0.182961

56250.395271           16.908832       0.175900

56250.592282           16.916908       0.168973

56250.789293           16.924875       0.162198

56250.986304           16.932732       0.155600

56251.183315           16.940474       0.149204

56251.380325           16.948099       0.143040

56251.577336           16.955602       0.137142

56251.774347           16.962981       0.131548

56251.971358           16.970231       0.126302

56252.168369           16.977350       0.121449

56252.365380           16.984333       0.117043

56252.562391           16.991178       0.113135

56252.759402           16.997879       0.109782

56252.956413           17.004435       0.107036

56253.153424           17.010840       0.104948

56253.350435           17.017091       0.103556

56253.547445           17.023185       0.102892

56253.744456           17.029118       0.102968

56253.941467           17.034886       0.103783

56254.138478           17.040486       0.105322

56254.335489           17.045914       0.107551

56254.532500           17.051169       0.110430

