This file contains the LC params of SN2008Q in filter-B

#-----------------------------#

#-----------------------------#
Jd at maximum in B band is: 2454506.723590 +/- 0.328850
Magnitude at maximum in B band is: 13.780806 +/- 0.022978
#-----------------------------#
#-----------------------------#
JD after 15-days from B band maximum is: 2454521.723590
Magnitude after 15-days from B band maximum is: 15.247205 +/- 0.043010
Estimated value of dm15 is: 1.466399 +/- 0.048763
Secondary maximum is not applicable for this band
The magnitudes are not k-corrected
Interpolated Light Curve through GP

#-----------------------------#

  JD                 MAG           MERR

2454488.628700           16.194804       0.166058

2454488.661600           16.190634       0.165391

2454488.694500           16.186451       0.164725

2454488.727399           16.182256       0.164060

2454488.760299           16.178048       0.163395

2454488.793199           16.173828       0.162731

2454488.826099           16.169595       0.162068

2454488.858999           16.165350       0.161405

2454488.891898           16.161093       0.160743

2454488.924798           16.156823       0.160081

2454488.957698           16.152541       0.159420

2454488.990598           16.148246       0.158760

2454489.023498           16.143939       0.158100

2454489.056397           16.139620       0.157441

2454489.089297           16.135288       0.156783

2454489.122197           16.130944       0.156125

2454489.155097           16.126588       0.155468

2454489.187997           16.122219       0.154812

2454489.220896           16.117838       0.154156

2454489.253796           16.113445       0.153501

2454489.286696           16.109040       0.152847

2454489.319596           16.104622       0.152193

2454489.352496           16.100192       0.151540

2454489.385395           16.095750       0.150888

2454489.418295           16.091296       0.150237

2454489.451195           16.086829       0.149586

2454489.484095           16.082351       0.148936

2454489.516995           16.077860       0.148287

2454489.549894           16.073358       0.147639

2454489.582794           16.068843       0.146991

2454489.615694           16.064316       0.146344

2454489.648594           16.059777       0.145698

2454489.681494           16.055226       0.145053

2454489.714393           16.050663       0.144408

2454489.747293           16.046088       0.143764

2454489.780193           16.041501       0.143121

2454489.813093           16.036902       0.142479

2454489.845993           16.032291       0.141838

2454489.878892           16.027668       0.141198

2454489.911792           16.023034       0.140558

2454489.944692           16.018387       0.139919

2454489.977592           16.013729       0.139281

2454490.010492           16.009059       0.138644

2454490.043391           16.004377       0.138008

2454490.076291           15.999684       0.137373

2454490.109191           15.994978       0.136738

2454490.142091           15.990261       0.136105

2454490.174991           15.985532       0.135472

2454490.207890           15.980792       0.134840

2454490.240790           15.976040       0.134209

2454490.273690           15.971276       0.133579

2454490.306590           15.966501       0.132950

2454490.339490           15.961714       0.132322

2454490.372389           15.956916       0.131695

2454490.405289           15.952106       0.131069

2454490.438189           15.947284       0.130444

2454490.471089           15.942452       0.129819

2454490.503989           15.937607       0.129196

2454490.536888           15.932752       0.128574

2454490.569788           15.927885       0.127952

2454490.602688           15.923006       0.127332

2454490.635588           15.918117       0.126713

2454490.668488           15.913216       0.126094

2454490.701387           15.908303       0.125477

2454490.734287           15.903380       0.124861

2454490.767187           15.898445       0.124245

2454490.800087           15.893500       0.123631

2454490.832987           15.888543       0.123018

2454490.865886           15.883575       0.122406

2454490.898786           15.878596       0.121795

2454490.931686           15.873606       0.121185

2454490.964586           15.868604       0.120576

2454490.997486           15.863592       0.119968

2454491.030385           15.858569       0.119361

2454491.063285           15.853535       0.118756

2454491.096185           15.848491       0.118151

2454491.129085           15.843435       0.117548

2454491.161985           15.838369       0.116946

2454491.194884           15.833292       0.116345

2454491.227784           15.828204       0.115745

2454491.260684           15.823105       0.115146

2454491.293584           15.817996       0.114548

2454491.326484           15.812876       0.113952

2454491.359383           15.807746       0.113356

2454491.392283           15.802605       0.112762

2454491.425183           15.797454       0.112169

2454491.458083           15.792292       0.111578

2454491.490983           15.787119       0.110987

2454491.523882           15.781937       0.110398

2454491.556782           15.776744       0.109810

2454491.589682           15.771540       0.109223

2454491.622582           15.766327       0.108638

2454491.655482           15.761103       0.108053

2454491.688381           15.755869       0.107470

2454491.721281           15.750625       0.106888

2454491.754181           15.745371       0.106308

2454491.787081           15.740107       0.105729

2454491.819981           15.734832       0.105151

2454491.852880           15.729548       0.104574

2454491.885780           15.724254       0.103999

2454491.918680           15.718950       0.103425

2454491.951580           15.713636       0.102852

2454491.984480           15.708312       0.102281

2454492.017379           15.702979       0.101711

2454492.050279           15.697636       0.101143

2454492.083179           15.692283       0.100575

2454492.116079           15.686921       0.100010

2454492.148979           15.681549       0.099445

2454492.181878           15.676168       0.098882

2454492.214778           15.670777       0.098320

2454492.247678           15.665376       0.097760

2454492.280578           15.659967       0.097201

2454492.313478           15.654548       0.096644

2454492.346377           15.649120       0.096088

2454492.379277           15.643682       0.095533

2454492.412177           15.638236       0.094980

2454492.445077           15.632780       0.094429

2454492.477977           15.627315       0.093879

2454492.510876           15.621842       0.093330

2454492.543776           15.616359       0.092783

2454492.576676           15.610867       0.092237

2454492.609576           15.605367       0.091693

2454492.642476           15.599858       0.091151

2454492.675375           15.594340       0.090610

2454492.708275           15.588813       0.090070

2454492.741175           15.583278       0.089532

2454492.774075           15.577734       0.088996

2454492.806975           15.572182       0.088461

2454492.839874           15.566621       0.087927

2454492.872774           15.561052       0.087396

2454492.905674           15.555474       0.086866

2454492.938574           15.549889       0.086337

2454492.971474           15.544295       0.085810

2454493.004373           15.538692       0.085285

2454493.037273           15.533082       0.084761

2454493.070173           15.527464       0.084239

2454493.103073           15.521838       0.083719

2454493.135973           15.516203       0.083200

2454493.168872           15.510561       0.082683

2454493.201772           15.504911       0.082168

2454493.234672           15.499254       0.081654

2454493.267572           15.493589       0.081142

2454493.300472           15.487916       0.080632

2454493.333371           15.482235       0.080123

2454493.366271           15.476548       0.079616

2454493.399171           15.470852       0.079111

2454493.432071           15.465150       0.078608

2454493.464971           15.459440       0.078106

2454493.497870           15.453723       0.077606

2454493.530770           15.447999       0.077108

2454493.563670           15.442268       0.076612

2454493.596570           15.436529       0.076118

2454493.629470           15.430784       0.075625

2454493.662369           15.425032       0.075134

2454493.695269           15.419273       0.074645

2454493.728169           15.413508       0.074158

2454493.761069           15.407736       0.073672

2454493.793969           15.401957       0.073189

2454493.826868           15.396172       0.072707

2454493.859768           15.390380       0.072227

2454493.892668           15.384582       0.071750

2454493.925568           15.378778       0.071273

2454493.958468           15.372968       0.070799

2454493.991367           15.367151       0.070327

2454494.024267           15.361328       0.069857

2454494.057167           15.355500       0.069389

2454494.090067           15.349665       0.068922

2454494.122967           15.343825       0.068458

2454494.155866           15.337979       0.067995

2454494.188766           15.332127       0.067535

2454494.221666           15.326270       0.067076

2454494.254566           15.320407       0.066619

2454494.287466           15.314539       0.066165

2454494.320365           15.308666       0.065712

2454494.353265           15.302787       0.065262

2454494.386165           15.296903       0.064813

2454494.419065           15.291014       0.064367

2454494.451965           15.285120       0.063922

2454494.484864           15.279221       0.063480

2454494.517764           15.273318       0.063040

2454494.550664           15.267409       0.062601

2454494.583564           15.261496       0.062165

2454494.616464           15.255579       0.061731

2454494.649363           15.249656       0.061299

2454494.682263           15.243730       0.060870

2454494.715163           15.237799       0.060442

2454494.748063           15.231864       0.060016

2454494.780963           15.225925       0.059593

2454494.813862           15.219982       0.059172

2454494.846762           15.214035       0.058753

2454494.879662           15.208084       0.058336

2454494.912562           15.202129       0.057921

2454494.945462           15.196171       0.057508

2454494.978361           15.190209       0.057098

2454495.011261           15.184244       0.056690

2454495.044161           15.178275       0.056284

2454495.077061           15.172303       0.055881

2454495.109961           15.166328       0.055479

2454495.142860           15.160350       0.055080

2454495.175760           15.154369       0.054683

2454495.208660           15.148385       0.054289

2454495.241560           15.142398       0.053896

2454495.274460           15.136408       0.053506

2454495.307359           15.130416       0.053119

2454495.340259           15.124422       0.052733

2454495.373159           15.118425       0.052350

2454495.406059           15.112426       0.051969

2454495.438959           15.106425       0.051591

2454495.471858           15.100421       0.051215

2454495.504758           15.094416       0.050841

2454495.537658           15.088409       0.050470

2454495.570558           15.082400       0.050101

2454495.603458           15.076390       0.049734

2454495.636357           15.070378       0.049370

2454495.669257           15.064364       0.049008

2454495.702157           15.058350       0.048649

2454495.735057           15.052334       0.048292

2454495.767957           15.046317       0.047937

2454495.800856           15.040299       0.047585

2454495.833756           15.034280       0.047236

2454495.866656           15.028261       0.046888

2454495.899556           15.022241       0.046544

2454495.932456           15.016220       0.046201

2454495.965355           15.010200       0.045861

2454495.998255           15.004178       0.045524

2454496.031155           14.998157       0.045189

2454496.064055           14.992136       0.044857

2454496.096955           14.986114       0.044527

2454496.129854           14.980093       0.044200

2454496.162754           14.974073       0.043875

2454496.195654           14.968053       0.043552

2454496.228554           14.962033       0.043233

2454496.261454           14.956014       0.042915

2454496.294353           14.949996       0.042601

2454496.327253           14.943979       0.042289

2454496.360153           14.937963       0.041979

2454496.393053           14.931948       0.041672

2454496.425953           14.925934       0.041367

2454496.458852           14.919922       0.041066

2454496.491752           14.913912       0.040766

2454496.524652           14.907903       0.040469

2454496.557552           14.901896       0.040175

2454496.590452           14.895891       0.039884

2454496.623351           14.889888       0.039595

2454496.656251           14.883888       0.039308

2454496.689151           14.877890       0.039025

2454496.722051           14.871894       0.038743

2454496.754951           14.865901       0.038465

2454496.787850           14.859911       0.038189

2454496.820750           14.853924       0.037915

2454496.853650           14.847940       0.037645

2454496.886550           14.841959       0.037376

2454496.919450           14.835981       0.037111

2454496.952349           14.830007       0.036848

2454496.985249           14.824037       0.036588

2454497.018149           14.818070       0.036330

2454497.051049           14.812108       0.036075

2454497.083949           14.806149       0.035823

2454497.116848           14.800194       0.035573

2454497.149748           14.794244       0.035326

2454497.182648           14.788299       0.035081

2454497.215548           14.782358       0.034839

2454497.248448           14.776422       0.034600

2454497.281347           14.770491       0.034363

2454497.314247           14.764564       0.034129

2454497.347147           14.758644       0.033897

2454497.380047           14.752728       0.033669

2454497.412947           14.746818       0.033442

2454497.445846           14.740914       0.033219

2454497.478746           14.735015       0.032997

2454497.511646           14.729123       0.032779

2454497.544546           14.723237       0.032563

2454497.577446           14.717357       0.032350

2454497.610345           14.711483       0.032139

2454497.643245           14.705616       0.031931

2454497.676145           14.699756       0.031725

2454497.709045           14.693903       0.031522

2454497.741945           14.688056       0.031322

2454497.774844           14.682217       0.031124

2454497.807744           14.676386       0.030928

2454497.840644           14.670561       0.030735

2454497.873544           14.664745       0.030545

2454497.906444           14.658936       0.030357

2454497.939343           14.653135       0.030172

2454497.972243           14.647343       0.029989

2454498.005143           14.641558       0.029809

2454498.038043           14.635782       0.029631

2454498.070943           14.630015       0.029456

2454498.103842           14.624257       0.029283

2454498.136742           14.618507       0.029112

2454498.169642           14.612766       0.028944

2454498.202542           14.607035       0.028778

2454498.235442           14.601313       0.028615

2454498.268341           14.595600       0.028454

2454498.301241           14.589898       0.028296

2454498.334141           14.584205       0.028140

2454498.367041           14.578522       0.027986

2454498.399941           14.572849       0.027835

2454498.432840           14.567187       0.027686

2454498.465740           14.561534       0.027539

2454498.498640           14.555893       0.027395

2454498.531540           14.550262       0.027252

2454498.564440           14.544643       0.027112

2454498.597339           14.539034       0.026975

2454498.630239           14.533437       0.026839

2454498.663139           14.527851       0.026706

2454498.696039           14.522276       0.026575

2454498.728939           14.516714       0.026446

2454498.761838           14.511163       0.026320

2454498.794738           14.505624       0.026195

2454498.827638           14.500097       0.026073

2454498.860538           14.494583       0.025953

2454498.893438           14.489081       0.025834

2454498.926337           14.483592       0.025718

2454498.959237           14.478115       0.025604

2454498.992137           14.472652       0.025492

2454499.025037           14.467201       0.025382

2454499.057937           14.461764       0.025274

2454499.090836           14.456340       0.025168

2454499.123736           14.450930       0.025064

2454499.156636           14.445533       0.024962

2454499.189536           14.440150       0.024861

2454499.222436           14.434781       0.024763

2454499.255335           14.429427       0.024666

2454499.288235           14.424086       0.024572

2454499.321135           14.418760       0.024479

2454499.354035           14.413449       0.024388

2454499.386935           14.408152       0.024298

2454499.419834           14.402871       0.024211

2454499.452734           14.397604       0.024125

2454499.485634           14.392352       0.024041

2454499.518534           14.387116       0.023958

2454499.551434           14.381895       0.023877

2454499.584333           14.376690       0.023798

2454499.617233           14.371500       0.023720

2454499.650133           14.366327       0.023644

2454499.683033           14.361169       0.023570

2454499.715933           14.356028       0.023497

2454499.748832           14.350903       0.023426

2454499.781732           14.345794       0.023356

2454499.814632           14.340702       0.023287

2454499.847532           14.335627       0.023220

2454499.880432           14.330568       0.023155

2454499.913331           14.325527       0.023091

2454499.946231           14.320503       0.023028

2454499.979131           14.315496       0.022967

2454500.012031           14.310506       0.022907

2454500.044931           14.305534       0.022848

2454500.077830           14.300580       0.022791

2454500.110730           14.295643       0.022734

2454500.143630           14.290725       0.022680

2454500.176530           14.285824       0.022626

2454500.209430           14.280942       0.022574

2454500.242329           14.276078       0.022522

2454500.275229           14.271233       0.022472

2454500.308129           14.266406       0.022423

2454500.341029           14.261598       0.022375

2454500.373929           14.256808       0.022329

2454500.406828           14.252038       0.022283

2454500.439728           14.247287       0.022239

2454500.472628           14.242555       0.022195

2454500.505528           14.237843       0.022153

2454500.538428           14.233150       0.022111

2454500.571327           14.228476       0.022071

2454500.604227           14.223823       0.022031

2454500.637127           14.219189       0.021993

2454500.670027           14.214575       0.021955

2454500.702927           14.209982       0.021919

2454500.735826           14.205408       0.021883

2454500.768726           14.200855       0.021848

2454500.801626           14.196322       0.021814

2454500.834526           14.191810       0.021781

2454500.867426           14.187319       0.021748

2454500.900325           14.182848       0.021717

2454500.933225           14.178399       0.021686

2454500.966125           14.173970       0.021656

2454500.999025           14.169562       0.021627

2454501.031925           14.165176       0.021599

2454501.064824           14.160811       0.021571

2454501.097724           14.156468       0.021545

2454501.130624           14.152146       0.021518

2454501.163524           14.147846       0.021493

2454501.196424           14.143567       0.021468

2454501.229323           14.139311       0.021444

2454501.262223           14.135076       0.021421

2454501.295123           14.130864       0.021398

2454501.328023           14.126673       0.021376

2454501.360923           14.122505       0.021355

2454501.393822           14.118360       0.021334

2454501.426722           14.114237       0.021314

2454501.459622           14.110136       0.021294

2454501.492522           14.106058       0.021275

2454501.525422           14.102003       0.021257

2454501.558321           14.097971       0.021239

2454501.591221           14.093962       0.021222

2454501.624121           14.089976       0.021205

2454501.657021           14.086013       0.021189

2454501.689921           14.082073       0.021173

2454501.722820           14.078157       0.021158

2454501.755720           14.074264       0.021143

2454501.788620           14.070394       0.021129

2454501.821520           14.066548       0.021116

2454501.854420           14.062726       0.021103

2454501.887319           14.058927       0.021090

2454501.920219           14.055152       0.021078

2454501.953119           14.051402       0.021067

2454501.986019           14.047675       0.021056

2454502.018919           14.043972       0.021045

2454502.051818           14.040293       0.021035

2454502.084718           14.036639       0.021025

2454502.117618           14.033009       0.021016

2454502.150518           14.029403       0.021007

2454502.183418           14.025822       0.020998

2454502.216317           14.022265       0.020991

2454502.249217           14.018733       0.020983

2454502.282117           14.015225       0.020976

2454502.315017           14.011742       0.020969

2454502.347917           14.008284       0.020963

2454502.380816           14.004851       0.020957

2454502.413716           14.001442       0.020952

2454502.446616           13.998059       0.020947

2454502.479516           13.994701       0.020942

2454502.512416           13.991367       0.020938

2454502.545315           13.988059       0.020934

2454502.578215           13.984777       0.020931

2454502.611115           13.981519       0.020928

2454502.644015           13.978287       0.020925

2454502.676915           13.975080       0.020923

2454502.709814           13.971899       0.020921

2454502.742714           13.968743       0.020920

2454502.775614           13.965612       0.020919

2454502.808514           13.962508       0.020918

2454502.841414           13.959429       0.020918

2454502.874313           13.956375       0.020918

2454502.907213           13.953348       0.020919

2454502.940113           13.950346       0.020920

2454502.973013           13.947370       0.020921

2454503.005913           13.944420       0.020922

2454503.038812           13.941495       0.020924

2454503.071712           13.938597       0.020927

2454503.104612           13.935725       0.020930

2454503.137512           13.932879       0.020933

2454503.170412           13.930059       0.020936

2454503.203311           13.927265       0.020940

2454503.236211           13.924497       0.020944

2454503.269111           13.921755       0.020949

2454503.302011           13.919040       0.020954

2454503.334911           13.916351       0.020959

2454503.367810           13.913688       0.020965

2454503.400710           13.911052       0.020971

2454503.433610           13.908442       0.020978

2454503.466510           13.905858       0.020985

2454503.499410           13.903300       0.020992

2454503.532309           13.900769       0.020999

2454503.565209           13.898265       0.021007

2454503.598109           13.895787       0.021016

2454503.631009           13.893335       0.021024

2454503.663909           13.890910       0.021033

2454503.696808           13.888512       0.021043

2454503.729708           13.886140       0.021052

2454503.762608           13.883795       0.021062

2454503.795508           13.881476       0.021073

2454503.828408           13.879184       0.021083

2454503.861307           13.876918       0.021095

2454503.894207           13.874679       0.021106

2454503.927107           13.872467       0.021118

2454503.960007           13.870281       0.021130

2454503.992907           13.868122       0.021142

2454504.025806           13.865990       0.021155

2454504.058706           13.863884       0.021168

2454504.091606           13.861806       0.021182

2454504.124506           13.859753       0.021196

2454504.157406           13.857728       0.021210

2454504.190305           13.855729       0.021224

2454504.223205           13.853757       0.021239

2454504.256105           13.851811       0.021254

2454504.289005           13.849893       0.021270

2454504.321905           13.848000       0.021285

2454504.354804           13.846135       0.021301

2454504.387704           13.844296       0.021318

2454504.420604           13.842484       0.021335

2454504.453504           13.840699       0.021352

2454504.486404           13.838941       0.021369

2454504.519303           13.837209       0.021386

2454504.552203           13.835503       0.021404

2454504.585103           13.833825       0.021423

2454504.618003           13.832173       0.021441

2454504.650903           13.830548       0.021460

2454504.683802           13.828949       0.021479

2454504.716702           13.827377       0.021498

2454504.749602           13.825831       0.021518

2454504.782502           13.824312       0.021538

2454504.815402           13.822820       0.021558

2454504.848301           13.821354       0.021578

2454504.881201           13.819915       0.021599

2454504.914101           13.818503       0.021620

2454504.947001           13.817116       0.021641

2454504.979901           13.815757       0.021662

2454505.012800           13.814423       0.021684

2454505.045700           13.813117       0.021705

2454505.078600           13.811836       0.021727

2454505.111500           13.810582       0.021750

2454505.144399           13.809355       0.021772

2454505.177299           13.808153       0.021795

2454505.210199           13.806979       0.021818

2454505.243099           13.805830       0.021841

2454505.275999           13.804708       0.021864

2454505.308898           13.803611       0.021888

2454505.341798           13.802542       0.021911

2454505.374698           13.801498       0.021935

2454505.407598           13.800480       0.021959

2454505.440498           13.799489       0.021983

2454505.473397           13.798524       0.022007

2454505.506297           13.797584       0.022032

2454505.539197           13.796671       0.022056

2454505.572097           13.795784       0.022081

2454505.604997           13.794923       0.022106

2454505.637896           13.794088       0.022131

2454505.670796           13.793278       0.022156

2454505.703696           13.792495       0.022181

2454505.736596           13.791737       0.022206

2454505.769496           13.791005       0.022232

2454505.802395           13.790299       0.022257

2454505.835295           13.789618       0.022283

2454505.868195           13.788963       0.022309

2454505.901095           13.788334       0.022334

2454505.933995           13.787731       0.022360

2454505.966894           13.787153       0.022386

2454505.999794           13.786600       0.022412

2454506.032694           13.786073       0.022438

2454506.065594           13.785571       0.022463

2454506.098494           13.785095       0.022489

2454506.131393           13.784644       0.022515

2454506.164293           13.784218       0.022541

2454506.197193           13.783818       0.022567

2454506.230093           13.783443       0.022593

2454506.262993           13.783093       0.022619

2454506.295892           13.782768       0.022645

2454506.328792           13.782468       0.022671

2454506.361692           13.782193       0.022697

2454506.394592           13.781943       0.022723

2454506.427492           13.781718       0.022749

2454506.460391           13.781518       0.022774

2454506.493291           13.781343       0.022800

2454506.526191           13.781192       0.022826

2454506.559091           13.781067       0.022851

2454506.591991           13.780965       0.022877

2454506.624890           13.780889       0.022902

2454506.657790           13.780837       0.022927

2454506.690690           13.780809       0.022953

2454506.723590           13.780806       0.022978

2454506.756490           13.780828       0.023002

2454506.789389           13.780874       0.023027

2454506.822289           13.780944       0.023052

2454506.855189           13.781038       0.023076

2454506.888089           13.781156       0.023101

2454506.920989           13.781299       0.023125

2454506.953888           13.781466       0.023149

2454506.986788           13.781656       0.023173

2454507.019688           13.781871       0.023197

2454507.052588           13.782110       0.023220

2454507.085488           13.782372       0.023243

2454507.118387           13.782658       0.023266

2454507.151287           13.782968       0.023289

2454507.184187           13.783302       0.023312

2454507.217087           13.783659       0.023335

2454507.249987           13.784040       0.023357

2454507.282886           13.784444       0.023379

2454507.315786           13.784872       0.023401

2454507.348686           13.785323       0.023422

2454507.381586           13.785798       0.023443

2454507.414486           13.786295       0.023464

2454507.447385           13.786816       0.023485

2454507.480285           13.787360       0.023505

2454507.513185           13.787927       0.023526

2454507.546085           13.788517       0.023545

2454507.578985           13.789131       0.023565

2454507.611884           13.789767       0.023584

2454507.644784           13.790425       0.023603

2454507.677684           13.791107       0.023622

2454507.710584           13.791811       0.023640

2454507.743484           13.792538       0.023658

2454507.776383           13.793288       0.023676

2454507.809283           13.794060       0.023694

2454507.842183           13.794854       0.023711

2454507.875083           13.795671       0.023727

2454507.907983           13.796510       0.023744

2454507.940882           13.797371       0.023760

2454507.973782           13.798255       0.023775

2454508.006682           13.799161       0.023791

2454508.039582           13.800088       0.023806

2454508.072482           13.801038       0.023820

2454508.105381           13.802010       0.023835

2454508.138281           13.803003       0.023848

2454508.171181           13.804018       0.023862

2454508.204081           13.805055       0.023875

2454508.236981           13.806114       0.023888

2454508.269880           13.807194       0.023900

2454508.302780           13.808296       0.023912

2454508.335680           13.809419       0.023924

2454508.368580           13.810564       0.023935

2454508.401480           13.811729       0.023946

2454508.434379           13.812917       0.023956

2454508.467279           13.814125       0.023966

2454508.500179           13.815354       0.023975

2454508.533079           13.816605       0.023985

2454508.565979           13.817876       0.023993

2454508.598878           13.819168       0.024002

2454508.631778           13.820481       0.024010

2454508.664678           13.821815       0.024017

2454508.697578           13.823169       0.024024

2454508.730478           13.824545       0.024031

2454508.763377           13.825940       0.024037

2454508.796277           13.827356       0.024043

2454508.829177           13.828793       0.024049

2454508.862077           13.830250       0.024054

2454508.894977           13.831727       0.024059

2454508.927876           13.833224       0.024063

2454508.960776           13.834741       0.024067

2454508.993676           13.836279       0.024070

2454509.026576           13.837836       0.024073

2454509.059476           13.839413       0.024076

2454509.092375           13.841010       0.024078

2454509.125275           13.842627       0.024080

2454509.158175           13.844264       0.024081

2454509.191075           13.845920       0.024082

2454509.223975           13.847595       0.024083

2454509.256874           13.849290       0.024083

2454509.289774           13.851005       0.024083

2454509.322674           13.852739       0.024082

2454509.355574           13.854492       0.024081

2454509.388474           13.856264       0.024080

2454509.421373           13.858055       0.024078

2454509.454273           13.859865       0.024076

2454509.487173           13.861694       0.024073

2454509.520073           13.863543       0.024071

2454509.552973           13.865409       0.024067

2454509.585872           13.867295       0.024064

2454509.618772           13.869199       0.024060

2454509.651672           13.871122       0.024055

2454509.684572           13.873063       0.024051

2454509.717472           13.875023       0.024046

2454509.750371           13.877001       0.024040

2454509.783271           13.878998       0.024034

2454509.816171           13.881012       0.024028

2454509.849071           13.883045       0.024022

2454509.881971           13.885096       0.024015

2454509.914870           13.887164       0.024008

2454509.947770           13.889251       0.024001

2454509.980670           13.891356       0.023993

2454510.013570           13.893478       0.023985

2454510.046470           13.895618       0.023977

2454510.079369           13.897775       0.023968

2454510.112269           13.899950       0.023959

2454510.145169           13.902143       0.023950

2454510.178069           13.904353       0.023941

2454510.210969           13.906580       0.023931

2454510.243868           13.908824       0.023921

2454510.276768           13.911086       0.023911

2454510.309668           13.913365       0.023900

2454510.342568           13.915660       0.023890

2454510.375468           13.917973       0.023879

2454510.408367           13.920302       0.023867

2454510.441267           13.922649       0.023856

2454510.474167           13.925012       0.023844

2454510.507067           13.927391       0.023833

2454510.539967           13.929787       0.023821

2454510.572866           13.932200       0.023808

2454510.605766           13.934629       0.023796

2454510.638666           13.937075       0.023783

2454510.671566           13.939536       0.023771

2454510.704466           13.942014       0.023758

2454510.737365           13.944508       0.023745

2454510.770265           13.947018       0.023732

2454510.803165           13.949544       0.023718

2454510.836065           13.952086       0.023705

2454510.868965           13.954644       0.023691

2454510.901864           13.957217       0.023678

2454510.934764           13.959807       0.023664

2454510.967664           13.962411       0.023650

2454511.000564           13.965032       0.023636

2454511.033464           13.967667       0.023622

2454511.066363           13.970318       0.023608

2454511.099263           13.972985       0.023594

2454511.132163           13.975666       0.023579

2454511.165063           13.978363       0.023565

2454511.197963           13.981075       0.023551

2454511.230862           13.983802       0.023536

2454511.263762           13.986544       0.023522

2454511.296662           13.989301       0.023508

2454511.329562           13.992072       0.023493

2454511.362462           13.994858       0.023479

2454511.395361           13.997659       0.023464

2454511.428261           14.000475       0.023450

2454511.461161           14.003305       0.023436

2454511.494061           14.006149       0.023421

2454511.526961           14.009008       0.023407

2454511.559860           14.011881       0.023393

2454511.592760           14.014768       0.023379

2454511.625660           14.017669       0.023365

2454511.658560           14.020585       0.023351

2454511.691460           14.023514       0.023337

2454511.724359           14.026458       0.023323

2454511.757259           14.029415       0.023309

2454511.790159           14.032386       0.023296

2454511.823059           14.035371       0.023282

2454511.855959           14.038370       0.023269

2454511.888858           14.041382       0.023255

2454511.921758           14.044407       0.023242

2454511.954658           14.047446       0.023229

2454511.987558           14.050498       0.023216

2454512.020458           14.053564       0.023204

2454512.053357           14.056643       0.023191

2454512.086257           14.059735       0.023179

2454512.119157           14.062840       0.023167

2454512.152057           14.065958       0.023155

2454512.184957           14.069089       0.023143

2454512.217856           14.072233       0.023131

2454512.250756           14.075390       0.023120

2454512.283656           14.078560       0.023109

2454512.316556           14.081742       0.023098

2454512.349456           14.084937       0.023087

2454512.382355           14.088144       0.023076

2454512.415255           14.091364       0.023066

2454512.448155           14.094596       0.023056

2454512.481055           14.097841       0.023046

2454512.513955           14.101098       0.023036

2454512.546854           14.104367       0.023027

2454512.579754           14.107648       0.023018

2454512.612654           14.110941       0.023009

2454512.645554           14.114246       0.023000

2454512.678454           14.117563       0.022992

2454512.711353           14.120892       0.022984

2454512.744253           14.124233       0.022976

2454512.777153           14.127585       0.022969

2454512.810053           14.130950       0.022962

2454512.842953           14.134325       0.022955

2454512.875852           14.137712       0.022948

2454512.908752           14.141111       0.022942

2454512.941652           14.144521       0.022936

2454512.974552           14.147942       0.022930

2454513.007452           14.151375       0.022925

2454513.040351           14.154819       0.022920

2454513.073251           14.158274       0.022915

2454513.106151           14.161740       0.022911

2454513.139051           14.165216       0.022907

2454513.171951           14.168704       0.022903

2454513.204850           14.172203       0.022899

2454513.237750           14.175712       0.022896

2454513.270650           14.179232       0.022893

2454513.303550           14.182763       0.022891

2454513.336450           14.186305       0.022889

2454513.369349           14.189856       0.022887

2454513.402249           14.193419       0.022886

2454513.435149           14.196991       0.022884

2454513.468049           14.200574       0.022884

2454513.500949           14.204168       0.022883

2454513.533848           14.207771       0.022883

2454513.566748           14.211385       0.022883

2454513.599648           14.215008       0.022884

2454513.632548           14.218642       0.022885

2454513.665448           14.222285       0.022886

2454513.698347           14.225939       0.022887

2454513.731247           14.229602       0.022889

2454513.764147           14.233275       0.022892

2454513.797047           14.236957       0.022894

2454513.829947           14.240649       0.022897

2454513.862846           14.244351       0.022900

2454513.895746           14.248062       0.022904

2454513.928646           14.251782       0.022908

2454513.961546           14.255512       0.022912

2454513.994446           14.259251       0.022917

2454514.027345           14.262999       0.022922

2454514.060245           14.266757       0.022927

2454514.093145           14.270523       0.022933

2454514.126045           14.274299       0.022939

2454514.158945           14.278083       0.022945

2454514.191844           14.281876       0.022952

2454514.224744           14.285678       0.022958

2454514.257644           14.289489       0.022966

2454514.290544           14.293308       0.022973

2454514.323444           14.297136       0.022981

2454514.356343           14.300973       0.022990

2454514.389243           14.304818       0.022998

2454514.422143           14.308671       0.023007

2454514.455043           14.312533       0.023016

2454514.487943           14.316403       0.023026

2454514.520842           14.320281       0.023036

2454514.553742           14.324168       0.023046

2454514.586642           14.328062       0.023056

2454514.619542           14.331965       0.023067

2454514.652442           14.335875       0.023078

2454514.685341           14.339794       0.023089

2454514.718241           14.343720       0.023101

2454514.751141           14.347654       0.023113

2454514.784041           14.351595       0.023125

2454514.816941           14.355545       0.023138

2454514.849840           14.359502       0.023151

2454514.882740           14.363466       0.023164

2454514.915640           14.367438       0.023177

2454514.948540           14.371417       0.023191

2454514.981440           14.375403       0.023205

2454515.014339           14.379397       0.023219

2454515.047239           14.383397       0.023234

2454515.080139           14.387405       0.023249

2454515.113039           14.391420       0.023264

2454515.145939           14.395442       0.023279

2454515.178838           14.399471       0.023295

2454515.211738           14.403507       0.023311

2454515.244638           14.407549       0.023327

2454515.277538           14.411598       0.023344

2454515.310438           14.415654       0.023361

2454515.343337           14.419716       0.023378

2454515.376237           14.423785       0.023395

2454515.409137           14.427860       0.023412

2454515.442037           14.431942       0.023430

2454515.474937           14.436030       0.023448

2454515.507836           14.440124       0.023467

2454515.540736           14.444224       0.023485

2454515.573636           14.448331       0.023504

2454515.606536           14.452443       0.023523

2454515.639436           14.456562       0.023543

2454515.672335           14.460686       0.023562

2454515.705235           14.464817       0.023582

2454515.738135           14.468953       0.023602

2454515.771035           14.473095       0.023623

2454515.803935           14.477242       0.023643

2454515.836834           14.481395       0.023664

2454515.869734           14.485553       0.023685

2454515.902634           14.489717       0.023707

2454515.935534           14.493887       0.023728

2454515.968434           14.498061       0.023750

2454516.001333           14.502241       0.023772

2454516.034233           14.506426       0.023795

2454516.067133           14.510617       0.023817

2454516.100033           14.514812       0.023840

2454516.132933           14.519012       0.023864

2454516.165832           14.523217       0.023887

2454516.198732           14.527427       0.023911

2454516.231632           14.531642       0.023935

2454516.264532           14.535861       0.023959

2454516.297432           14.540085       0.023984

2454516.330331           14.544314       0.024009

2454516.363231           14.548547       0.024034

2454516.396131           14.552785       0.024060

2454516.429031           14.557026       0.024085

2454516.461931           14.561273       0.024111

2454516.494830           14.565523       0.024138

2454516.527730           14.569778       0.024164

2454516.560630           14.574036       0.024192

2454516.593530           14.578299       0.024219

2454516.626430           14.582566       0.024247

2454516.659329           14.586836       0.024275

2454516.692229           14.591111       0.024303

2454516.725129           14.595389       0.024332

2454516.758029           14.599671       0.024361

2454516.790929           14.603956       0.024390

2454516.823828           14.608245       0.024420

2454516.856728           14.612537       0.024450

2454516.889628           14.616833       0.024481

2454516.922528           14.621132       0.024512

2454516.955428           14.625435       0.024543

2454516.988327           14.629740       0.024575

2454517.021227           14.634049       0.024607

2454517.054127           14.638361       0.024640

2454517.087027           14.642675       0.024673

2454517.119927           14.646993       0.024706

2454517.152826           14.651313       0.024740

2454517.185726           14.655637       0.024775

2454517.218626           14.659963       0.024810

2454517.251526           14.664291       0.024845

2454517.284426           14.668622       0.024881

2454517.317325           14.672956       0.024918

2454517.350225           14.677292       0.024955

2454517.383125           14.681630       0.024992

2454517.416025           14.685970       0.025030

2454517.448925           14.690313       0.025069

2454517.481824           14.694658       0.025109

2454517.514724           14.699005       0.025149

2454517.547624           14.703354       0.025189

2454517.580524           14.707705       0.025230

2454517.613424           14.712057       0.025272

2454517.646323           14.716412       0.025315

2454517.679223           14.720768       0.025358

2454517.712123           14.725125       0.025402

2454517.745023           14.729485       0.025447

2454517.777923           14.733845       0.025492

2454517.810822           14.738207       0.025538

2454517.843722           14.742571       0.025585

2454517.876622           14.746936       0.025633

2454517.909522           14.751301       0.025682

2454517.942422           14.755668       0.025731

2454517.975321           14.760037       0.025781

2454518.008221           14.764406       0.025833

2454518.041121           14.768775       0.025885

2454518.074021           14.773146       0.025938

2454518.106921           14.777518       0.025992

2454518.139820           14.781890       0.026047

2454518.172720           14.786263       0.026102

2454518.205620           14.790636       0.026159

2454518.238520           14.795010       0.026217

2454518.271420           14.799384       0.026276

2454518.304319           14.803759       0.026336

2454518.337219           14.808133       0.026397

2454518.370119           14.812508       0.026460

2454518.403019           14.816883       0.026523

2454518.435919           14.821258       0.026588

2454518.468818           14.825634       0.026654

2454518.501718           14.830009       0.026721

2454518.534618           14.834383       0.026789

2454518.567518           14.838758       0.026858

2454518.600418           14.843132       0.026929

2454518.633317           14.847506       0.027001

2454518.666217           14.851879       0.027075

2454518.699117           14.856252       0.027150

2454518.732017           14.860625       0.027226

2454518.764917           14.864996       0.027304

2454518.797816           14.869367       0.027383

2454518.830716           14.873737       0.027463

2454518.863616           14.878106       0.027545

2454518.896516           14.882475       0.027629

2454518.929416           14.886842       0.027714

2454518.962315           14.891208       0.027801

2454518.995215           14.895573       0.027890

2454519.028115           14.899937       0.027980

2454519.061015           14.904299       0.028071

2454519.093915           14.908660       0.028165

2454519.126814           14.913020       0.028260

2454519.159714           14.917378       0.028357

2454519.192614           14.921735       0.028455

2454519.225514           14.926090       0.028556

2454519.258414           14.930443       0.028658

2454519.291313           14.934795       0.028762

2454519.324213           14.939144       0.028868

2454519.357113           14.943492       0.028976

2454519.390013           14.947838       0.029086

2454519.422913           14.952182       0.029198

2454519.455812           14.956523       0.029311

2454519.488712           14.960863       0.029427

2454519.521612           14.965200       0.029545

2454519.554512           14.969535       0.029665

2454519.587412           14.973868       0.029787

2454519.620311           14.978198       0.029911

2454519.653211           14.982525       0.030037

2454519.686111           14.986850       0.030165

2454519.719011           14.991173       0.030296

2454519.751911           14.995493       0.030428

2454519.784810           14.999810       0.030563

2454519.817710           15.004124       0.030700

2454519.850610           15.008435       0.030840

2454519.883510           15.012743       0.030981

2454519.916410           15.017049       0.031125

2454519.949309           15.021351       0.031272

2454519.982209           15.025650       0.031420

2454520.015109           15.029946       0.031572

2454520.048009           15.034239       0.031725

2454520.080909           15.038528       0.031881

2454520.113808           15.042814       0.032039

2454520.146708           15.047096       0.032200

2454520.179608           15.051375       0.032363

2454520.212508           15.055651       0.032529

2454520.245408           15.059922       0.032697

2454520.278307           15.064190       0.032868

2454520.311207           15.068455       0.033041

2454520.344107           15.072715       0.033217

2454520.377007           15.076972       0.033395

2454520.409907           15.081225       0.033576

2454520.442806           15.085473       0.033759

2454520.475706           15.089718       0.033946

2454520.508606           15.093959       0.034134

2454520.541506           15.098195       0.034326

2454520.574406           15.102428       0.034520

2454520.607305           15.106655       0.034716

2454520.640205           15.110879       0.034916

2454520.673105           15.115098       0.035118

2454520.706005           15.119313       0.035322

2454520.738905           15.123524       0.035530

2454520.771804           15.127729       0.035740

2454520.804704           15.131931       0.035953

2454520.837604           15.136127       0.036168

2454520.870504           15.140319       0.036386

2454520.903404           15.144506       0.036607

2454520.936303           15.148689       0.036831

2454520.969203           15.152866       0.037058

2454521.002103           15.157038       0.037287

2454521.035003           15.161206       0.037519

2454521.067903           15.165369       0.037754

2454521.100802           15.169526       0.037991

2454521.133702           15.173678       0.038231

2454521.166602           15.177826       0.038474

2454521.199502           15.181967       0.038720

2454521.232402           15.186104       0.038969

2454521.265301           15.190236       0.039220

2454521.298201           15.194361       0.039474

2454521.331101           15.198482       0.039731

2454521.364001           15.202597       0.039991

2454521.396901           15.206707       0.040253

2454521.429800           15.210811       0.040519

2454521.462700           15.214909       0.040787

2454521.495600           15.219002       0.041057

