This file contains the LC params of 2017erp in filter-V

#-----------------------------#

#-----------------------------#
Jd at maximum in V band is: 2457936.134678 +/- 0.954445
Magnitude at maximum in V band is: 13.447698 +/- 0.024061
#-----------------------------#
#-----------------------------#
JD after 15-days from V band maximum is: 2457951.134678
Magnitude after 15-days from V band maximum is: 13.999648 +/- 0.031618
Estimated value of dm15 is: 0.551950 +/- 0.039732
Secondary maximum is not applicable for this band
The magnitudes are not k-corrected
Interpolated Light Curve through GP

#-----------------------------#

  JD                 MAG           MERR

2457910.745700           17.974776       0.228003

2457910.812338           17.964334       0.226212

2457910.878975           17.953806       0.224423

2457910.945613           17.943193       0.222639

2457911.012251           17.932495       0.220857

2457911.078889           17.921711       0.219079

2457911.145526           17.910842       0.217304

2457911.212164           17.899887       0.215532

2457911.278802           17.888847       0.213765

2457911.345440           17.877722       0.212001

2457911.412077           17.866511       0.210241

2457911.478715           17.855215       0.208484

2457911.545353           17.843833       0.206732

2457911.611991           17.832366       0.204983

2457911.678628           17.820814       0.203239

2457911.745266           17.809177       0.201499

2457911.811904           17.797455       0.199763

2457911.878542           17.785648       0.198031

2457911.945179           17.773755       0.196304

2457912.011817           17.761778       0.194582

2457912.078455           17.749716       0.192864

2457912.145092           17.737569       0.191150

2457912.211730           17.725338       0.189442

2457912.278368           17.713021       0.187738

2457912.345006           17.700621       0.186040

2457912.411643           17.688136       0.184346

2457912.478281           17.675567       0.182658

2457912.544919           17.662913       0.180974

2457912.611557           17.650176       0.179297

2457912.678194           17.637355       0.177624

2457912.744832           17.624450       0.175957

2457912.811470           17.611461       0.174296

2457912.878108           17.598389       0.172641

2457912.944745           17.585234       0.170991

2457913.011383           17.571995       0.169347

2457913.078021           17.558674       0.167709

2457913.144659           17.545270       0.166077

2457913.211296           17.531783       0.164452

2457913.277934           17.518214       0.162833

2457913.344572           17.504563       0.161220

2457913.411210           17.490830       0.159614

2457913.477847           17.477015       0.158014

2457913.544485           17.463119       0.156421

2457913.611123           17.449142       0.154835

2457913.677760           17.435083       0.153256

2457913.744398           17.420944       0.151683

2457913.811036           17.406724       0.150118

2457913.877674           17.392424       0.148561

2457913.944311           17.378044       0.147010

2457914.010949           17.363584       0.145467

2457914.077587           17.349045       0.143932

2457914.144225           17.334427       0.142404

2457914.210862           17.319730       0.140884

2457914.277500           17.304954       0.139372

2457914.344138           17.290101       0.137868

2457914.410776           17.275170       0.136372

2457914.477413           17.260161       0.134884

2457914.544051           17.245075       0.133404

2457914.610689           17.229912       0.131933

2457914.677327           17.214673       0.130471

2457914.743964           17.199358       0.129017

2457914.810602           17.183968       0.127573

2457914.877240           17.168502       0.126137

2457914.943877           17.152961       0.124710

2457915.010515           17.137347       0.123292

2457915.077153           17.121658       0.121883

2457915.143791           17.105896       0.120484

2457915.210428           17.090060       0.119095

2457915.277066           17.074152       0.117715

2457915.343704           17.058172       0.116345

2457915.410342           17.042121       0.114985

2457915.476979           17.025998       0.113634

2457915.543617           17.009805       0.112294

2457915.610255           16.993541       0.110964

2457915.676893           16.977208       0.109645

2457915.743530           16.960806       0.108336

2457915.810168           16.944335       0.107038

2457915.876806           16.927797       0.105750

2457915.943444           16.911191       0.104473

2457916.010081           16.894518       0.103207

2457916.076719           16.877779       0.101953

2457916.143357           16.860975       0.100709

2457916.209994           16.844105       0.099477

2457916.276632           16.827171       0.098257

2457916.343270           16.810174       0.097048

2457916.409908           16.793113       0.095851

2457916.476545           16.775990       0.094666

2457916.543183           16.758805       0.093492

2457916.609821           16.741559       0.092331

2457916.676459           16.724253       0.091182

2457916.743096           16.706887       0.090046

2457916.809734           16.689463       0.088921

2457916.876372           16.671980       0.087810

2457916.943010           16.654440       0.086711

2457917.009647           16.636843       0.085625

2457917.076285           16.619191       0.084552

2457917.142923           16.601483       0.083491

2457917.209561           16.583721       0.082444

2457917.276198           16.565906       0.081411

2457917.342836           16.548038       0.080390

2457917.409474           16.530119       0.079383

2457917.476112           16.512149       0.078390

2457917.542749           16.494129       0.077410

2457917.609387           16.476059       0.076443

2457917.676025           16.457942       0.075491

2457917.742662           16.439777       0.074553

2457917.809300           16.421566       0.073628

2457917.875938           16.403310       0.072718

2457917.942576           16.385009       0.071821

2457918.009213           16.366665       0.070939

2457918.075851           16.348279       0.070071

2457918.142489           16.329852       0.069217

2457918.209127           16.311384       0.068377

2457918.275764           16.292876       0.067552

2457918.342402           16.274331       0.066741

2457918.409040           16.255749       0.065945

2457918.475678           16.237130       0.065163

2457918.542315           16.218477       0.064395

2457918.608953           16.199790       0.063642

2457918.675591           16.181070       0.062903

2457918.742229           16.162319       0.062178

2457918.808866           16.143538       0.061468

2457918.875504           16.124728       0.060772

2457918.942142           16.105890       0.060090

2457919.008779           16.087025       0.059422

2457919.075417           16.068136       0.058769

2457919.142055           16.049222       0.058130

2457919.208693           16.030285       0.057504

2457919.275330           16.011327       0.056892

2457919.341968           15.992349       0.056294

2457919.408606           15.973352       0.055710

2457919.475244           15.954338       0.055139

2457919.541881           15.935308       0.054581

2457919.608519           15.916263       0.054037

2457919.675157           15.897205       0.053506

2457919.741795           15.878135       0.052987

2457919.808432           15.859054       0.052481

2457919.875070           15.839965       0.051987

2457919.941708           15.820868       0.051506

2457920.008346           15.801765       0.051037

2457920.074983           15.782657       0.050579

2457920.141621           15.763546       0.050133

2457920.208259           15.744434       0.049699

2457920.274896           15.725321       0.049275

2457920.341534           15.706210       0.048863

2457920.408172           15.687102       0.048461

2457920.474810           15.667998       0.048069

2457920.541447           15.648900       0.047687

2457920.608085           15.629810       0.047315

2457920.674723           15.610729       0.046953

2457920.741361           15.591658       0.046599

2457920.807998           15.572600       0.046255

2457920.874636           15.553556       0.045919

2457920.941274           15.534527       0.045592

2457921.007912           15.515515       0.045272

2457921.074549           15.496521       0.044960

2457921.141187           15.477548       0.044656

2457921.207825           15.458597       0.044359

2457921.274463           15.439669       0.044069

2457921.341100           15.420766       0.043785

2457921.407738           15.401890       0.043508

2457921.474376           15.383042       0.043236

2457921.541014           15.364224       0.042970

2457921.607651           15.345438       0.042710

2457921.674289           15.326684       0.042455

2457921.740927           15.307966       0.042204

2457921.807564           15.289284       0.041958

2457921.874202           15.270640       0.041717

2457921.940840           15.252035       0.041479

2457922.007478           15.233472       0.041246

2457922.074115           15.214951       0.041016

2457922.140753           15.196476       0.040789

2457922.207391           15.178046       0.040566

2457922.274029           15.159664       0.040345

2457922.340666           15.141331       0.040128

2457922.407304           15.123049       0.039912

2457922.473942           15.104820       0.039699

2457922.540580           15.086644       0.039488

2457922.607217           15.068525       0.039279

2457922.673855           15.050462       0.039072

2457922.740493           15.032459       0.038866

2457922.807131           15.014516       0.038662

2457922.873768           14.996635       0.038459

2457922.940406           14.978817       0.038257

2457923.007044           14.961065       0.038057

2457923.073681           14.943379       0.037857

2457923.140319           14.925761       0.037658

2457923.206957           14.908213       0.037459

2457923.273595           14.890736       0.037261

2457923.340232           14.873331       0.037064

2457923.406870           14.856001       0.036867

2457923.473508           14.838746       0.036670

2457923.540146           14.821569       0.036474

2457923.606783           14.804470       0.036278

2457923.673421           14.787450       0.036082

2457923.740059           14.770512       0.035886

2457923.806697           14.753657       0.035690

2457923.873334           14.736886       0.035494

2457923.939972           14.720201       0.035298

2457924.006610           14.703602       0.035103

2457924.073248           14.687091       0.034907

2457924.139885           14.670670       0.034711

2457924.206523           14.654340       0.034516

2457924.273161           14.638102       0.034320

2457924.339798           14.621957       0.034124

2457924.406436           14.605907       0.033929

2457924.473074           14.589953       0.033733

2457924.539712           14.574096       0.033538

2457924.606349           14.558338       0.033343

2457924.672987           14.542678       0.033147

2457924.739625           14.527120       0.032953

2457924.806263           14.511663       0.032758

2457924.872900           14.496309       0.032564

2457924.939538           14.481059       0.032370

2457925.006176           14.465914       0.032177

2457925.072814           14.450875       0.031984

2457925.139451           14.435943       0.031791

2457925.206089           14.421120       0.031600

2457925.272727           14.406405       0.031409

2457925.339365           14.391800       0.031219

2457925.406002           14.377306       0.031029

2457925.472640           14.362924       0.030841

2457925.539278           14.348655       0.030653

2457925.605916           14.334499       0.030467

2457925.672553           14.320458       0.030282

2457925.739191           14.306531       0.030097

2457925.805829           14.292720       0.029915

2457925.872466           14.279026       0.029733

2457925.939104           14.265450       0.029553

2457926.005742           14.251991       0.029375

2457926.072380           14.238650       0.029198

2457926.139017           14.225429       0.029023

2457926.205655           14.212328       0.028849

2457926.272293           14.199347       0.028678

2457926.338931           14.186487       0.028508

2457926.405568           14.173749       0.028340

2457926.472206           14.161132       0.028175

2457926.538844           14.148638       0.028011

2457926.605482           14.136267       0.027850

2457926.672119           14.124019       0.027691

2457926.738757           14.111894       0.027534

2457926.805395           14.099893       0.027380

2457926.872033           14.088017       0.027228

2457926.938670           14.076265       0.027079

2457927.005308           14.064638       0.026932

2457927.071946           14.053136       0.026788

2457927.138583           14.041759       0.026647

2457927.205221           14.030507       0.026508

2457927.271859           14.019381       0.026372

2457927.338497           14.008381       0.026240

2457927.405134           13.997506       0.026110

2457927.471772           13.986757       0.025983

2457927.538410           13.976134       0.025859

2457927.605048           13.965637       0.025738

2457927.671685           13.955265       0.025620

2457927.738323           13.945019       0.025505

2457927.804961           13.934899       0.025393

2457927.871599           13.924904       0.025284

2457927.938236           13.915035       0.025179

2457928.004874           13.905291       0.025076

2457928.071512           13.895672       0.024977

2457928.138150           13.886177       0.024880

2457928.204787           13.876808       0.024787

2457928.271425           13.867562       0.024697

2457928.338063           13.858441       0.024611

2457928.404701           13.849443       0.024527

2457928.471338           13.840568       0.024446

2457928.537976           13.831817       0.024369

2457928.604614           13.823188       0.024294

2457928.671251           13.814681       0.024223

2457928.737889           13.806296       0.024154

2457928.804527           13.798032       0.024089

2457928.871165           13.789889       0.024026

2457928.937802           13.781866       0.023966

2457929.004440           13.773964       0.023909

2457929.071078           13.766180       0.023855

2457929.137716           13.758516       0.023804

2457929.204353           13.750969       0.023755

2457929.270991           13.743540       0.023709

2457929.337629           13.736228       0.023666

2457929.404267           13.729033       0.023625

2457929.470904           13.721953       0.023587

2457929.537542           13.714988       0.023551

2457929.604180           13.708138       0.023517

2457929.670818           13.701401       0.023486

2457929.737455           13.694778       0.023456

2457929.804093           13.688266       0.023429

2457929.870731           13.681866       0.023404

2457929.937368           13.675577       0.023381

2457930.004006           13.669398       0.023360

2457930.070644           13.663329       0.023341

2457930.137282           13.657367       0.023323

2457930.203919           13.651514       0.023307

2457930.270557           13.645767       0.023292

2457930.337195           13.640126       0.023279

2457930.403833           13.634590       0.023268

2457930.470470           13.629159       0.023257

2457930.537108           13.623831       0.023248

2457930.603746           13.618605       0.023240

2457930.670384           13.613482       0.023234

2457930.737021           13.608459       0.023228

2457930.803659           13.603536       0.023223

2457930.870297           13.598712       0.023219

2457930.936935           13.593986       0.023216

2457931.003572           13.589357       0.023213

2457931.070210           13.584824       0.023211

2457931.136848           13.580386       0.023210

2457931.203485           13.576043       0.023209

2457931.270123           13.571793       0.023208

2457931.336761           13.567636       0.023208

2457931.403399           13.563570       0.023208

2457931.470036           13.559594       0.023208

2457931.536674           13.555708       0.023209

2457931.603312           13.551910       0.023209

2457931.669950           13.548200       0.023210

2457931.736587           13.544576       0.023211

2457931.803225           13.541038       0.023211

2457931.869863           13.537584       0.023212

2457931.936501           13.534214       0.023212

2457932.003138           13.530926       0.023213

2457932.069776           13.527720       0.023213

2457932.136414           13.524594       0.023213

2457932.203052           13.521548       0.023213

2457932.269689           13.518580       0.023213

2457932.336327           13.515689       0.023213

2457932.402965           13.512875       0.023212

2457932.469603           13.510137       0.023211

2457932.536240           13.507472       0.023210

2457932.602878           13.504882       0.023209

2457932.669516           13.502363       0.023208

2457932.736153           13.499916       0.023206

2457932.802791           13.497539       0.023205

2457932.869429           13.495232       0.023203

2457932.936067           13.492993       0.023201

2457933.002704           13.490821       0.023199

2457933.069342           13.488716       0.023198

2457933.135980           13.486676       0.023196

2457933.202618           13.484700       0.023194

2457933.269255           13.482788       0.023193

2457933.335893           13.480938       0.023191

2457933.402531           13.479150       0.023190

2457933.469169           13.477422       0.023189

2457933.535806           13.475753       0.023189

2457933.602444           13.474143       0.023189

2457933.669082           13.472591       0.023189

2457933.735720           13.471095       0.023190

2457933.802357           13.469655       0.023191

2457933.868995           13.468270       0.023194

2457933.935633           13.466938       0.023197

2457934.002270           13.465660       0.023200

2457934.068908           13.464433       0.023205

2457934.135546           13.463258       0.023210

2457934.202184           13.462132       0.023217

2457934.268821           13.461056       0.023224

2457934.335459           13.460029       0.023233

2457934.402097           13.459049       0.023242

2457934.468735           13.458116       0.023253

2457934.535372           13.457228       0.023266

2457934.602010           13.456386       0.023279

2457934.668648           13.455588       0.023294

2457934.735286           13.454833       0.023311

2457934.801923           13.454121       0.023329

2457934.868561           13.453451       0.023348

2457934.935199           13.452822       0.023369

2457935.001837           13.452233       0.023392

2457935.068474           13.451684       0.023416

2457935.135112           13.451173       0.023443

2457935.201750           13.450700       0.023471

2457935.268387           13.450265       0.023501

2457935.335025           13.449867       0.023532

2457935.401663           13.449504       0.023566

2457935.468301           13.449176       0.023601

2457935.534938           13.448883       0.023639

2457935.601576           13.448624       0.023678

2457935.668214           13.448398       0.023719

2457935.734852           13.448205       0.023762

2457935.801489           13.448044       0.023807

2457935.868127           13.447914       0.023854

2457935.934765           13.447815       0.023903

2457936.001403           13.447747       0.023954

2457936.068040           13.447708       0.024007

2457936.134678           13.447698       0.024061

2457936.201316           13.447717       0.024118

2457936.267954           13.447764       0.024176

2457936.334591           13.447839       0.024236

2457936.401229           13.447940       0.024297

2457936.467867           13.448069       0.024361

2457936.534505           13.448224       0.024426

2457936.601142           13.448404       0.024492

2457936.667780           13.448610       0.024560

2457936.734418           13.448841       0.024629

2457936.801055           13.449097       0.024700

2457936.867693           13.449377       0.024772

2457936.934331           13.449680       0.024844

2457937.000969           13.450008       0.024918

2457937.067606           13.450358       0.024993

2457937.134244           13.450731       0.025069

2457937.200882           13.451127       0.025146

2457937.267520           13.451546       0.025223

2457937.334157           13.451986       0.025301

2457937.400795           13.452448       0.025379

2457937.467433           13.452932       0.025458

2457937.534071           13.453436       0.025537

2457937.600708           13.453962       0.025617

2457937.667346           13.454509       0.025696

2457937.733984           13.455076       0.025775

2457937.800622           13.455664       0.025854

2457937.867259           13.456272       0.025933

2457937.933897           13.456900       0.026012

2457938.000535           13.457548       0.026090

2457938.067172           13.458216       0.026168

2457938.133810           13.458903       0.026245

2457938.200448           13.459610       0.026322

2457938.267086           13.460336       0.026397

2457938.333723           13.461082       0.026472

2457938.400361           13.461847       0.026546

2457938.466999           13.462630       0.026620

2457938.533637           13.463433       0.026692

2457938.600274           13.464255       0.026762

2457938.666912           13.465096       0.026832

2457938.733550           13.465955       0.026901

2457938.800188           13.466834       0.026968

2457938.866825           13.467731       0.027034

2457938.933463           13.468647       0.027098

2457939.000101           13.469581       0.027161

2457939.066739           13.470535       0.027223

2457939.133376           13.471507       0.027283

2457939.200014           13.472497       0.027341

2457939.266652           13.473507       0.027398

2457939.333289           13.474535       0.027454

2457939.399927           13.475582       0.027508

2457939.466565           13.476648       0.027560

2457939.533203           13.477733       0.027611

2457939.599840           13.478836       0.027660

2457939.666478           13.479958       0.027707

2457939.733116           13.481100       0.027753

2457939.799754           13.482260       0.027798

2457939.866391           13.483440       0.027840

2457939.933029           13.484639       0.027882

2457939.999667           13.485857       0.027922

2457940.066305           13.487094       0.027960

2457940.132942           13.488351       0.027997

2457940.199580           13.489628       0.028033

2457940.266218           13.490924       0.028067

2457940.332856           13.492240       0.028100

2457940.399493           13.493575       0.028132

2457940.466131           13.494931       0.028163

2457940.532769           13.496307       0.028192

2457940.599407           13.497703       0.028221

2457940.666044           13.499119       0.028248

2457940.732682           13.500556       0.028275

2457940.799320           13.502013       0.028301

2457940.865957           13.503491       0.028326

2457940.932595           13.504990       0.028350

2457940.999233           13.506509       0.028374

2457941.065871           13.508050       0.028397

2457941.132508           13.509612       0.028420

2457941.199146           13.511196       0.028443

2457941.265784           13.512800       0.028465

2457941.332422           13.514427       0.028487

2457941.399059           13.516075       0.028509

2457941.465697           13.517746       0.028531

2457941.532335           13.519438       0.028553

2457941.598973           13.521153       0.028575

2457941.665610           13.522890       0.028597

2457941.732248           13.524649       0.028620

2457941.798886           13.526431       0.028643

2457941.865524           13.528236       0.028667

2457941.932161           13.530064       0.028691

2457941.998799           13.531916       0.028716

2457942.065437           13.533790       0.028741

2457942.132074           13.535688       0.028768

2457942.198712           13.537609       0.028795

2457942.265350           13.539554       0.028823

2457942.331988           13.541523       0.028852

2457942.398625           13.543516       0.028882

2457942.465263           13.545533       0.028913

2457942.531901           13.547574       0.028946

2457942.598539           13.549640       0.028979

2457942.665176           13.551730       0.029014

2457942.731814           13.553845       0.029050

2457942.798452           13.555985       0.029088

2457942.865090           13.558149       0.029127

2457942.931727           13.560339       0.029167

2457942.998365           13.562554       0.029209

2457943.065003           13.564794       0.029253

2457943.131641           13.567059       0.029298

2457943.198278           13.569350       0.029344

2457943.264916           13.571667       0.029392

2457943.331554           13.574009       0.029442

2457943.398191           13.576377       0.029494

2457943.464829           13.578771       0.029547

2457943.531467           13.581191       0.029601

2457943.598105           13.583636       0.029658

2457943.664742           13.586108       0.029716

2457943.731380           13.588606       0.029776

2457943.798018           13.591131       0.029837

2457943.864656           13.593681       0.029900

2457943.931293           13.596258       0.029965

2457943.997931           13.598862       0.030031

2457944.064569           13.601491       0.030099

2457944.131207           13.604148       0.030168

2457944.197844           13.606830       0.030239

2457944.264482           13.609539       0.030311

2457944.331120           13.612275       0.030385

2457944.397758           13.615037       0.030460

2457944.464395           13.617826       0.030536

2457944.531033           13.620641       0.030614

2457944.597671           13.623482       0.030693

2457944.664309           13.626350       0.030773

2457944.730946           13.629245       0.030854

2457944.797584           13.632165       0.030936

2457944.864222           13.635112       0.031019

2457944.930859           13.638085       0.031103

2457944.997497           13.641084       0.031188

2457945.064135           13.644110       0.031273

2457945.130773           13.647161       0.031359

2457945.197410           13.650238       0.031446

2457945.264048           13.653340       0.031533

2457945.330686           13.656469       0.031620

2457945.397324           13.659622       0.031707

2457945.463961           13.662802       0.031794

2457945.530599           13.666006       0.031882

2457945.597237           13.669235       0.031969

2457945.663875           13.672489       0.032056

2457945.730512           13.675768       0.032142

2457945.797150           13.679072       0.032229

2457945.863788           13.682399       0.032314

2457945.930426           13.685751       0.032399

2457945.997063           13.689127       0.032483

2457946.063701           13.692527       0.032566

2457946.130339           13.695950       0.032649

2457946.196976           13.699396       0.032730

2457946.263614           13.702866       0.032809

2457946.330252           13.706359       0.032888

2457946.396890           13.709874       0.032965

2457946.463527           13.713412       0.033040

2457946.530165           13.716971       0.033114

2457946.596803           13.720553       0.033186

2457946.663441           13.724157       0.033256

2457946.730078           13.727782       0.033324

2457946.796716           13.731428       0.033391

2457946.863354           13.735095       0.033455

2457946.929992           13.738783       0.033516

2457946.996629           13.742491       0.033576

2457947.063267           13.746219       0.033633

2457947.129905           13.749967       0.033688

2457947.196543           13.753734       0.033740

2457947.263180           13.757521       0.033789

2457947.329818           13.761326       0.033836

2457947.396456           13.765150       0.033880

2457947.463093           13.768993       0.033921

2457947.529731           13.772854       0.033960

2457947.596369           13.776732       0.033995

2457947.663007           13.780628       0.034028

2457947.729644           13.784541       0.034057

2457947.796282           13.788470       0.034083

2457947.862920           13.792416       0.034107

2457947.929558           13.796379       0.034127

2457947.996195           13.800357       0.034144

2457948.062833           13.804350       0.034157

2457948.129471           13.808359       0.034168

2457948.196109           13.812383       0.034175

2457948.262746           13.816421       0.034179

2457948.329384           13.820474       0.034180

2457948.396022           13.824540       0.034177

2457948.462660           13.828620       0.034171

2457948.529297           13.832713       0.034162

2457948.595935           13.836819       0.034150

2457948.662573           13.840938       0.034134

2457948.729211           13.845069       0.034115

2457948.795848           13.849212       0.034093

2457948.862486           13.853366       0.034067

2457948.929124           13.857532       0.034038

2457948.995761           13.861708       0.034006

2457949.062399           13.865895       0.033971

2457949.129037           13.870093       0.033933

2457949.195675           13.874300       0.033892

2457949.262312           13.878517       0.033847

2457949.328950           13.882743       0.033800

2457949.395588           13.886978       0.033750

2457949.462226           13.891222       0.033696

2457949.528863           13.895474       0.033640

2457949.595501           13.899734       0.033582

2457949.662139           13.904002       0.033520

2457949.728777           13.908277       0.033456

2457949.795414           13.912560       0.033389

2457949.862052           13.916848       0.033319

2457949.928690           13.921144       0.033247

2457949.995328           13.925445       0.033173

2457950.061965           13.929752       0.033097

2457950.128603           13.934065       0.033018

2457950.195241           13.938383       0.032937

2457950.261878           13.942706       0.032854

2457950.328516           13.947033       0.032769

2457950.395154           13.951365       0.032682

2457950.461792           13.955701       0.032593

2457950.528429           13.960041       0.032503

2457950.595067           13.964384       0.032411

2457950.661705           13.968730       0.032317

2457950.728343           13.973079       0.032222

2457950.794980           13.977431       0.032126

2457950.861618           13.981785       0.032028

2457950.928256           13.986142       0.031930

2457950.994894           13.990500       0.031830

2457951.061531           13.994861       0.031729

2457951.128169           13.999222       0.031628

2457951.194807           14.003585       0.031526

2457951.261445           14.007949       0.031423

2457951.328082           14.012313       0.031319

2457951.394720           14.016678       0.031215

2457951.461358           14.021043       0.031111

2457951.527995           14.025409       0.031007

2457951.594633           14.029774       0.030902

2457951.661271           14.034139       0.030798

2457951.727909           14.038504       0.030694

2457951.794546           14.042868       0.030589

2457951.861184           14.047231       0.030485

2457951.927822           14.051593       0.030382

2457951.994460           14.055954       0.030279

2457952.061097           14.060314       0.030176

2457952.127735           14.064672       0.030075

2457952.194373           14.069029       0.029974

2457952.261011           14.073383       0.029874

2457952.327648           14.077736       0.029775

2457952.394286           14.082087       0.029677

2457952.460924           14.086436       0.029580

2457952.527562           14.090782       0.029485

2457952.594199           14.095126       0.029391

2457952.660837           14.099467       0.029299

2457952.727475           14.103806       0.029208

2457952.794113           14.108141       0.029119

2457952.860750           14.112474       0.029033

2457952.927388           14.116804       0.028948

2457952.994026           14.121131       0.028865

2457953.060663           14.125454       0.028785

2457953.127301           14.129775       0.028707

2457953.193939           14.134092       0.028631

2457953.260577           14.138405       0.028559

2457953.327214           14.142715       0.028489

2457953.393852           14.147021       0.028421

2457953.460490           14.151324       0.028357

2457953.527128           14.155623       0.028296

2457953.593765           14.159918       0.028238

2457953.660403           14.164209       0.028184

2457953.727041           14.168496       0.028133

2457953.793679           14.172779       0.028086

2457953.860316           14.177058       0.028042

2457953.926954           14.181333       0.028002

2457953.993592           14.185604       0.027966

2457954.060230           14.189871       0.027935

2457954.126867           14.194133       0.027907

2457954.193505           14.198392       0.027884

2457954.260143           14.202645       0.027865

2457954.326780           14.206895       0.027851

2457954.393418           14.211140       0.027842

2457954.460056           14.215381       0.027837

2457954.526694           14.219617       0.027838

2457954.593331           14.223849       0.027843

2457954.659969           14.228077       0.027854

2457954.726607           14.232300       0.027869

2457954.793245           14.236518       0.027890

2457954.859882           14.240732       0.027917

2457954.926520           14.244941       0.027949

2457954.993158           14.249146       0.027987

2457955.059796           14.253347       0.028030

2457955.126433           14.257543       0.028079

2457955.193071           14.261734       0.028134

2457955.259709           14.265921       0.028196

2457955.326347           14.270103       0.028263

2457955.392984           14.274281       0.028336

2457955.459622           14.278454       0.028416

2457955.526260           14.282623       0.028502

2457955.592897           14.286787       0.028594

2457955.659535           14.290947       0.028693

2457955.726173           14.295102       0.028798

2457955.792811           14.299253       0.028909

2457955.859448           14.303399       0.029027

2457955.926086           14.307541       0.029152

2457955.992724           14.311679       0.029283

2457956.059362           14.315812       0.029421

2457956.125999           14.319941       0.029566

2457956.192637           14.324066       0.029717

2457956.259275           14.328186       0.029874

2457956.325913           14.332302       0.030039

2457956.392550           14.336414       0.030210

2457956.459188           14.340522       0.030387

2457956.525826           14.344626       0.030571

2457956.592464           14.348725       0.030762

2457956.659101           14.352821       0.030959

2457956.725739           14.356913       0.031162

2457956.792377           14.361000       0.031372

2457956.859015           14.365084       0.031588

2457956.925652           14.369164       0.031810

2457956.992290           14.373239       0.032039

2457957.058928           14.377312       0.032273

2457957.125565           14.381380       0.032514

2457957.192203           14.385445       0.032760

2457957.258841           14.389506       0.033012

2457957.325479           14.393563       0.033270

2457957.392116           14.397617       0.033533

2457957.458754           14.401667       0.033802

2457957.525392           14.405714       0.034076

2457957.592030           14.409758       0.034356

2457957.658667           14.413798       0.034640

2457957.725305           14.417835       0.034929

2457957.791943           14.421868       0.035223

2457957.858581           14.425899       0.035522

2457957.925218           14.429926       0.035825

2457957.991856           14.433950       0.036133

2457958.058494           14.437971       0.036445

2457958.125132           14.441989       0.036761

2457958.191769           14.446004       0.037080

2457958.258407           14.450016       0.037404

2457958.325045           14.454026       0.037731

2457958.391682           14.458032       0.038061

2457958.458320           14.462036       0.038395

2457958.524958           14.466037       0.038732

2457958.591596           14.470035       0.039071

2457958.658233           14.474030       0.039413

2457958.724871           14.478023       0.039758

2457958.791509           14.482014       0.040105

2457958.858147           14.486002       0.040455

2457958.924784           14.489987       0.040806

2457958.991422           14.493970       0.041159

2457959.058060           14.497950       0.041514

2457959.124698           14.501929       0.041870

2457959.191335           14.505904       0.042227

2457959.257973           14.509878       0.042585

2457959.324611           14.513849       0.042945

2457959.391249           14.517818       0.043305

2457959.457886           14.521785       0.043665

2457959.524524           14.525750       0.044026

2457959.591162           14.529713       0.044387

2457959.657799           14.533674       0.044748

2457959.724437           14.537632       0.045109

2457959.791075           14.541589       0.045470

2457959.857713           14.545543       0.045830

2457959.924350           14.549496       0.046189

2457959.990988           14.553447       0.046548

2457960.057626           14.557396       0.046905

2457960.124264           14.561343       0.047262

2457960.190901           14.565288       0.047616

2457960.257539           14.569231       0.047970

2457960.324177           14.573173       0.048322

2457960.390815           14.577113       0.048671

2457960.457452           14.581051       0.049019

2457960.524090           14.584988       0.049365

2457960.590728           14.588922       0.049708

2457960.657366           14.592856       0.050049

2457960.724003           14.596787       0.050388

2457960.790641           14.600717       0.050723

2457960.857279           14.604646       0.051056

2457960.923917           14.608573       0.051386

2457960.990554           14.612498       0.051712

2457961.057192           14.616422       0.052035

2457961.123830           14.620345       0.052355

2457961.190467           14.624266       0.052671

2457961.257105           14.628185       0.052984

2457961.323743           14.632103       0.053293

2457961.390381           14.636020       0.053597

2457961.457018           14.639935       0.053898

2457961.523656           14.643849       0.054195

2457961.590294           14.647762       0.054487

2457961.656932           14.651673       0.054775

2457961.723569           14.655583       0.055059

2457961.790207           14.659492       0.055337

2457961.856845           14.663399       0.055612

2457961.923483           14.667305       0.055881

2457961.990120           14.671210       0.056145

2457962.056758           14.675114       0.056405

2457962.123396           14.679016       0.056659

2457962.190034           14.682917       0.056909

2457962.256671           14.686817       0.057153

2457962.323309           14.690715       0.057391

2457962.389947           14.694613       0.057625

2457962.456584           14.698509       0.057853

2457962.523222           14.702404       0.058075

2457962.589860           14.706298       0.058291

2457962.656498           14.710190       0.058502

2457962.723135           14.714082       0.058708

2457962.789773           14.717972       0.058907

2457962.856411           14.721861       0.059101

2457962.923049           14.725749       0.059288

2457962.989686           14.729635       0.059470

2457963.056324           14.733521       0.059646

2457963.122962           14.737405       0.059815

2457963.189600           14.741288       0.059979

2457963.256237           14.745170       0.060136

2457963.322875           14.749051       0.060287

2457963.389513           14.752931       0.060432

2457963.456151           14.756809       0.060571

2457963.522788           14.760687       0.060703

2457963.589426           14.764563       0.060830

2457963.656064           14.768437       0.060949

2457963.722702           14.772311       0.061063

2457963.789339           14.776183       0.061170

2457963.855977           14.780055       0.061271

2457963.922615           14.783925       0.061366

2457963.989252           14.787793       0.061454

2457964.055890           14.791661       0.061536

2457964.122528           14.795527       0.061611

2457964.189166           14.799392       0.061681

2457964.255803           14.803256       0.061744

2457964.322441           14.807118       0.061800

2457964.389079           14.810979       0.061850

2457964.455717           14.814839       0.061894

2457964.522354           14.818697       0.061932

2457964.588992           14.822554       0.061964

2457964.655630           14.826410       0.061989

2457964.722268           14.830264       0.062008

2457964.788905           14.834117       0.062021

2457964.855543           14.837969       0.062028

2457964.922181           14.841819       0.062029

2457964.988819           14.845667       0.062024

2457965.055456           14.849514       0.062012

2457965.122094           14.853360       0.061995

2457965.188732           14.857204       0.061972

2457965.255369           14.861046       0.061944

2457965.322007           14.864887       0.061909

2457965.388645           14.868726       0.061869

2457965.455283           14.872564       0.061823

2457965.521920           14.876400       0.061772

2457965.588558           14.880234       0.061715

2457965.655196           14.884066       0.061653

2457965.721834           14.887897       0.061586

2457965.788471           14.891726       0.061513

2457965.855109           14.895553       0.061435

2457965.921747           14.899379       0.061352

2457965.988385           14.903202       0.061264

2457966.055022           14.907024       0.061172

2457966.121660           14.910843       0.061074

2457966.188298           14.914661       0.060972

2457966.254936           14.918476       0.060865

2457966.321573           14.922290       0.060754

2457966.388211           14.926101       0.060638

2457966.454849           14.929910       0.060518

2457966.521486           14.933718       0.060394

2457966.588124           14.937522       0.060266

2457966.654762           14.941325       0.060134

2457966.721400           14.945125       0.059998

2457966.788037           14.948923       0.059859

2457966.854675           14.952719       0.059716

2457966.921313           14.956512       0.059569

2457966.987951           14.960303       0.059420

2457967.054588           14.964091       0.059267

2457967.121226           14.967876       0.059111

2457967.187864           14.971659       0.058952

2457967.254502           14.975439       0.058790

2457967.321139           14.979217       0.058626

2457967.387777           14.982991       0.058460

2457967.454415           14.986763       0.058291

2457967.521053           14.990532       0.058119

2457967.587690           14.994298       0.057946

2457967.654328           14.998061       0.057771

2457967.720966           15.001821       0.057594

2457967.787604           15.005578       0.057415

2457967.854241           15.009332       0.057235

2457967.920879           15.013082       0.057054

2457967.987517           15.016829       0.056872

2457968.054154           15.020573       0.056688

2457968.120792           15.024313       0.056504

2457968.187430           15.028050       0.056318

2457968.254068           15.031783       0.056133

2457968.320705           15.035513       0.055947

2457968.387343           15.039239       0.055760

2457968.453981           15.042961       0.055574

2457968.520619           15.046679       0.055387

2457968.587256           15.050394       0.055201

2457968.653894           15.054104       0.055015

2457968.720532           15.057811       0.054829

2457968.787170           15.061513       0.054644

2457968.853807           15.065211       0.054460

2457968.920445           15.068905       0.054276

2457968.987083           15.072595       0.054094

2457969.053721           15.076280       0.053912

2457969.120358           15.079960       0.053732

2457969.186996           15.083636       0.053553

2457969.253634           15.087308       0.053376

2457969.320271           15.090974       0.053200

2457969.386909           15.094636       0.053026

2457969.453547           15.098293       0.052854

2457969.520185           15.101945       0.052684

2457969.586822           15.105591       0.052516

2457969.653460           15.109233       0.052350

2457969.720098           15.112869       0.052187

2457969.786736           15.116500       0.052025

2457969.853373           15.120126       0.051866

2457969.920011           15.123746       0.051710

2457969.986649           15.127360       0.051556

2457970.053287           15.130968       0.051405

2457970.119924           15.134571       0.051256

2457970.186562           15.138168       0.051111

2457970.253200           15.141759       0.050968

2457970.319838           15.145343       0.050828

2457970.386475           15.148922       0.050690

2457970.453113           15.152494       0.050556

2457970.519751           15.156059       0.050425

2457970.586388           15.159618       0.050296

2457970.653026           15.163171       0.050171

2457970.719664           15.166716       0.050048

2457970.786302           15.170255       0.049929

2457970.852939           15.173787       0.049812

2457970.919577           15.177311       0.049699

2457970.986215           15.180829       0.049588

2457971.052853           15.184339       0.049481

2457971.119490           15.187842       0.049376

2457971.186128           15.191337       0.049274

2457971.252766           15.194824       0.049175

2457971.319404           15.198304       0.049079

2457971.386041           15.201775       0.048986

2457971.452679           15.205239       0.048895

2457971.519317           15.208695       0.048808

2457971.585955           15.212142       0.048723

2457971.652592           15.215581       0.048640

2457971.719230           15.219011       0.048560

2457971.785868           15.222433       0.048483

2457971.852506           15.225846       0.048408

2457971.919143           15.229250       0.048336

2457971.985781           15.232645       0.048266

2457972.052419           15.236031       0.048199

2457972.119056           15.239408       0.048134

2457972.185694           15.242775       0.048071

2457972.252332           15.246133       0.048011

2457972.318970           15.249481       0.047953

2457972.385607           15.252819       0.047897

2457972.452245           15.256147       0.047844

2457972.518883           15.259466       0.047793

2457972.585521           15.262774       0.047743

2457972.652158           15.266072       0.047696

2457972.718796           15.269360       0.047652

2457972.785434           15.272637       0.047609

2457972.852072           15.275903       0.047569

2457972.918709           15.279158       0.047531

2457972.985347           15.282403       0.047495

2457973.051985           15.285636       0.047461

2457973.118623           15.288859       0.047430

2457973.185260           15.292069       0.047401

2457973.251898           15.295269       0.047375

2457973.318536           15.298457       0.047351

2457973.385173           15.301633       0.047329

2457973.451811           15.304797       0.047311

2457973.518449           15.307949       0.047295

2457973.585087           15.311090       0.047281

2457973.651724           15.314218       0.047271

2457973.718362           15.317333       0.047264

2457973.785000           15.320436       0.047260

2457973.851638           15.323526       0.047259

2457973.918275           15.326604       0.047262

2457973.984913           15.329669       0.047268

2457974.051551           15.332720       0.047278

2457974.118189           15.335759       0.047293

2457974.184826           15.338784       0.047311

2457974.251464           15.341796       0.047334

2457974.318102           15.344794       0.047361

2457974.384740           15.347779       0.047394

2457974.451377           15.350750       0.047431

2457974.518015           15.353707       0.047474

2457974.584653           15.356650       0.047522

2457974.651290           15.359579       0.047577

2457974.717928           15.362493       0.047637

2457974.784566           15.365393       0.047704

2457974.851204           15.368278       0.047777

2457974.917841           15.371149       0.047858

2457974.984479           15.374005       0.047946

2457975.051117           15.376847       0.048041

2457975.117755           15.379673       0.048145

2457975.184392           15.382484       0.048257

2457975.251030           15.385280       0.048378

2457975.317668           15.388060       0.048507

2457975.384306           15.390825       0.048646

2457975.450943           15.393574       0.048795

2457975.517581           15.396308       0.048954

2457975.584219           15.399026       0.049123

2457975.650857           15.401728       0.049303

2457975.717494           15.404413       0.049494

2457975.784132           15.407083       0.049696

2457975.850770           15.409737       0.049911

2457975.917408           15.412374       0.050137

2457975.984045           15.414994       0.050376

2457976.050683           15.417598       0.050628

2457976.117321           15.420186       0.050894

2457976.183958           15.422756       0.051172

2457976.250596           15.425310       0.051465

2457976.317234           15.427847       0.051772

2457976.383872           15.430367       0.052093

2457976.450509           15.432869       0.052429

2457976.517147           15.435354       0.052780

2457976.583785           15.437822       0.053146

2457976.650423           15.440273       0.053528

2457976.717060           15.442706       0.053926

2457976.783698           15.445121       0.054340

2457976.850336           15.447519       0.054770

2457976.916974           15.449899       0.055216

2457976.983611           15.452261       0.055679

2457977.050249           15.454605       0.056159

2457977.116887           15.456931       0.056656

2457977.183525           15.459239       0.057170

2457977.250162           15.461529       0.057701

2457977.316800           15.463801       0.058250

