This file contains the LC params of SN2012dn in filter-B

#-----------------------------#

#-----------------------------#
Jd at maximum in B band is: 2456133.540505 +/- 0.441771
Magnitude at maximum in B band is: 14.354004 +/- 0.024666
#-----------------------------#
#-----------------------------#
JD after 15-days from B band maximum is: 2456148.540505
Magnitude after 15-days from B band maximum is: 15.358784 +/- 0.043098
Estimated value of dm15 is: 1.004779 +/- 0.049658
Secondary maximum is not applicable for this band
The magnitudes are not k-corrected
Interpolated Light Curve through GP

#-----------------------------#

  JD                 MAG           MERR

2456113.631300           15.991489       0.162516

2456113.669078           15.988683       0.161800

2456113.706857           15.985866       0.161085

2456113.744635           15.983038       0.160370

2456113.782414           15.980200       0.159657

2456113.820192           15.977350       0.158944

2456113.857970           15.974490       0.158231

2456113.895749           15.971619       0.157520

2456113.933527           15.968737       0.156809

2456113.971305           15.965844       0.156099

2456114.009084           15.962941       0.155390

2456114.046862           15.960026       0.154681

2456114.084641           15.957101       0.153973

2456114.122419           15.954165       0.153266

2456114.160197           15.951218       0.152560

2456114.197976           15.948261       0.151855

2456114.235754           15.945292       0.151150

2456114.273532           15.942313       0.150447

2456114.311311           15.939323       0.149744

2456114.349089           15.936323       0.149042

2456114.386868           15.933311       0.148340

2456114.424646           15.930289       0.147640

2456114.462424           15.927257       0.146941

2456114.500203           15.924213       0.146242

2456114.537981           15.921159       0.145544

2456114.575759           15.918094       0.144848

2456114.613538           15.915019       0.144152

2456114.651316           15.911933       0.143457

2456114.689095           15.908836       0.142763

2456114.726873           15.905729       0.142070

2456114.764651           15.902611       0.141378

2456114.802430           15.899483       0.140687

2456114.840208           15.896344       0.139997

2456114.877986           15.893194       0.139307

2456114.915765           15.890034       0.138619

2456114.953543           15.886863       0.137932

2456114.991322           15.883682       0.137246

2456115.029100           15.880490       0.136561

2456115.066878           15.877288       0.135877

2456115.104657           15.874076       0.135194

2456115.142435           15.870853       0.134512

2456115.180214           15.867619       0.133831

2456115.217992           15.864376       0.133151

2456115.255770           15.861121       0.132472

2456115.293549           15.857857       0.131795

2456115.331327           15.854582       0.131118

2456115.369105           15.851297       0.130443

2456115.406884           15.848001       0.129768

2456115.444662           15.844695       0.129095

2456115.482441           15.841379       0.128423

2456115.520219           15.838053       0.127753

2456115.557997           15.834716       0.127083

2456115.595776           15.831369       0.126414

2456115.633554           15.828012       0.125747

2456115.671332           15.824645       0.125081

2456115.709111           15.821268       0.124416

2456115.746889           15.817880       0.123753

2456115.784668           15.814483       0.123090

2456115.822446           15.811075       0.122429

2456115.860224           15.807658       0.121770

2456115.898003           15.804230       0.121111

2456115.935781           15.800793       0.120454

2456115.973559           15.797345       0.119798

2456116.011338           15.793887       0.119143

2456116.049116           15.790420       0.118490

2456116.086895           15.786943       0.117838

2456116.124673           15.783455       0.117187

2456116.162451           15.779958       0.116538

2456116.200230           15.776451       0.115890

2456116.238008           15.772935       0.115243

2456116.275786           15.769408       0.114598

2456116.313565           15.765872       0.113954

2456116.351343           15.762326       0.113312

2456116.389122           15.758771       0.112671

2456116.426900           15.755206       0.112031

2456116.464678           15.751631       0.111393

2456116.502457           15.748046       0.110757

2456116.540235           15.744452       0.110121

2456116.578014           15.740849       0.109488

2456116.615792           15.737236       0.108856

2456116.653570           15.733614       0.108225

2456116.691349           15.729982       0.107596

2456116.729127           15.726341       0.106968

2456116.766905           15.722690       0.106342

2456116.804684           15.719030       0.105717

2456116.842462           15.715361       0.105094

2456116.880241           15.711682       0.104473

2456116.918019           15.707995       0.103853

2456116.955797           15.704298       0.103235

2456116.993576           15.700592       0.102618

2456117.031354           15.696877       0.102003

2456117.069132           15.693152       0.101390

2456117.106911           15.689419       0.100778

2456117.144689           15.685677       0.100168

2456117.182468           15.681926       0.099560

2456117.220246           15.678166       0.098953

2456117.258024           15.674397       0.098348

2456117.295803           15.670619       0.097745

2456117.333581           15.666832       0.097143

2456117.371359           15.663036       0.096543

2456117.409138           15.659232       0.095945

2456117.446916           15.655419       0.095349

2456117.484695           15.651598       0.094754

2456117.522473           15.647768       0.094162

2456117.560251           15.643929       0.093571

2456117.598030           15.640082       0.092982

2456117.635808           15.636226       0.092394

2456117.673586           15.632362       0.091809

2456117.711365           15.628490       0.091225

2456117.749143           15.624609       0.090643

2456117.786922           15.620720       0.090063

2456117.824700           15.616822       0.089485

2456117.862478           15.612917       0.088909

2456117.900257           15.609003       0.088335

2456117.938035           15.605081       0.087763

2456117.975814           15.601151       0.087192

2456118.013592           15.597213       0.086624

2456118.051370           15.593267       0.086057

2456118.089149           15.589313       0.085493

2456118.126927           15.585352       0.084930

2456118.164705           15.581382       0.084370

2456118.202484           15.577405       0.083811

2456118.240262           15.573420       0.083255

2456118.278041           15.569428       0.082700

2456118.315819           15.565427       0.082148

2456118.353597           15.561420       0.081598

2456118.391376           15.557405       0.081049

2456118.429154           15.553382       0.080503

2456118.466932           15.549352       0.079959

2456118.504711           15.545314       0.079417

2456118.542489           15.541270       0.078878

2456118.580268           15.537218       0.078340

2456118.618046           15.533159       0.077804

2456118.655824           15.529093       0.077271

2456118.693603           15.525020       0.076740

2456118.731381           15.520939       0.076211

2456118.769159           15.516852       0.075684

2456118.806938           15.512758       0.075160

2456118.844716           15.508658       0.074637

2456118.882495           15.504550       0.074117

2456118.920273           15.500436       0.073600

2456118.958051           15.496315       0.073084

2456118.995830           15.492188       0.072571

2456119.033608           15.488054       0.072060

2456119.071386           15.483914       0.071551

2456119.109165           15.479767       0.071045

2456119.146943           15.475614       0.070541

2456119.184722           15.471455       0.070040

2456119.222500           15.467290       0.069540

2456119.260278           15.463118       0.069044

2456119.298057           15.458941       0.068549

2456119.335835           15.454757       0.068057

2456119.373614           15.450568       0.067568

2456119.411392           15.446373       0.067080

2456119.449170           15.442172       0.066596

2456119.486949           15.437965       0.066113

2456119.524727           15.433753       0.065634

2456119.562505           15.429535       0.065156

2456119.600284           15.425312       0.064681

2456119.638062           15.421084       0.064209

2456119.675841           15.416850       0.063739

2456119.713619           15.412611       0.063272

2456119.751397           15.408366       0.062807

2456119.789176           15.404117       0.062345

2456119.826954           15.399863       0.061886

2456119.864732           15.395603       0.061429

2456119.902511           15.391339       0.060974

2456119.940289           15.387070       0.060522

2456119.978068           15.382797       0.060073

2456120.015846           15.378518       0.059627

2456120.053624           15.374236       0.059183

2456120.091403           15.369948       0.058742

2456120.129181           15.365657       0.058303

2456120.166959           15.361361       0.057867

2456120.204738           15.357061       0.057434

2456120.242516           15.352757       0.057004

2456120.280295           15.348448       0.056576

2456120.318073           15.344136       0.056151

2456120.355851           15.339820       0.055729

2456120.393630           15.335500       0.055309

2456120.431408           15.331177       0.054893

2456120.469186           15.326850       0.054479

2456120.506965           15.322519       0.054068

2456120.544743           15.318185       0.053659

2456120.582522           15.313848       0.053254

2456120.620300           15.309507       0.052851

2456120.658078           15.305164       0.052451

2456120.695857           15.300817       0.052054

2456120.733635           15.296467       0.051660

2456120.771414           15.292115       0.051268

2456120.809192           15.287759       0.050880

2456120.846970           15.283401       0.050494

2456120.884749           15.279041       0.050112

2456120.922527           15.274678       0.049732

2456120.960305           15.270312       0.049355

2456120.998084           15.265945       0.048981

2456121.035862           15.261575       0.048610

2456121.073641           15.257203       0.048242

2456121.111419           15.252829       0.047877

2456121.149197           15.248454       0.047515

2456121.186976           15.244076       0.047156

2456121.224754           15.239697       0.046799

2456121.262532           15.235317       0.046446

2456121.300311           15.230934       0.046096

2456121.338089           15.226551       0.045749

2456121.375868           15.222166       0.045404

2456121.413646           15.217781       0.045063

2456121.451424           15.213394       0.044725

2456121.489203           15.209006       0.044390

2456121.526981           15.204618       0.044058

2456121.564759           15.200229       0.043728

2456121.602538           15.195839       0.043402

2456121.640316           15.191449       0.043079

2456121.678095           15.187059       0.042759

2456121.715873           15.182668       0.042442

2456121.753651           15.178277       0.042128

2456121.791430           15.173887       0.041817

2456121.829208           15.169496       0.041509

2456121.866986           15.165106       0.041205

2456121.904765           15.160716       0.040903

2456121.942543           15.156327       0.040604

2456121.980322           15.151938       0.040309

2456122.018100           15.147550       0.040016

2456122.055878           15.143163       0.039727

2456122.093657           15.138777       0.039440

2456122.131435           15.134392       0.039157

2456122.169214           15.130008       0.038876

2456122.206992           15.125625       0.038599

2456122.244770           15.121245       0.038325

2456122.282549           15.116865       0.038054

2456122.320327           15.112488       0.037786

2456122.358105           15.108112       0.037521

2456122.395884           15.103738       0.037259

2456122.433662           15.099367       0.037000

2456122.471441           15.094998       0.036744

2456122.509219           15.090631       0.036492

2456122.546997           15.086266       0.036242

2456122.584776           15.081905       0.035995

2456122.622554           15.077546       0.035751

2456122.660332           15.073190       0.035511

2456122.698111           15.068837       0.035273

2456122.735889           15.064487       0.035039

2456122.773668           15.060141       0.034807

2456122.811446           15.055798       0.034578

2456122.849224           15.051458       0.034353

2456122.887003           15.047123       0.034130

2456122.924781           15.042791       0.033910

2456122.962559           15.038463       0.033694

2456123.000338           15.034139       0.033480

2456123.038116           15.029820       0.033269

2456123.075895           15.025505       0.033061

2456123.113673           15.021194       0.032856

2456123.151451           15.016889       0.032654

2456123.189230           15.012588       0.032455

2456123.227008           15.008291       0.032259

2456123.264786           15.004000       0.032066

2456123.302565           14.999715       0.031875

2456123.340343           14.995434       0.031687

2456123.378122           14.991159       0.031503

2456123.415900           14.986890       0.031321

2456123.453678           14.982626       0.031142

2456123.491457           14.978369       0.030965

2456123.529235           14.974117       0.030792

2456123.567014           14.969872       0.030621

2456123.604792           14.965632       0.030453

2456123.642570           14.961400       0.030288

2456123.680349           14.957174       0.030125

2456123.718127           14.952954       0.029965

2456123.755905           14.948742       0.029808

2456123.793684           14.944536       0.029654

2456123.831462           14.940338       0.029502

2456123.869241           14.936146       0.029353

2456123.907019           14.931963       0.029206

2456123.944797           14.927786       0.029062

2456123.982576           14.923618       0.028921

2456124.020354           14.919457       0.028782

2456124.058132           14.915304       0.028646

2456124.095911           14.911160       0.028512

2456124.133689           14.907023       0.028381

2456124.171468           14.902895       0.028252

2456124.209246           14.898775       0.028126

2456124.247024           14.894664       0.028002

2456124.284803           14.890562       0.027881

2456124.322581           14.886468       0.027762

2456124.360359           14.882384       0.027645

2456124.398138           14.878309       0.027531

2456124.435916           14.874243       0.027419

2456124.473695           14.870186       0.027309

2456124.511473           14.866139       0.027202

2456124.549251           14.862102       0.027097

2456124.587030           14.858074       0.026994

2456124.624808           14.854057       0.026893

2456124.662586           14.850049       0.026795

2456124.700365           14.846052       0.026699

2456124.738143           14.842065       0.026605

2456124.775922           14.838088       0.026513

2456124.813700           14.834122       0.026423

2456124.851478           14.830167       0.026335

2456124.889257           14.826222       0.026250

2456124.927035           14.822288       0.026166

2456124.964814           14.818366       0.026084

2456125.002592           14.814455       0.026005

2456125.040370           14.810555       0.025927

2456125.078149           14.806666       0.025851

2456125.115927           14.802789       0.025777

2456125.153705           14.798924       0.025705

2456125.191484           14.795070       0.025635

2456125.229262           14.791229       0.025567

2456125.267041           14.787399       0.025500

2456125.304819           14.783582       0.025436

2456125.342597           14.779777       0.025373

2456125.380376           14.775984       0.025311

2456125.418154           14.772204       0.025252

2456125.455932           14.768437       0.025194

2456125.493711           14.764682       0.025138

2456125.531489           14.760940       0.025083

2456125.569268           14.757211       0.025030

2456125.607046           14.753495       0.024979

2456125.644824           14.749792       0.024929

2456125.682603           14.746103       0.024881

2456125.720381           14.742426       0.024834

2456125.758159           14.738764       0.024789

2456125.795938           14.735115       0.024745

2456125.833716           14.731480       0.024702

2456125.871495           14.727858       0.024661

2456125.909273           14.724251       0.024621

2456125.947051           14.720657       0.024583

2456125.984830           14.717078       0.024546

2456126.022608           14.713513       0.024510

2456126.060386           14.709962       0.024476

2456126.098165           14.706426       0.024443

2456126.135943           14.702904       0.024411

2456126.173722           14.699397       0.024380

2456126.211500           14.695904       0.024351

2456126.249278           14.692426       0.024322

2456126.287057           14.688964       0.024295

2456126.324835           14.685516       0.024269

2456126.362614           14.682083       0.024244

2456126.400392           14.678666       0.024220

2456126.438170           14.675263       0.024197

2456126.475949           14.671876       0.024175

2456126.513727           14.668505       0.024154

2456126.551505           14.665149       0.024134

2456126.589284           14.661809       0.024115

2456126.627062           14.658484       0.024097

2456126.664841           14.655176       0.024080

2456126.702619           14.651883       0.024064

2456126.740397           14.648606       0.024048

2456126.778176           14.645345       0.024034

2456126.815954           14.642100       0.024020

2456126.853732           14.638871       0.024007

2456126.891511           14.635659       0.023995

2456126.929289           14.632463       0.023984

2456126.967068           14.629283       0.023974

2456127.004846           14.626120       0.023964

2456127.042624           14.622974       0.023955

2456127.080403           14.619844       0.023946

2456127.118181           14.616731       0.023939

2456127.155959           14.613634       0.023932

2456127.193738           14.610555       0.023925

2456127.231516           14.607492       0.023920

2456127.269295           14.604446       0.023914

2456127.307073           14.601418       0.023910

2456127.344851           14.598406       0.023906

2456127.382630           14.595412       0.023903

2456127.420408           14.592435       0.023900

2456127.458186           14.589475       0.023897

2456127.495965           14.586533       0.023896

2456127.533743           14.583607       0.023894

2456127.571522           14.580700       0.023893

2456127.609300           14.577810       0.023893

2456127.647078           14.574937       0.023893

2456127.684857           14.572082       0.023894

2456127.722635           14.569245       0.023895

2456127.760414           14.566426       0.023896

2456127.798192           14.563624       0.023898

2456127.835970           14.560840       0.023900

2456127.873749           14.558074       0.023902

2456127.911527           14.555326       0.023905

2456127.949305           14.552596       0.023908

2456127.987084           14.549884       0.023911

2456128.024862           14.547190       0.023915

2456128.062641           14.544515       0.023919

2456128.100419           14.541857       0.023924

2456128.138197           14.539217       0.023928

2456128.175976           14.536596       0.023933

2456128.213754           14.533993       0.023938

2456128.251532           14.531409       0.023943

2456128.289311           14.528842       0.023949

2456128.327089           14.526294       0.023955

2456128.364868           14.523765       0.023961

2456128.402646           14.521254       0.023967

2456128.440424           14.518761       0.023973

2456128.478203           14.516287       0.023980

2456128.515981           14.513832       0.023986

2456128.553759           14.511395       0.023993

2456128.591538           14.508977       0.024000

2456128.629316           14.506577       0.024007

2456128.667095           14.504196       0.024014

2456128.704873           14.501834       0.024021

2456128.742651           14.499491       0.024029

2456128.780430           14.497166       0.024036

2456128.818208           14.494860       0.024044

2456128.855986           14.492573       0.024052

2456128.893765           14.490304       0.024059

2456128.931543           14.488055       0.024067

2456128.969322           14.485824       0.024075

2456129.007100           14.483612       0.024083

2456129.044878           14.481420       0.024091

2456129.082657           14.479246       0.024099

2456129.120435           14.477090       0.024106

2456129.158214           14.474954       0.024114

2456129.195992           14.472837       0.024122

2456129.233770           14.470739       0.024130

2456129.271549           14.468660       0.024138

2456129.309327           14.466600       0.024146

2456129.347105           14.464558       0.024154

2456129.384884           14.462536       0.024162

2456129.422662           14.460533       0.024170

2456129.460441           14.458549       0.024178

2456129.498219           14.456584       0.024185

2456129.535997           14.454638       0.024193

2456129.573776           14.452711       0.024201

2456129.611554           14.450803       0.024209

2456129.649332           14.448914       0.024216

2456129.687111           14.447044       0.024224

2456129.724889           14.445193       0.024231

2456129.762668           14.443361       0.024238

2456129.800446           14.441549       0.024246

2456129.838224           14.439755       0.024253

2456129.876003           14.437981       0.024260

2456129.913781           14.436225       0.024267

2456129.951559           14.434489       0.024274

2456129.989338           14.432771       0.024280

2456130.027116           14.431073       0.024287

2456130.064895           14.429394       0.024294

2456130.102673           14.427734       0.024300

2456130.140451           14.426092       0.024306

2456130.178230           14.424470       0.024313

2456130.216008           14.422867       0.024319

2456130.253786           14.421283       0.024325

2456130.291565           14.419718       0.024331

2456130.329343           14.418172       0.024336

2456130.367122           14.416644       0.024342

2456130.404900           14.415136       0.024347

2456130.442678           14.413647       0.024353

2456130.480457           14.412177       0.024358

2456130.518235           14.410725       0.024363

2456130.556014           14.409293       0.024368

2456130.593792           14.407880       0.024373

2456130.631570           14.406485       0.024378

2456130.669349           14.405109       0.024382

2456130.707127           14.403752       0.024387

2456130.744905           14.402414       0.024391

2456130.782684           14.401095       0.024395

2456130.820462           14.399795       0.024400

2456130.858241           14.398513       0.024404

2456130.896019           14.397250       0.024408

2456130.933797           14.396006       0.024411

2456130.971576           14.394781       0.024415

2456131.009354           14.393575       0.024418

2456131.047132           14.392387       0.024422

2456131.084911           14.391217       0.024425

2456131.122689           14.390067       0.024428

2456131.160468           14.388935       0.024432

2456131.198246           14.387822       0.024435

2456131.236024           14.386727       0.024438

2456131.273803           14.385651       0.024440

2456131.311581           14.384593       0.024443

2456131.349359           14.383554       0.024446

2456131.387138           14.382534       0.024448

2456131.424916           14.381532       0.024451

2456131.462695           14.380548       0.024453

2456131.500473           14.379583       0.024456

2456131.538251           14.378636       0.024458

2456131.576030           14.377708       0.024460

2456131.613808           14.376798       0.024463

2456131.651586           14.375906       0.024465

2456131.689365           14.375032       0.024467

2456131.727143           14.374177       0.024469

2456131.764922           14.373340       0.024471

2456131.802700           14.372521       0.024473

2456131.840478           14.371721       0.024475

2456131.878257           14.370938       0.024477

2456131.916035           14.370174       0.024479

2456131.953814           14.369428       0.024481

2456131.991592           14.368699       0.024483

2456132.029370           14.367989       0.024485

2456132.067149           14.367297       0.024488

2456132.104927           14.366623       0.024490

2456132.142705           14.365967       0.024492

2456132.180484           14.365328       0.024494

2456132.218262           14.364708       0.024496

2456132.256041           14.364105       0.024499

2456132.293819           14.363521       0.024501

2456132.331597           14.362954       0.024503

2456132.369376           14.362404       0.024506

2456132.407154           14.361873       0.024509

2456132.444932           14.361359       0.024511

2456132.482711           14.360863       0.024514

2456132.520489           14.360384       0.024517

2456132.558268           14.359924       0.024520

2456132.596046           14.359480       0.024523

2456132.633824           14.359054       0.024527

2456132.671603           14.358646       0.024530

2456132.709381           14.358255       0.024534

2456132.747159           14.357882       0.024538

2456132.784938           14.357525       0.024541

2456132.822716           14.357187       0.024546

2456132.860495           14.356865       0.024550

2456132.898273           14.356561       0.024554

2456132.936051           14.356274       0.024559

2456132.973830           14.356005       0.024564

2456133.011608           14.355752       0.024569

2456133.049386           14.355517       0.024574

2456133.087165           14.355299       0.024580

2456133.124943           14.355098       0.024585

2456133.162722           14.354914       0.024591

2456133.200500           14.354747       0.024598

2456133.238278           14.354597       0.024604

2456133.276057           14.354464       0.024611

2456133.313835           14.354348       0.024618

2456133.351614           14.354248       0.024625

2456133.389392           14.354166       0.024633

2456133.427170           14.354101       0.024641

2456133.464949           14.354052       0.024649

2456133.502727           14.354020       0.024657

2456133.540505           14.354004       0.024666

2456133.578284           14.354006       0.024675

2456133.616062           14.354024       0.024684

2456133.653841           14.354059       0.024694

2456133.691619           14.354110       0.024704

2456133.729397           14.354178       0.024714

2456133.767176           14.354262       0.024725

2456133.804954           14.354363       0.024736

2456133.842732           14.354480       0.024747

2456133.880511           14.354613       0.024759

2456133.918289           14.354763       0.024771

2456133.956068           14.354930       0.024783

2456133.993846           14.355113       0.024796

2456134.031624           14.355311       0.024809

2456134.069403           14.355527       0.024822

2456134.107181           14.355758       0.024836

2456134.144959           14.356006       0.024850

2456134.182738           14.356269       0.024865

2456134.220516           14.356549       0.024880

2456134.258295           14.356845       0.024896

2456134.296073           14.357157       0.024911

2456134.333851           14.357485       0.024927

2456134.371630           14.357829       0.024944

2456134.409408           14.358189       0.024961

2456134.447186           14.358565       0.024978

2456134.484965           14.358957       0.024996

2456134.522743           14.359364       0.025014

2456134.560522           14.359788       0.025033

2456134.598300           14.360227       0.025052

2456134.636078           14.360682       0.025072

2456134.673857           14.361153       0.025091

2456134.711635           14.361639       0.025112

2456134.749414           14.362141       0.025132

2456134.787192           14.362659       0.025154

2456134.824970           14.363192       0.025175

2456134.862749           14.363741       0.025197

2456134.900527           14.364306       0.025220

2456134.938305           14.364886       0.025242

2456134.976084           14.365481       0.025266

2456135.013862           14.366092       0.025289

2456135.051641           14.366718       0.025314

2456135.089419           14.367360       0.025338

2456135.127197           14.368017       0.025363

2456135.164976           14.368690       0.025388

2456135.202754           14.369377       0.025414

2456135.240532           14.370081       0.025440

2456135.278311           14.370799       0.025467

2456135.316089           14.371532       0.025494

2456135.353868           14.372281       0.025522

2456135.391646           14.373045       0.025550

2456135.429424           14.373824       0.025578

2456135.467203           14.374618       0.025607

2456135.504981           14.375427       0.025636

2456135.542759           14.376251       0.025665

2456135.580538           14.377091       0.025695

2456135.618316           14.377945       0.025726

2456135.656095           14.378814       0.025757

2456135.693873           14.379698       0.025788

2456135.731651           14.380597       0.025819

2456135.769430           14.381511       0.025851

2456135.807208           14.382440       0.025884

2456135.844986           14.383384       0.025917

2456135.882765           14.384342       0.025950

2456135.920543           14.385316       0.025983

2456135.958322           14.386304       0.026017

2456135.996100           14.387307       0.026052

2456136.033878           14.388324       0.026086

2456136.071657           14.389356       0.026121

2456136.109435           14.390403       0.026157

2456136.147214           14.391465       0.026193

2456136.184992           14.392541       0.026229

2456136.222770           14.393631       0.026265

2456136.260549           14.394737       0.026302

2456136.298327           14.395856       0.026339

2456136.336105           14.396991       0.026377

2456136.373884           14.398139       0.026415

2456136.411662           14.399303       0.026453

2456136.449441           14.400480       0.026492

2456136.487219           14.401672       0.026531

2456136.524997           14.402879       0.026570

2456136.562776           14.404100       0.026610

2456136.600554           14.405335       0.026650

2456136.638332           14.406584       0.026690

2456136.676111           14.407848       0.026730

2456136.713889           14.409126       0.026771

2456136.751668           14.410419       0.026812

2456136.789446           14.411725       0.026854

2456136.827224           14.413046       0.026896

2456136.865003           14.414381       0.026938

2456136.902781           14.415730       0.026980

2456136.940559           14.417093       0.027023

2456136.978338           14.418470       0.027066

2456137.016116           14.419861       0.027109

2456137.053895           14.421267       0.027152

2456137.091673           14.422686       0.027196

2456137.129451           14.424120       0.027240

2456137.167230           14.425567       0.027284

2456137.205008           14.427029       0.027329

2456137.242786           14.428504       0.027374

2456137.280565           14.429993       0.027419

2456137.318343           14.431496       0.027464

2456137.356122           14.433013       0.027510

2456137.393900           14.434544       0.027556

2456137.431678           14.436089       0.027602

2456137.469457           14.437648       0.027648

2456137.507235           14.439220       0.027695

2456137.545014           14.440806       0.027741

2456137.582792           14.442406       0.027788

2456137.620570           14.444019       0.027835

2456137.658349           14.445647       0.027883

2456137.696127           14.447287       0.027930

2456137.733905           14.448942       0.027978

2456137.771684           14.450610       0.028026

2456137.809462           14.452292       0.028075

2456137.847241           14.453987       0.028123

2456137.885019           14.455696       0.028172

2456137.922797           14.457419       0.028220

2456137.960576           14.459155       0.028269

2456137.998354           14.460904       0.028319

2456138.036132           14.462667       0.028368

2456138.073911           14.464444       0.028418

2456138.111689           14.466233       0.028467

2456138.149468           14.468037       0.028517

2456138.187246           14.469853       0.028567

2456138.225024           14.471683       0.028617

2456138.262803           14.473527       0.028668

2456138.300581           14.475383       0.028718

2456138.338359           14.477253       0.028769

2456138.376138           14.479136       0.028820

2456138.413916           14.481033       0.028871

2456138.451695           14.482942       0.028922

2456138.489473           14.484865       0.028973

2456138.527251           14.486801       0.029024

2456138.565030           14.488751       0.029076

2456138.602808           14.490713       0.029127

2456138.640586           14.492688       0.029179

2456138.678365           14.494677       0.029231

2456138.716143           14.496679       0.029283

2456138.753922           14.498693       0.029335

2456138.791700           14.500721       0.029387

2456138.829478           14.502762       0.029439

2456138.867257           14.504815       0.029491

2456138.905035           14.506882       0.029543

2456138.942814           14.508961       0.029596

2456138.980592           14.511054       0.029648

2456139.018370           14.513159       0.029701

2456139.056149           14.515277       0.029754

2456139.093927           14.517408       0.029806

2456139.131705           14.519552       0.029859

2456139.169484           14.521709       0.029912

2456139.207262           14.523878       0.029965

2456139.245041           14.526061       0.030017

2456139.282819           14.528255       0.030070

2456139.320597           14.530463       0.030123

2456139.358376           14.532683       0.030176

2456139.396154           14.534916       0.030229

2456139.433932           14.537162       0.030282

2456139.471711           14.539420       0.030335

2456139.509489           14.541690       0.030388

2456139.547268           14.543974       0.030441

2456139.585046           14.546269       0.030494

2456139.622824           14.548578       0.030547

2456139.660603           14.550899       0.030600

2456139.698381           14.553232       0.030653

2456139.736159           14.555577       0.030705

2456139.773938           14.557935       0.030758

2456139.811716           14.560306       0.030811

2456139.849495           14.562689       0.030864

2456139.887273           14.565084       0.030917

2456139.925051           14.567491       0.030969

2456139.962830           14.569911       0.031022

2456140.000608           14.572343       0.031074

2456140.038386           14.574787       0.031127

2456140.076165           14.577243       0.031179

2456140.113943           14.579712       0.031232

2456140.151722           14.582193       0.031284

2456140.189500           14.584685       0.031336

2456140.227278           14.587190       0.031388

2456140.265057           14.589707       0.031440

2456140.302835           14.592236       0.031492

2456140.340614           14.594777       0.031544

2456140.378392           14.597331       0.031595

2456140.416170           14.599896       0.031647

2456140.453949           14.602472       0.031698

2456140.491727           14.605061       0.031750

2456140.529505           14.607662       0.031801

2456140.567284           14.610275       0.031852

2456140.605062           14.612899       0.031903

2456140.642841           14.615535       0.031954

2456140.680619           14.618183       0.032004

2456140.718397           14.620843       0.032055

2456140.756176           14.623514       0.032105

2456140.793954           14.626197       0.032156

2456140.831732           14.628892       0.032206

2456140.869511           14.631598       0.032256

2456140.907289           14.634316       0.032306

2456140.945068           14.637046       0.032355

2456140.982846           14.639787       0.032405

2456141.020624           14.642539       0.032454

2456141.058403           14.645303       0.032504

2456141.096181           14.648079       0.032553

2456141.133959           14.650866       0.032602

2456141.171738           14.653664       0.032650

2456141.209516           14.656474       0.032699

2456141.247295           14.659295       0.032747

2456141.285073           14.662127       0.032796

2456141.322851           14.664970       0.032844

2456141.360630           14.667825       0.032892

2456141.398408           14.670691       0.032939

2456141.436186           14.673568       0.032987

2456141.473965           14.676456       0.033034

2456141.511743           14.679355       0.033082

2456141.549522           14.682265       0.033129

2456141.587300           14.685187       0.033176

2456141.625078           14.688119       0.033222

2456141.662857           14.691062       0.033269

2456141.700635           14.694017       0.033315

2456141.738414           14.696982       0.033362

2456141.776192           14.699958       0.033408

2456141.813970           14.702944       0.033454

2456141.851749           14.705942       0.033499

2456141.889527           14.708950       0.033545

2456141.927305           14.711969       0.033590

2456141.965084           14.714999       0.033636

2456142.002862           14.718039       0.033681

2456142.040641           14.721090       0.033726

2456142.078419           14.724152       0.033770

2456142.116197           14.727224       0.033815

2456142.153976           14.730306       0.033859

2456142.191754           14.733399       0.033904

2456142.229532           14.736503       0.033948

2456142.267311           14.739617       0.033992

2456142.305089           14.742741       0.034036

2456142.342868           14.745875       0.034079

2456142.380646           14.749020       0.034123

2456142.418424           14.752175       0.034167

2456142.456203           14.755340       0.034210

2456142.493981           14.758515       0.034253

2456142.531759           14.761701       0.034296

2456142.569538           14.764896       0.034339

2456142.607316           14.768102       0.034382

2456142.645095           14.771317       0.034424

2456142.682873           14.774542       0.034467

2456142.720651           14.777778       0.034509

2456142.758430           14.781023       0.034552

2456142.796208           14.784278       0.034594

2456142.833986           14.787542       0.034636

2456142.871765           14.790817       0.034678

2456142.909543           14.794101       0.034720

2456142.947322           14.797395       0.034762

2456142.985100           14.800698       0.034804

2456143.022878           14.804011       0.034845

2456143.060657           14.807334       0.034887

2456143.098435           14.810665       0.034928

2456143.136214           14.814007       0.034970

2456143.173992           14.817357       0.035011

2456143.211770           14.820717       0.035053

2456143.249549           14.824087       0.035094

2456143.287327           14.827465       0.035135

2456143.325105           14.830853       0.035176

2456143.362884           14.834250       0.035217

2456143.400662           14.837656       0.035259

2456143.438441           14.841071       0.035300

2456143.476219           14.844495       0.035341

2456143.513997           14.847927       0.035382

2456143.551776           14.851369       0.035423

2456143.589554           14.854820       0.035464

2456143.627332           14.858279       0.035505

2456143.665111           14.861747       0.035546

2456143.702889           14.865224       0.035587

2456143.740668           14.868709       0.035628

2456143.778446           14.872203       0.035669

2456143.816224           14.875706       0.035710

2456143.854003           14.879217       0.035751

2456143.891781           14.882736       0.035792

2456143.929559           14.886264       0.035833

2456143.967338           14.889800       0.035874

2456144.005116           14.893345       0.035915

2456144.042895           14.896897       0.035957

2456144.080673           14.900458       0.035998

2456144.118451           14.904027       0.036039

2456144.156230           14.907604       0.036081

2456144.194008           14.911188       0.036122

2456144.231786           14.914781       0.036164

2456144.269565           14.918382       0.036205

2456144.307343           14.921990       0.036247

2456144.345122           14.925606       0.036289

2456144.382900           14.929230       0.036331

2456144.420678           14.932861       0.036373

2456144.458457           14.936500       0.036415

2456144.496235           14.940147       0.036457

2456144.534014           14.943801       0.036499

2456144.571792           14.947462       0.036542

2456144.609570           14.951131       0.036584

2456144.647349           14.954807       0.036627

2456144.685127           14.958490       0.036670

2456144.722905           14.962180       0.036713

2456144.760684           14.965877       0.036756

2456144.798462           14.969581       0.036799

2456144.836241           14.973292       0.036843

2456144.874019           14.977010       0.036886

2456144.911797           14.980735       0.036930

2456144.949576           14.984467       0.036974

2456144.987354           14.988205       0.037018

2456145.025132           14.991950       0.037062

2456145.062911           14.995701       0.037107

2456145.100689           14.999459       0.037152

2456145.138468           15.003223       0.037196

2456145.176246           15.006994       0.037241

2456145.214024           15.010771       0.037287

2456145.251803           15.014553       0.037332

2456145.289581           15.018343       0.037378

2456145.327359           15.022138       0.037424

2456145.365138           15.025939       0.037470

2456145.402916           15.029746       0.037516

2456145.440695           15.033558       0.037562

2456145.478473           15.037377       0.037609

2456145.516251           15.041201       0.037656

2456145.554030           15.045031       0.037704

2456145.591808           15.048866       0.037751

2456145.629586           15.052707       0.037799

2456145.667365           15.056553       0.037847

2456145.705143           15.060405       0.037895

2456145.742922           15.064261       0.037944

2456145.780700           15.068123       0.037993

2456145.818478           15.071990       0.038042

2456145.856257           15.075862       0.038091

2456145.894035           15.079739       0.038141

2456145.931814           15.083621       0.038191

2456145.969592           15.087507       0.038242

2456146.007370           15.091399       0.038293

2456146.045149           15.095294       0.038344

2456146.082927           15.099195       0.038395

2456146.120705           15.103100       0.038447

2456146.158484           15.107009       0.038499

2456146.196262           15.110922       0.038552

2456146.234041           15.114840       0.038605

2456146.271819           15.118762       0.038658

2456146.309597           15.122688       0.038712

2456146.347376           15.126618       0.038766

2456146.385154           15.130552       0.038820

2456146.422932           15.134490       0.038875

2456146.460711           15.138431       0.038931

2456146.498489           15.142376       0.038987

2456146.536268           15.146325       0.039043

2456146.574046           15.150277       0.039100

2456146.611824           15.154233       0.039157

2456146.649603           15.158192       0.039215

2456146.687381           15.162154       0.039273

2456146.725159           15.166119       0.039332

2456146.762938           15.170088       0.039391

2456146.800716           15.174059       0.039451

2456146.838495           15.178034       0.039512

2456146.876273           15.182011       0.039573

2456146.914051           15.185991       0.039634

2456146.951830           15.189974       0.039696

2456146.989608           15.193960       0.039759

2456147.027386           15.197948       0.039823

2456147.065165           15.201938       0.039887

2456147.102943           15.205931       0.039952

2456147.140722           15.209926       0.040017

2456147.178500           15.213923       0.040083

2456147.216278           15.217922       0.040150

2456147.254057           15.221924       0.040218

2456147.291835           15.225927       0.040286

2456147.329614           15.229932       0.040355

2456147.367392           15.233939       0.040425

2456147.405170           15.237948       0.040496

2456147.442949           15.241958       0.040567

2456147.480727           15.245969       0.040640

2456147.518505           15.249983       0.040713

2456147.556284           15.253997       0.040787

2456147.594062           15.258013       0.040862

2456147.631841           15.262030       0.040938

2456147.669619           15.266048       0.041015

2456147.707397           15.270067       0.041092

2456147.745176           15.274087       0.041171

2456147.782954           15.278108       0.041251

2456147.820732           15.282129       0.041332

2456147.858511           15.286152       0.041414

2456147.896289           15.290175       0.041496

2456147.934068           15.294198       0.041580

2456147.971846           15.298222       0.041666

2456148.009624           15.302246       0.041752

2456148.047403           15.306270       0.041839

2456148.085181           15.310295       0.041928

2456148.122959           15.314320       0.042018

2456148.160738           15.318344       0.042109

2456148.198516           15.322369       0.042201

2456148.236295           15.326393       0.042295

2456148.274073           15.330418       0.042390

2456148.311851           15.334441       0.042486

2456148.349630           15.338465       0.042584

2456148.387408           15.342488       0.042683

2456148.425186           15.346510       0.042783

2456148.462965           15.350532       0.042885

2456148.500743           15.354553       0.042988

2456148.538522           15.358573       0.043093

2456148.576300           15.362592       0.043199

2456148.614078           15.366610       0.043307

2456148.651857           15.370627       0.043417

2456148.689635           15.374643       0.043528

2456148.727414           15.378658       0.043640

2456148.765192           15.382671       0.043755

2456148.802970           15.386683       0.043871

2456148.840749           15.390694       0.043988

2456148.878527           15.394702       0.044108

2456148.916305           15.398710       0.044229

2456148.954084           15.402715       0.044352

2456148.991862           15.406719       0.044477

2456149.029641           15.410720       0.044604

2456149.067419           15.414720       0.044732

2456149.105197           15.418718       0.044863

2456149.142976           15.422713       0.044995

2456149.180754           15.426706       0.045130

2456149.218532           15.430697       0.045266

2456149.256311           15.434686       0.045405

2456149.294089           15.438672       0.045545

2456149.331868           15.442655       0.045688

2456149.369646           15.446636       0.045833

2456149.407424           15.450614       0.045979

2456149.445203           15.454590       0.046128

2456149.482981           15.458562       0.046279

2456149.520759           15.462532       0.046433

2456149.558538           15.466498       0.046588

2456149.596316           15.470462       0.046746

2456149.634095           15.474422       0.046907

2456149.671873           15.478379       0.047069

2456149.709651           15.482332       0.047234

2456149.747430           15.486283       0.047401

2456149.785208           15.490229       0.047571

2456149.822986           15.494172       0.047743

2456149.860765           15.498112       0.047917

2456149.898543           15.502048       0.048094

2456149.936322           15.505980       0.048274

2456149.974100           15.509908       0.048456

2456150.011878           15.513832       0.048640

2456150.049657           15.517752       0.048828

2456150.087435           15.521668       0.049017

2456150.125214           15.525580       0.049210

2456150.162992           15.529487       0.049405

2456150.200770           15.533390       0.049602

2456150.238549           15.537289       0.049803

2456150.276327           15.541184       0.050006

2456150.314105           15.545073       0.050212

2456150.351884           15.548959       0.050420

2456150.389662           15.552839       0.050632

2456150.427441           15.556715       0.050846

2456150.465219           15.560586       0.051063

2456150.502997           15.564452       0.051282

2456150.540776           15.568313       0.051505

2456150.578554           15.572169       0.051730

2456150.616332           15.576020       0.051959

2456150.654111           15.579866       0.052190

2456150.691889           15.583706       0.052424

2456150.729668           15.587541       0.052661

2456150.767446           15.591371       0.052901

2456150.805224           15.595196       0.053144

2456150.843003           15.599014       0.053390

2456150.880781           15.602828       0.053639

2456150.918559           15.606635       0.053891

2456150.956338           15.610437       0.054146

2456150.994116           15.614233       0.054404

2456151.031895           15.618024       0.054665

2456151.069673           15.621808       0.054929

2456151.107451           15.625587       0.055196

2456151.145230           15.629359       0.055466

2456151.183008           15.633126       0.055740

2456151.220786           15.636886       0.056016

2456151.258565           15.640640       0.056296

2456151.296343           15.644388       0.056578

2456151.334122           15.648129       0.056864

2456151.371900           15.651864       0.057153

