This file contains the LC params of SN2009dc in filter-B

#-----------------------------#

#-----------------------------#
Jd at maximum in B band is: 2454942.239257 +/- 0.698694
Magnitude at maximum in B band is: 15.263708 +/- 0.136699
#-----------------------------#
#-----------------------------#
JD after 15-days from B band maximum is: 2454957.239257
Magnitude after 15-days from B band maximum is: 15.681583 +/- 0.042000
Estimated value of dm15 is: 0.417876 +/- 0.143006
Secondary maximum is not applicable for this band
The magnitudes are not k-corrected
Interpolated Light Curve through GP

#-----------------------------#

  JD                 MAG           MERR

2454939.070900           15.274434       0.229344

2454939.116818           15.274142       0.227925

2454939.162736           15.273853       0.226508

2454939.208655           15.273568       0.225092

2454939.254573           15.273287       0.223678

2454939.300491           15.273009       0.222266

2454939.346409           15.272735       0.220855

2454939.392328           15.272464       0.219446

2454939.438246           15.272198       0.218038

2454939.484164           15.271935       0.216633

2454939.530082           15.271675       0.215228

2454939.576000           15.271420       0.213826

2454939.621919           15.271168       0.212425

2454939.667837           15.270920       0.211027

2454939.713755           15.270676       0.209630

2454939.759673           15.270436       0.208235

2454939.805591           15.270199       0.206841

2454939.851510           15.269966       0.205450

2454939.897428           15.269738       0.204061

2454939.943346           15.269513       0.202674

2454939.989264           15.269292       0.201288

2454940.035183           15.269075       0.199905

2454940.081101           15.268862       0.198524

2454940.127019           15.268653       0.197145

2454940.172937           15.268448       0.195768

2454940.218855           15.268247       0.194394

2454940.264774           15.268050       0.193022

2454940.310692           15.267857       0.191652

2454940.356610           15.267668       0.190284

2454940.402528           15.267483       0.188919

2454940.448447           15.267303       0.187556

2454940.494365           15.267126       0.186195

2454940.540283           15.266954       0.184837

2454940.586201           15.266786       0.183482

2454940.632119           15.266622       0.182129

2454940.678038           15.266463       0.180779

2454940.723956           15.266307       0.179431

2454940.769874           15.266156       0.178086

2454940.815792           15.266009       0.176743

2454940.861711           15.265867       0.175404

2454940.907629           15.265729       0.174067

2454940.953547           15.265595       0.172733

2454940.999465           15.265466       0.171401

2454941.045383           15.265341       0.170073

2454941.091302           15.265220       0.168748

2454941.137220           15.265104       0.167425

2454941.183138           15.264992       0.166106

2454941.229056           15.264885       0.164789

2454941.274974           15.264782       0.163476

2454941.320893           15.264684       0.162166

2454941.366811           15.264591       0.160859

2454941.412729           15.264502       0.159556

2454941.458647           15.264417       0.158255

2454941.504566           15.264338       0.156958

2454941.550484           15.264263       0.155665

2454941.596402           15.264192       0.154375

2454941.642320           15.264126       0.153088

2454941.688238           15.264065       0.151805

2454941.734157           15.264009       0.150525

2454941.780075           15.263957       0.149249

2454941.825993           15.263910       0.147977

2454941.871911           15.263868       0.146708

2454941.917830           15.263831       0.145443

2454941.963748           15.263799       0.144182

2454942.009666           15.263771       0.142925

2454942.055584           15.263749       0.141672

2454942.101502           15.263731       0.140423

2454942.147421           15.263718       0.139178

2454942.193339           15.263711       0.137936

2454942.239257           15.263708       0.136699

2454942.285175           15.263710       0.135467

2454942.331093           15.263717       0.134238

2454942.377012           15.263730       0.133014

2454942.422930           15.263747       0.131794

2454942.468848           15.263769       0.130579

2454942.514766           15.263797       0.129368

2454942.560685           15.263830       0.128161

2454942.606603           15.263867       0.126960

2454942.652521           15.263910       0.125763

2454942.698439           15.263959       0.124570

2454942.744357           15.264012       0.123383

2454942.790276           15.264071       0.122200

2454942.836194           15.264135       0.121022

2454942.882112           15.264204       0.119850

2454942.928030           15.264279       0.118682

2454942.973949           15.264359       0.117519

2454943.019867           15.264445       0.116362

2454943.065785           15.264535       0.115210

2454943.111703           15.264632       0.114064

2454943.157621           15.264733       0.112922

2454943.203540           15.264841       0.111787

2454943.249458           15.264953       0.110656

2454943.295376           15.265071       0.109532

2454943.341294           15.265195       0.108413

2454943.387213           15.265325       0.107300

2454943.433131           15.265459       0.106193

2454943.479049           15.265600       0.105092

2454943.524967           15.265746       0.103997

2454943.570885           15.265898       0.102909

2454943.616804           15.266056       0.101826

2454943.662722           15.266219       0.100750

2454943.708640           15.266388       0.099680

2454943.754558           15.266563       0.098617

2454943.800476           15.266744       0.097560

2454943.846395           15.266930       0.096510

2454943.892313           15.267122       0.095467

2454943.938231           15.267320       0.094431

2454943.984149           15.267524       0.093402

2454944.030068           15.267734       0.092380

2454944.075986           15.267950       0.091365

2454944.121904           15.268172       0.090358

2454944.167822           15.268400       0.089358

2454944.213740           15.268634       0.088365

2454944.259659           15.268874       0.087380

2454944.305577           15.269120       0.086403

2454944.351495           15.269372       0.085434

2454944.397413           15.269631       0.084473

2454944.443332           15.269895       0.083520

2454944.489250           15.270166       0.082575

2454944.535168           15.270443       0.081638

2454944.581086           15.270726       0.080711

2454944.627004           15.271015       0.079791

2454944.672923           15.271311       0.078881

2454944.718841           15.271613       0.077979

2454944.764759           15.271921       0.077087

2454944.810677           15.272235       0.076203

2454944.856595           15.272556       0.075329

2454944.902514           15.272884       0.074465

2454944.948432           15.273218       0.073610

2454944.994350           15.273558       0.072765

2454945.040268           15.273905       0.071929

2454945.086187           15.274258       0.071104

2454945.132105           15.274618       0.070289

2454945.178023           15.274985       0.069484

2454945.223941           15.275358       0.068690

2454945.269859           15.275738       0.067907

2454945.315778           15.276124       0.067134

2454945.361696           15.276517       0.066373

2454945.407614           15.276917       0.065622

2454945.453532           15.277323       0.064883

2454945.499451           15.277737       0.064155

2454945.545369           15.278157       0.063440

2454945.591287           15.278584       0.062735

2454945.637205           15.279017       0.062043

2454945.683123           15.279458       0.061363

2454945.729042           15.279906       0.060695

2454945.774960           15.280360       0.060040

2454945.820878           15.280821       0.059397

2454945.866796           15.281290       0.058767

2454945.912715           15.281765       0.058150

2454945.958633           15.282248       0.057546

2454946.004551           15.282737       0.056956

2454946.050469           15.283234       0.056378

2454946.096387           15.283738       0.055815

2454946.142306           15.284249       0.055264

2454946.188224           15.284767       0.054728

2454946.234142           15.285292       0.054206

2454946.280060           15.285825       0.053697

2454946.325978           15.286365       0.053203

2454946.371897           15.286912       0.052723

2454946.417815           15.287466       0.052257

2454946.463733           15.288028       0.051806

2454946.509651           15.288597       0.051369

2454946.555570           15.289174       0.050947

2454946.601488           15.289758       0.050539

2454946.647406           15.290349       0.050146

2454946.693324           15.290948       0.049768

2454946.739242           15.291555       0.049404

2454946.785161           15.292169       0.049056

2454946.831079           15.292791       0.048722

2454946.876997           15.293420       0.048402

2454946.922915           15.294057       0.048098

2454946.968834           15.294701       0.047808

2454947.014752           15.295354       0.047533

2454947.060670           15.296014       0.047272

2454947.106588           15.296681       0.047025

2454947.152506           15.297357       0.046793

2454947.198425           15.298040       0.046575

2454947.244343           15.298732       0.046372

2454947.290261           15.299431       0.046182

2454947.336179           15.300138       0.046006

2454947.382097           15.300853       0.045843

2454947.428016           15.301576       0.045694

2454947.473934           15.302306       0.045558

2454947.519852           15.303045       0.045435

2454947.565770           15.303792       0.045325

2454947.611689           15.304547       0.045227

2454947.657607           15.305311       0.045142

2454947.703525           15.306082       0.045068

2454947.749443           15.306861       0.045007

2454947.795361           15.307649       0.044956

2454947.841280           15.308445       0.044917

2454947.887198           15.309249       0.044889

2454947.933116           15.310062       0.044871

2454947.979034           15.310882       0.044864

2454948.024953           15.311712       0.044866

2454948.070871           15.312549       0.044878

2454948.116789           15.313395       0.044899

2454948.162707           15.314249       0.044929

2454948.208625           15.315112       0.044968

2454948.254544           15.315984       0.045015

2454948.300462           15.316864       0.045071

2454948.346380           15.317752       0.045133

2454948.392298           15.318649       0.045203

2454948.438217           15.319555       0.045280

2454948.484135           15.320469       0.045364

2454948.530053           15.321392       0.045454

2454948.575971           15.322324       0.045550

2454948.621889           15.323264       0.045652

2454948.667808           15.324214       0.045759

2454948.713726           15.325172       0.045871

2454948.759644           15.326138       0.045988

2454948.805562           15.327114       0.046109

2454948.851480           15.328099       0.046234

2454948.897399           15.329092       0.046364

2454948.943317           15.330095       0.046497

2454948.989235           15.331106       0.046633

2454949.035153           15.332127       0.046772

2454949.081072           15.333156       0.046914

2454949.126990           15.334195       0.047058

2454949.172908           15.335243       0.047205

2454949.218826           15.336299       0.047354

2454949.264744           15.337365       0.047504

2454949.310663           15.338440       0.047656

2454949.356581           15.339525       0.047810

2454949.402499           15.340618       0.047964

2454949.448417           15.341721       0.048119

2454949.494336           15.342834       0.048275

2454949.540254           15.343955       0.048431

2454949.586172           15.345086       0.048588

2454949.632090           15.346226       0.048744

2454949.678008           15.347376       0.048901

2454949.723927           15.348535       0.049057

2454949.769845           15.349704       0.049213

2454949.815763           15.350882       0.049368

2454949.861681           15.352069       0.049522

2454949.907599           15.353267       0.049675

2454949.953518           15.354473       0.049827

2454949.999436           15.355690       0.049978

2454950.045354           15.356916       0.050127

2454950.091272           15.358152       0.050275

2454950.137191           15.359397       0.050421

2454950.183109           15.360652       0.050565

2454950.229027           15.361917       0.050708

2454950.274945           15.363192       0.050848

2454950.320863           15.364476       0.050987

2454950.366782           15.365771       0.051123

2454950.412700           15.367075       0.051256

2454950.458618           15.368389       0.051388

2454950.504536           15.369713       0.051517

2454950.550455           15.371047       0.051643

2454950.596373           15.372391       0.051766

2454950.642291           15.373745       0.051887

2454950.688209           15.375109       0.052005

2454950.734127           15.376483       0.052120

2454950.780046           15.377867       0.052232

2454950.825964           15.379262       0.052341

2454950.871882           15.380666       0.052446

2454950.917800           15.382080       0.052549

2454950.963719           15.383505       0.052648

2454951.009637           15.384940       0.052745

2454951.055555           15.386385       0.052837

2454951.101473           15.387841       0.052927

2454951.147391           15.389306       0.053013

2454951.193310           15.390782       0.053095

2454951.239228           15.392269       0.053174

2454951.285146           15.393765       0.053250

2454951.331064           15.395272       0.053322

2454951.376982           15.396790       0.053391

2454951.422901           15.398318       0.053455

2454951.468819           15.399856       0.053517

2454951.514737           15.401405       0.053574

2454951.560655           15.402964       0.053628

2454951.606574           15.404534       0.053678

2454951.652492           15.406115       0.053725

2454951.698410           15.407706       0.053768

2454951.744328           15.409307       0.053807

2454951.790246           15.410920       0.053843

2454951.836165           15.412542       0.053874

2454951.882083           15.414176       0.053902

2454951.928001           15.415820       0.053927

2454951.973919           15.417475       0.053947

2454952.019838           15.419141       0.053964

2454952.065756           15.420817       0.053977

2454952.111674           15.422504       0.053987

2454952.157592           15.424202       0.053993

2454952.203510           15.425911       0.053995

2454952.249429           15.427630       0.053993

2454952.295347           15.429361       0.053988

2454952.341265           15.431102       0.053979

2454952.387183           15.432854       0.053967

2454952.433102           15.434617       0.053951

2454952.479020           15.436391       0.053931

2454952.524938           15.438176       0.053908

2454952.570856           15.439972       0.053881

2454952.616774           15.441779       0.053851

2454952.662693           15.443597       0.053817

2454952.708611           15.445426       0.053780

2454952.754529           15.447266       0.053739

2454952.800447           15.449117       0.053695

2454952.846365           15.450979       0.053648

2454952.892284           15.452852       0.053597

2454952.938202           15.454736       0.053543

2454952.984120           15.456632       0.053486

2454953.030038           15.458538       0.053425

2454953.075957           15.460456       0.053362

2454953.121875           15.462385       0.053295

2454953.167793           15.464325       0.053225

2454953.213711           15.466276       0.053152

2454953.259629           15.468238       0.053076

2454953.305548           15.470212       0.052997

2454953.351466           15.472197       0.052915

2454953.397384           15.474193       0.052831

2454953.443302           15.476200       0.052743

2454953.489221           15.478219       0.052653

2454953.535139           15.480249       0.052560

2454953.581057           15.482290       0.052464

2454953.626975           15.484343       0.052366

2454953.672893           15.486407       0.052265

2454953.718812           15.488482       0.052161

2454953.764730           15.490569       0.052055

2454953.810648           15.492667       0.051947

2454953.856566           15.494776       0.051836

2454953.902484           15.496897       0.051723

2454953.948403           15.499029       0.051608

2454953.994321           15.501172       0.051490

2454954.040239           15.503327       0.051371

2454954.086157           15.505493       0.051249

2454954.132076           15.507671       0.051126

2454954.177994           15.509860       0.051000

2454954.223912           15.512061       0.050873

2454954.269830           15.514273       0.050743

2454954.315748           15.516496       0.050613

2454954.361667           15.518731       0.050480

2454954.407585           15.520977       0.050346

2454954.453503           15.523235       0.050210

2454954.499421           15.525505       0.050073

2454954.545340           15.527785       0.049934

2454954.591258           15.530078       0.049794

2454954.637176           15.532381       0.049653

2454954.683094           15.534697       0.049510

2454954.729012           15.537023       0.049367

2454954.774931           15.539361       0.049222

2454954.820849           15.541711       0.049077

2454954.866767           15.544072       0.048930

2454954.912685           15.546445       0.048783

2454954.958604           15.548829       0.048635

2454955.004522           15.551225       0.048486

2454955.050440           15.553632       0.048337

2454955.096358           15.556051       0.048187

2454955.142276           15.558481       0.048036

2454955.188195           15.560923       0.047886

2454955.234113           15.563376       0.047735

2454955.280031           15.565840       0.047583

2454955.325949           15.568316       0.047432

2454955.371867           15.570804       0.047280

2454955.417786           15.573303       0.047129

2454955.463704           15.575814       0.046978

2454955.509622           15.578336       0.046826

2454955.555540           15.580869       0.046675

2454955.601459           15.583414       0.046525

2454955.647377           15.585970       0.046374

2454955.693295           15.588538       0.046225

2454955.739213           15.591117       0.046075

2454955.785131           15.593708       0.045927

2454955.831050           15.596310       0.045779

2454955.876968           15.598924       0.045632

2454955.922886           15.601549       0.045485

2454955.968804           15.604185       0.045340

2454956.014723           15.606832       0.045196

2454956.060641           15.609491       0.045053

2454956.106559           15.612162       0.044911

2454956.152477           15.614844       0.044770

2454956.198395           15.617537       0.044631

2454956.244314           15.620241       0.044493

2454956.290232           15.622957       0.044356

2454956.336150           15.625684       0.044222

2454956.382068           15.628422       0.044088

2454956.427986           15.631171       0.043957

2454956.473905           15.633932       0.043827

2454956.519823           15.636704       0.043699

2454956.565741           15.639487       0.043574

2454956.611659           15.642281       0.043450

2454956.657578           15.645087       0.043328

2454956.703496           15.647903       0.043209

2454956.749414           15.650731       0.043091

2454956.795332           15.653570       0.042976

2454956.841250           15.656420       0.042864

2454956.887169           15.659281       0.042754

2454956.933087           15.662153       0.042646

2454956.979005           15.665036       0.042541

2454957.024923           15.667930       0.042439

2454957.070842           15.670835       0.042340

2454957.116760           15.673751       0.042243

2454957.162678           15.676678       0.042150

2454957.208596           15.679616       0.042059

2454957.254514           15.682564       0.041972

2454957.300433           15.685524       0.041887

2454957.346351           15.688494       0.041806

2454957.392269           15.691475       0.041728

2454957.438187           15.694467       0.041653

2454957.484106           15.697470       0.041582

2454957.530024           15.700483       0.041514

2454957.575942           15.703508       0.041450

2454957.621860           15.706542       0.041390

2454957.667778           15.709588       0.041333

2454957.713697           15.712644       0.041280

2454957.759615           15.715710       0.041231

2454957.805533           15.718787       0.041185

2454957.851451           15.721875       0.041144

2454957.897369           15.724973       0.041107

2454957.943288           15.728082       0.041073

2454957.989206           15.731201       0.041044

2454958.035124           15.734330       0.041019

2454958.081042           15.737470       0.040999

2454958.126961           15.740620       0.040982

2454958.172879           15.743780       0.040971

2454958.218797           15.746951       0.040963

2454958.264715           15.750132       0.040960

2454958.310633           15.753323       0.040962

2454958.356552           15.756524       0.040969

2454958.402470           15.759735       0.040980

2454958.448388           15.762957       0.040996

2454958.494306           15.766188       0.041016

2454958.540225           15.769430       0.041042

2454958.586143           15.772681       0.041072

2454958.632061           15.775942       0.041108

2454958.677979           15.779214       0.041148

2454958.723897           15.782495       0.041194

2454958.769816           15.785786       0.041244

2454958.815734           15.789086       0.041300

2454958.861652           15.792397       0.041361

2454958.907570           15.795717       0.041428

2454958.953488           15.799047       0.041499

2454958.999407           15.802387       0.041576

2454959.045325           15.805736       0.041659

2454959.091243           15.809094       0.041746

2454959.137161           15.812463       0.041839

2454959.183080           15.815840       0.041938

2454959.228998           15.819228       0.042042

2454959.274916           15.822624       0.042152

2454959.320834           15.826030       0.042267

2454959.366752           15.829445       0.042388

2454959.412671           15.832870       0.042515

2454959.458589           15.836303       0.042647

2454959.504507           15.839746       0.042784

2454959.550425           15.843198       0.042928

2454959.596344           15.846660       0.043077

2454959.642262           15.850130       0.043232

2454959.688180           15.853609       0.043392

2454959.734098           15.857097       0.043558

2454959.780016           15.860595       0.043730

2454959.825935           15.864101       0.043908

2454959.871853           15.867616       0.044091

2454959.917771           15.871140       0.044280

2454959.963689           15.874672       0.044475

2454960.009608           15.878213       0.044676

2454960.055526           15.881763       0.044882

2454960.101444           15.885322       0.045094

2454960.147362           15.888889       0.045312

2454960.193280           15.892465       0.045535

2454960.239199           15.896049       0.045764

2454960.285117           15.899642       0.045999

2454960.331035           15.903243       0.046239

2454960.376953           15.906853       0.046485

2454960.422871           15.910470       0.046737

2454960.468790           15.914097       0.046994

2454960.514708           15.917731       0.047257

2454960.560626           15.921374       0.047525

2454960.606544           15.925024       0.047798

2454960.652463           15.928683       0.048077

2454960.698381           15.932350       0.048362

2454960.744299           15.936025       0.048652

2454960.790217           15.939708       0.048947

2454960.836135           15.943398       0.049248

2454960.882054           15.947097       0.049554

2454960.927972           15.950803       0.049865

2454960.973890           15.954518       0.050181

2454961.019808           15.958240       0.050502

2454961.065727           15.961969       0.050829

2454961.111645           15.965707       0.051160

2454961.157563           15.969451       0.051497

2454961.203481           15.973204       0.051838

2454961.249399           15.976964       0.052184

2454961.295318           15.980731       0.052535

2454961.341236           15.984506       0.052891

2454961.387154           15.988288       0.053252

2454961.433072           15.992078       0.053617

2454961.478990           15.995874       0.053987

2454961.524909           15.999678       0.054361

2454961.570827           16.003489       0.054740

2454961.616745           16.007308       0.055123

2454961.662663           16.011133       0.055510

2454961.708582           16.014965       0.055902

2454961.754500           16.018805       0.056298

2454961.800418           16.022651       0.056698

2454961.846336           16.026504       0.057102

2454961.892254           16.030364       0.057510

2454961.938173           16.034231       0.057922

2454961.984091           16.038105       0.058338

2454962.030009           16.041985       0.058758

2454962.075927           16.045872       0.059181

2454962.121846           16.049765       0.059608

2454962.167764           16.053665       0.060039

2454962.213682           16.057572       0.060473

2454962.259600           16.061485       0.060910

2454962.305518           16.065404       0.061351

2454962.351437           16.069330       0.061795

2454962.397355           16.073262       0.062243

2454962.443273           16.077201       0.062693

2454962.489191           16.081145       0.063147

2454962.535110           16.085096       0.063604

2454962.581028           16.089053       0.064063

2454962.626946           16.093016       0.064526

2454962.672864           16.096985       0.064991

2454962.718782           16.100960       0.065459

2454962.764701           16.104941       0.065929

2454962.810619           16.108928       0.066403

2454962.856537           16.112921       0.066878

2454962.902455           16.116919       0.067356

2454962.948373           16.120923       0.067837

2454962.994292           16.124933       0.068319

2454963.040210           16.128949       0.068804

2454963.086128           16.132970       0.069291

2454963.132046           16.136997       0.069780

2454963.177965           16.141029       0.070271

2454963.223883           16.145066       0.070764

2454963.269801           16.149109       0.071259

2454963.315719           16.153158       0.071756

2454963.361637           16.157211       0.072254

2454963.407556           16.161270       0.072754

2454963.453474           16.165334       0.073256

2454963.499392           16.169404       0.073759

2454963.545310           16.173478       0.074263

2454963.591229           16.177558       0.074769

2454963.637147           16.181642       0.075277

2454963.683065           16.185731       0.075785

2454963.728983           16.189826       0.076295

2454963.774901           16.193925       0.076805

2454963.820820           16.198029       0.077317

2454963.866738           16.202138       0.077830

2454963.912656           16.206251       0.078343

2454963.958574           16.210369       0.078858

2454964.004492           16.214492       0.079373

2454964.050411           16.218619       0.079889

2454964.096329           16.222751       0.080406

2454964.142247           16.226887       0.080923

2454964.188165           16.231028       0.081441

2454964.234084           16.235173       0.081959

2454964.280002           16.239323       0.082477

2454964.325920           16.243476       0.082996

2454964.371838           16.247634       0.083515

2454964.417756           16.251796       0.084035

2454964.463675           16.255962       0.084554

2454964.509593           16.260133       0.085074

2454964.555511           16.264307       0.085594

2454964.601429           16.268485       0.086113

2454964.647348           16.272667       0.086633

2454964.693266           16.276853       0.087152

2454964.739184           16.281043       0.087671

2454964.785102           16.285237       0.088190

2454964.831020           16.289434       0.088709

2454964.876939           16.293635       0.089227

2454964.922857           16.297840       0.089744

2454964.968775           16.302048       0.090262

2454965.014693           16.306260       0.090778

2454965.060612           16.310475       0.091294

2454965.106530           16.314694       0.091810

2454965.152448           16.318916       0.092325

2454965.198366           16.323141       0.092838

2454965.244284           16.327370       0.093352

2454965.290203           16.331602       0.093864

2454965.336121           16.335837       0.094375

2454965.382039           16.340075       0.094885

2454965.427957           16.344316       0.095395

2454965.473875           16.348560       0.095903

2454965.519794           16.352808       0.096410

2454965.565712           16.357058       0.096915

2454965.611630           16.361311       0.097420

2454965.657548           16.365567       0.097923

2454965.703467           16.369825       0.098425

2454965.749385           16.374087       0.098926

2454965.795303           16.378351       0.099425

2454965.841221           16.382617       0.099922

2454965.887139           16.386887       0.100418

2454965.933058           16.391158       0.100913

2454965.978976           16.395433       0.101406

2454966.024894           16.399709       0.101897

2454966.070812           16.403988       0.102386

2454966.116731           16.408270       0.102874

2454966.162649           16.412553       0.103359

2454966.208567           16.416839       0.103843

2454966.254485           16.421127       0.104325

2454966.300403           16.425417       0.104805

2454966.346322           16.429710       0.105283

2454966.392240           16.434004       0.105759

2454966.438158           16.438300       0.106233

2454966.484076           16.442598       0.106704

2454966.529994           16.446898       0.107174

2454966.575913           16.451200       0.107641

2454966.621831           16.455504       0.108106

2454966.667749           16.459809       0.108569

2454966.713667           16.464116       0.109029

2454966.759586           16.468424       0.109487

2454966.805504           16.472735       0.109942

2454966.851422           16.477046       0.110395

2454966.897340           16.481359       0.110846

2454966.943258           16.485674       0.111294

2454966.989177           16.489990       0.111739

2454967.035095           16.494307       0.112182

2454967.081013           16.498626       0.112622

2454967.126931           16.502946       0.113059

2454967.172850           16.507266       0.113494

2454967.218768           16.511588       0.113925

2454967.264686           16.515912       0.114354

2454967.310604           16.520236       0.114780

2454967.356522           16.524561       0.115203

2454967.402441           16.528887       0.115624

2454967.448359           16.533214       0.116041

2454967.494277           16.537541       0.116455

2454967.540195           16.541870       0.116866

2454967.586114           16.546199       0.117274

2454967.632032           16.550528       0.117679

2454967.677950           16.554859       0.118081

2454967.723868           16.559190       0.118479

2454967.769786           16.563521       0.118875

2454967.815705           16.567853       0.119267

2454967.861623           16.572186       0.119656

2454967.907541           16.576518       0.120041

2454967.953459           16.580851       0.120424

2454967.999377           16.585185       0.120802

2454968.045296           16.589518       0.121178

2454968.091214           16.593852       0.121550

2454968.137132           16.598185       0.121918

2454968.183050           16.602519       0.122283

2454968.228969           16.606853       0.122645

2454968.274887           16.611187       0.123003

2454968.320805           16.615520       0.123357

2454968.366723           16.619854       0.123708

2454968.412641           16.624187       0.124055

2454968.458560           16.628520       0.124398

2454968.504478           16.632853       0.124738

2454968.550396           16.637185       0.125074

2454968.596314           16.641517       0.125406

2454968.642233           16.645849       0.125734

2454968.688151           16.650180       0.126059

2454968.734069           16.654510       0.126380

2454968.779987           16.658840       0.126697

2454968.825905           16.663169       0.127010

2454968.871824           16.667498       0.127319

2454968.917742           16.671826       0.127624

2454968.963660           16.676153       0.127925

2454969.009578           16.680479       0.128222

2454969.055496           16.684804       0.128515

2454969.101415           16.689128       0.128805

2454969.147333           16.693452       0.129090

2454969.193251           16.697774       0.129371

2454969.239169           16.702095       0.129648

2454969.285088           16.706415       0.129921

2454969.331006           16.710734       0.130189

2454969.376924           16.715051       0.130454

2454969.422842           16.719367       0.130714

2454969.468760           16.723682       0.130970

2454969.514679           16.727996       0.131222

2454969.560597           16.732308       0.131470

2454969.606515           16.736618       0.131714

2454969.652433           16.740927       0.131953

2454969.698352           16.745234       0.132188

2454969.744270           16.749540       0.132418

2454969.790188           16.753844       0.132644

2454969.836106           16.758146       0.132866

2454969.882024           16.762446       0.133084

2454969.927943           16.766745       0.133297

2454969.973861           16.771041       0.133506

2454970.019779           16.775336       0.133710

2454970.065697           16.779629       0.133910

2454970.111616           16.783919       0.134105

2454970.157534           16.788208       0.134296

2454970.203452           16.792494       0.134483

2454970.249370           16.796778       0.134665

2454970.295288           16.801060       0.134842

2454970.341207           16.805339       0.135015

2454970.387125           16.809617       0.135184

2454970.433043           16.813891       0.135348

2454970.478961           16.818164       0.135507

2454970.524879           16.822433       0.135662

2454970.570798           16.826701       0.135812

2454970.616716           16.830965       0.135958

2454970.662634           16.835227       0.136099

2454970.708552           16.839486       0.136235

2454970.754471           16.843743       0.136367

2454970.800389           16.847997       0.136494

2454970.846307           16.852247       0.136617

2454970.892225           16.856495       0.136735

2454970.938143           16.860740       0.136848

2454970.984062           16.864982       0.136956

2454971.029980           16.869221       0.137060

2454971.075898           16.873457       0.137159

2454971.121816           16.877689       0.137254

2454971.167735           16.881919       0.137344

2454971.213653           16.886145       0.137429

2454971.259571           16.890368       0.137509

2454971.305489           16.894587       0.137585

2454971.351407           16.898803       0.137656

2454971.397326           16.903016       0.137722

2454971.443244           16.907225       0.137784

2454971.489162           16.911431       0.137840

2454971.535080           16.915633       0.137892

2454971.580998           16.919831       0.137940

2454971.626917           16.924026       0.137982

2454971.672835           16.928217       0.138020

2454971.718753           16.932404       0.138053

2454971.764671           16.936587       0.138081

2454971.810590           16.940766       0.138104

2454971.856508           16.944942       0.138123

2454971.902426           16.949113       0.138137

2454971.948344           16.953280       0.138146

2454971.994262           16.957444       0.138151

2454972.040181           16.961603       0.138150

2454972.086099           16.965758       0.138145

2454972.132017           16.969908       0.138135

2454972.177935           16.974055       0.138121

2454972.223854           16.978197       0.138101

2454972.269772           16.982335       0.138077

2454972.315690           16.986468       0.138048

2454972.361608           16.990597       0.138014

2454972.407526           16.994721       0.137976

2454972.453445           16.998840       0.137933

2454972.499363           17.002955       0.137885

2454972.545281           17.007066       0.137832

2454972.591199           17.011171       0.137774

2454972.637118           17.015272       0.137712

2454972.683036           17.019368       0.137645

2454972.728954           17.023459       0.137573

2454972.774872           17.027546       0.137497

2454972.820790           17.031627       0.137416

2454972.866709           17.035703       0.137330

2454972.912627           17.039774       0.137239

2454972.958545           17.043840       0.137144

2454973.004463           17.047901       0.137044

2454973.050381           17.051957       0.136940

2454973.096300           17.056007       0.136830

2454973.142218           17.060052       0.136716

2454973.188136           17.064092       0.136597

2454973.234054           17.068127       0.136474

2454973.279973           17.072155       0.136346

2454973.325891           17.076179       0.136214

2454973.371809           17.080197       0.136076

2454973.417727           17.084209       0.135934

2454973.463645           17.088216       0.135788

2454973.509564           17.092217       0.135637

2454973.555482           17.096212       0.135481

2454973.601400           17.100201       0.135321

2454973.647318           17.104185       0.135156

2454973.693237           17.108163       0.134987

2454973.739155           17.112135       0.134813

2454973.785073           17.116101       0.134635

2454973.830991           17.120060       0.134452

2454973.876909           17.124014       0.134264

2454973.922828           17.127962       0.134073

2454973.968746           17.131903       0.133876

2454974.014664           17.135839       0.133675

2454974.060582           17.139768       0.133470

2454974.106501           17.143691       0.133261

2454974.152419           17.147607       0.133047

2454974.198337           17.151517       0.132828

2454974.244255           17.155421       0.132605

2454974.290173           17.159318       0.132378

2454974.336092           17.163208       0.132147

2454974.382010           17.167092       0.131911

2454974.427928           17.170970       0.131671

2454974.473846           17.174841       0.131427

2454974.519764           17.178705       0.131178

2454974.565683           17.182562       0.130925

2454974.611601           17.186412       0.130668

2454974.657519           17.190256       0.130407

2454974.703437           17.194093       0.130141

2454974.749356           17.197922       0.129872

2454974.795274           17.201745       0.129598

2454974.841192           17.205561       0.129320

2454974.887110           17.209370       0.129038

2454974.933028           17.213171       0.128752

2454974.978947           17.216966       0.128462

2454975.024865           17.220753       0.128168

2454975.070783           17.224533       0.127870

2454975.116701           17.228305       0.127568

2454975.162620           17.232070       0.127262

2454975.208538           17.235828       0.126952

2454975.254456           17.239579       0.126638

2454975.300374           17.243322       0.126321

2454975.346292           17.247057       0.125999

2454975.392211           17.250785       0.125674

2454975.438129           17.254505       0.125345

2454975.484047           17.258218       0.125012

2454975.529965           17.261923       0.124675

2454975.575883           17.265620       0.124335

2454975.621802           17.269309       0.123991

2454975.667720           17.272991       0.123643

2454975.713638           17.276664       0.123292

2454975.759556           17.280330       0.122937

2454975.805475           17.283988       0.122579

2454975.851393           17.287638       0.122217

2454975.897311           17.291279       0.121852

2454975.943229           17.294913       0.121483

2454975.989147           17.298538       0.121111

2454976.035066           17.302156       0.120736

2454976.080984           17.305765       0.120357

2454976.126902           17.309366       0.119975

2454976.172820           17.312958       0.119589

2454976.218739           17.316542       0.119201

2454976.264657           17.320118       0.118809

2454976.310575           17.323685       0.118414

2454976.356493           17.327244       0.118015

2454976.402411           17.330795       0.117614

2454976.448330           17.334336       0.117210

2454976.494248           17.337869       0.116803

2454976.540166           17.341394       0.116392

2454976.586084           17.344910       0.115979

2454976.632003           17.348417       0.115563

2454976.677921           17.351915       0.115144

2454976.723839           17.355405       0.114722

2454976.769757           17.358886       0.114298

2454976.815675           17.362357       0.113871

2454976.861594           17.365820       0.113441

2454976.907512           17.369274       0.113009

2454976.953430           17.372719       0.112574

2454976.999348           17.376155       0.112136

2454977.045266           17.379581       0.111696

2454977.091185           17.382999       0.111254

2454977.137103           17.386408       0.110809

2454977.183021           17.389807       0.110362

2454977.228939           17.393197       0.109912

2454977.274858           17.396577       0.109461

2454977.320776           17.399949       0.109007

2454977.366694           17.403311       0.108551

2454977.412612           17.406663       0.108093

2454977.458530           17.410006       0.107633

2454977.504449           17.413340       0.107171

2454977.550367           17.416664       0.106707

2454977.596285           17.419979       0.106242

2454977.642203           17.423284       0.105774

2454977.688122           17.426579       0.105305

2454977.734040           17.429865       0.104835

2454977.779958           17.433140       0.104362

2454977.825876           17.436407       0.103888

2454977.871794           17.439663       0.103413

2454977.917713           17.442910       0.102936

2454977.963631           17.446146       0.102458

2454978.009549           17.449373       0.101979

2454978.055467           17.452590       0.101498

2454978.101385           17.455797       0.101016

2454978.147304           17.458994       0.100534

2454978.193222           17.462180       0.100050

2454978.239140           17.465357       0.099565

2454978.285058           17.468524       0.099080

2454978.330977           17.471680       0.098594

2454978.376895           17.474826       0.098107

2454978.422813           17.477963       0.097619

2454978.468731           17.481088       0.097131

2454978.514649           17.484204       0.096643

2454978.560568           17.487309       0.096154

2454978.606486           17.490404       0.095665

2454978.652404           17.493488       0.095175

2454978.698322           17.496562       0.094686

2454978.744241           17.499626       0.094197

2454978.790159           17.502679       0.093707

2454978.836077           17.505721       0.093218

2454978.881995           17.508753       0.092729

2454978.927913           17.511774       0.092241

2454978.973832           17.514785       0.091753

2454979.019750           17.517785       0.091265

2454979.065668           17.520774       0.090778

2454979.111586           17.523753       0.090292

2454979.157505           17.526721       0.089807

2454979.203423           17.529678       0.089323

2454979.249341           17.532624       0.088840

2454979.295259           17.535559       0.088358

2454979.341177           17.538483       0.087877

2454979.387096           17.541397       0.087398

2454979.433014           17.544299       0.086920

2454979.478932           17.547191       0.086444

2454979.524850           17.550072       0.085970

2454979.570768           17.552941       0.085498

2454979.616687           17.555800       0.085028

2454979.662605           17.558647       0.084560

2454979.708523           17.561483       0.084094

2454979.754441           17.564308       0.083631

2454979.800360           17.567122       0.083170

2454979.846278           17.569925       0.082712

2454979.892196           17.572716       0.082257

2454979.938114           17.575496       0.081805

2454979.984032           17.578265       0.081356

2454980.029951           17.581023       0.080910

2454980.075869           17.583769       0.080467

2454980.121787           17.586504       0.080029

2454980.167705           17.589227       0.079594

2454980.213624           17.591939       0.079163

2454980.259542           17.594639       0.078736

2454980.305460           17.597328       0.078313

2454980.351378           17.600006       0.077895

2454980.397296           17.602672       0.077481

2454980.443215           17.605326       0.077072

2454980.489133           17.607969       0.076667

2454980.535051           17.610600       0.076268

2454980.580969           17.613219       0.075875

2454980.626887           17.615827       0.075486

2454980.672806           17.618423       0.075103

2454980.718724           17.621008       0.074727

2454980.764642           17.623580       0.074356

2454980.810560           17.626141       0.073991

2454980.856479           17.628690       0.073633

2454980.902397           17.631228       0.073281

2454980.948315           17.633753       0.072936

2454980.994233           17.636267       0.072598

2454981.040151           17.638769       0.072267

2454981.086070           17.641259       0.071943

2454981.131988           17.643737       0.071627

2454981.177906           17.646203       0.071319

2454981.223824           17.648657       0.071019

2454981.269743           17.651099       0.070727

2454981.315661           17.653529       0.070443

2454981.361579           17.655947       0.070168

2454981.407497           17.658353       0.069901

2454981.453415           17.660748       0.069644

2454981.499334           17.663130       0.069395

2454981.545252           17.665499       0.069157

2454981.591170           17.667857       0.068927

2454981.637088           17.670203       0.068708

2454981.683007           17.672537       0.068498

2454981.728925           17.674858       0.068299

2454981.774843           17.677167       0.068110

2454981.820761           17.679464       0.067931

2454981.866679           17.681749       0.067764

2454981.912598           17.684022       0.067607

2454981.958516           17.686282       0.067461

2454982.004434           17.688530       0.067327

2454982.050352           17.690766       0.067204

2454982.096270           17.692990       0.067093

2454982.142189           17.695201       0.066994

2454982.188107           17.697400       0.066907

2454982.234025           17.699587       0.066831

2454982.279943           17.701761       0.066769

2454982.325862           17.703923       0.066718

2454982.371780           17.706073       0.066680

2454982.417698           17.708210       0.066655

2454982.463616           17.710335       0.066643

2454982.509534           17.712448       0.066644

2454982.555453           17.714548       0.066658

2454982.601371           17.716635       0.066685

2454982.647289           17.718711       0.066726

2454982.693207           17.720773       0.066780

2454982.739126           17.722824       0.066847

2454982.785044           17.724862       0.066928

2454982.830962           17.726887       0.067023

2454982.876880           17.728900       0.067132

2454982.922798           17.730901       0.067254

2454982.968717           17.732888       0.067390

2454983.014635           17.734864       0.067540

2454983.060553           17.736827       0.067704

2454983.106471           17.738777       0.067882

2454983.152389           17.740715       0.068073

2454983.198308           17.742640       0.068279

2454983.244226           17.744553       0.068499

2454983.290144           17.746453       0.068733

2454983.336062           17.748341       0.068980

2454983.381981           17.750216       0.069242

2454983.427899           17.752079       0.069517

2454983.473817           17.753929       0.069806

2454983.519735           17.755766       0.070109

2454983.565653           17.757591       0.070426

2454983.611572           17.759403       0.070757

2454983.657490           17.761203       0.071101

2454983.703408           17.762990       0.071459

2454983.749326           17.764764       0.071830

2454983.795245           17.766526       0.072214

2454983.841163           17.768275       0.072612

2454983.887081           17.770012       0.073024

2454983.932999           17.771736       0.073448

2454983.978917           17.773447       0.073885

2454984.024836           17.775146       0.074336

2454984.070754           17.776832       0.074799

2454984.116672           17.778505       0.075275

2454984.162590           17.780166       0.075764

2454984.208509           17.781814       0.076265

2454984.254427           17.783450       0.076778

2454984.300345           17.785073       0.077304

2454984.346263           17.786683       0.077842

2454984.392181           17.788281       0.078392

2454984.438100           17.789866       0.078954

2454984.484018           17.791438       0.079527

2454984.529936           17.792998       0.080112

2454984.575854           17.794545       0.080709

2454984.621772           17.796080       0.081317

2454984.667691           17.797602       0.081936

2454984.713609           17.799111       0.082567

2454984.759527           17.800608       0.083208

2454984.805445           17.802092       0.083861

2454984.851364           17.803564       0.084524

2454984.897282           17.805023       0.085197

2454984.943200           17.806469       0.085881

