This file contains the LC params of SN2011aa in filter-B

#-----------------------------#

#-----------------------------#
Jd at maximum in B band is: 2455612.595028 +/- 0.369388
Magnitude at maximum in B band is: 14.800631 +/- 0.022970
#-----------------------------#
#-----------------------------#
JD after 15-days from B band maximum is: 2455627.595028
Magnitude after 15-days from B band maximum is: 15.497372 +/- 0.056559
Estimated value of dm15 is: 0.696742 +/- 0.061045
Secondary maximum is not applicable for this band
The magnitudes are not k-corrected
Interpolated Light Curve through GP

#-----------------------------#

  JD                 MAG           MERR

2455596.132400           15.281147       0.191440

2455596.194523           15.279376       0.189878

2455596.256646           15.277597       0.188319

2455596.318769           15.275809       0.186763

2455596.380892           15.274012       0.185209

2455596.443016           15.272207       0.183659

2455596.505139           15.270394       0.182113

2455596.567262           15.268572       0.180569

2455596.629385           15.266742       0.179028

2455596.691508           15.264904       0.177491

2455596.753631           15.263057       0.175957

2455596.815754           15.261202       0.174427

2455596.877877           15.259339       0.172900

2455596.940001           15.257468       0.171376

2455597.002124           15.255588       0.169856

2455597.064247           15.253700       0.168340

2455597.126370           15.251804       0.166827

2455597.188493           15.249900       0.165319

2455597.250616           15.247988       0.163814

2455597.312739           15.246068       0.162312

2455597.374862           15.244140       0.160815

2455597.436986           15.242204       0.159322

2455597.499109           15.240260       0.157833

2455597.561232           15.238308       0.156348

2455597.623355           15.236349       0.154867

2455597.685478           15.234381       0.153391

2455597.747601           15.232406       0.151919

2455597.809724           15.230423       0.150451

2455597.871847           15.228433       0.148988

2455597.933971           15.226434       0.147529

2455597.996094           15.224428       0.146075

2455598.058217           15.222415       0.144625

2455598.120340           15.220394       0.143181

2455598.182463           15.218366       0.141741

2455598.244586           15.216330       0.140305

2455598.306709           15.214287       0.138875

2455598.368832           15.212236       0.137450

2455598.430956           15.210179       0.136030

2455598.493079           15.208114       0.134615

2455598.555202           15.206042       0.133205

2455598.617325           15.203963       0.131800

2455598.679448           15.201876       0.130401

2455598.741571           15.199783       0.129007

2455598.803694           15.197683       0.127619

2455598.865817           15.195576       0.126236

2455598.927941           15.193462       0.124859

2455598.990064           15.191341       0.123487

2455599.052187           15.189214       0.122122

2455599.114310           15.187080       0.120762

2455599.176433           15.184939       0.119408

2455599.238556           15.182792       0.118060

2455599.300679           15.180638       0.116718

2455599.362802           15.178478       0.115382

2455599.424926           15.176312       0.114053

2455599.487049           15.174139       0.112729

2455599.549172           15.171961       0.111412

2455599.611295           15.169776       0.110102

2455599.673418           15.167585       0.108798

2455599.735541           15.165388       0.107500

2455599.797664           15.163185       0.106210

2455599.859787           15.160976       0.104926

2455599.921911           15.158762       0.103648

2455599.984034           15.156542       0.102378

2455600.046157           15.154316       0.101115

2455600.108280           15.152085       0.099859

2455600.170403           15.149848       0.098609

2455600.232526           15.147606       0.097368

2455600.294649           15.145359       0.096133

2455600.356772           15.143106       0.094906

2455600.418895           15.140849       0.093686

2455600.481019           15.138586       0.092474

2455600.543142           15.136319       0.091269

2455600.605265           15.134046       0.090073

2455600.667388           15.131769       0.088884

2455600.729511           15.129487       0.087703

2455600.791634           15.127201       0.086529

2455600.853757           15.124910       0.085364

2455600.915880           15.122615       0.084208

2455600.978004           15.120316       0.083059

2455601.040127           15.118012       0.081919

2455601.102250           15.115704       0.080787

2455601.164373           15.113393       0.079663

2455601.226496           15.111077       0.078548

2455601.288619           15.108758       0.077442

2455601.350742           15.106435       0.076345

2455601.412865           15.104109       0.075257

2455601.474989           15.101779       0.074177

2455601.537112           15.099446       0.073107

2455601.599235           15.097109       0.072046

2455601.661358           15.094770       0.070994

2455601.723481           15.092427       0.069951

2455601.785604           15.090082       0.068918

2455601.847727           15.087734       0.067894

2455601.909850           15.085383       0.066880

2455601.971974           15.083030       0.065876

2455602.034097           15.080674       0.064882

2455602.096220           15.078316       0.063897

2455602.158343           15.075956       0.062923

2455602.220466           15.073594       0.061959

2455602.282589           15.071230       0.061005

2455602.344712           15.068865       0.060062

2455602.406835           15.066498       0.059128

2455602.468959           15.064129       0.058206

2455602.531082           15.061759       0.057294

2455602.593205           15.059388       0.056393

2455602.655328           15.057016       0.055503

2455602.717451           15.054643       0.054624

2455602.779574           15.052269       0.053756

2455602.841697           15.049894       0.052899

2455602.903820           15.047519       0.052054

2455602.965944           15.045144       0.051220

2455603.028067           15.042769       0.050397

2455603.090190           15.040393       0.049586

2455603.152313           15.038018       0.048787

2455603.214436           15.035643       0.048000

2455603.276559           15.033269       0.047224

2455603.338682           15.030895       0.046461

2455603.400805           15.028522       0.045710

2455603.462929           15.026150       0.044971

2455603.525052           15.023779       0.044245

2455603.587175           15.021409       0.043531

2455603.649298           15.019041       0.042830

2455603.711421           15.016675       0.042141

2455603.773544           15.014310       0.041465

2455603.835667           15.011947       0.040802

2455603.897790           15.009587       0.040152

2455603.959914           15.007228       0.039515

2455604.022037           15.004873       0.038891

2455604.084160           15.002520       0.038281

2455604.146283           15.000170       0.037683

2455604.208406           14.997823       0.037099

2455604.270529           14.995480       0.036528

2455604.332652           14.993140       0.035971

2455604.394775           14.990803       0.035427

2455604.456898           14.988471       0.034896

2455604.519022           14.986143       0.034379

2455604.581145           14.983819       0.033876

2455604.643268           14.981499       0.033386

2455604.705391           14.979184       0.032910

2455604.767514           14.976875       0.032447

2455604.829637           14.974570       0.031998

2455604.891760           14.972271       0.031563

2455604.953883           14.969977       0.031141

2455605.016007           14.967689       0.030732

2455605.078130           14.965407       0.030337

2455605.140253           14.963131       0.029955

2455605.202376           14.960862       0.029587

2455605.264499           14.958599       0.029231

2455605.326622           14.956343       0.028889

2455605.388745           14.954095       0.028560

2455605.450868           14.951853       0.028243

2455605.512992           14.949620       0.027939

2455605.575115           14.947394       0.027648

2455605.637238           14.945176       0.027369

2455605.699361           14.942966       0.027102

2455605.761484           14.940765       0.026847

2455605.823607           14.938572       0.026604

2455605.885730           14.936389       0.026372

2455605.947853           14.934214       0.026152

2455606.009977           14.932050       0.025942

2455606.072100           14.929894       0.025744

2455606.134223           14.927749       0.025556

2455606.196346           14.925613       0.025379

2455606.258469           14.923489       0.025211

2455606.320592           14.921374       0.025054

2455606.382715           14.919271       0.024905

2455606.444838           14.917178       0.024766

2455606.506962           14.915097       0.024636

2455606.569085           14.913027       0.024514

2455606.631208           14.910970       0.024401

2455606.693331           14.908924       0.024295

2455606.755454           14.906890       0.024197

2455606.817577           14.904869       0.024107

2455606.879700           14.902861       0.024023

2455606.941823           14.900866       0.023946

2455607.003947           14.898883       0.023875

2455607.066070           14.896915       0.023811

2455607.128193           14.894960       0.023752

2455607.190316           14.893019       0.023698

2455607.252439           14.891092       0.023650

2455607.314562           14.889179       0.023606

2455607.376685           14.887281       0.023567

2455607.438808           14.885398       0.023533

2455607.500932           14.883531       0.023502

2455607.563055           14.881678       0.023475

2455607.625178           14.879841       0.023451

2455607.687301           14.878020       0.023431

2455607.749424           14.876214       0.023414

2455607.811547           14.874426       0.023399

2455607.873670           14.872653       0.023387

2455607.935793           14.870897       0.023377

2455607.997917           14.869158       0.023369

2455608.060040           14.867437       0.023363

2455608.122163           14.865732       0.023359

2455608.184286           14.864045       0.023356

2455608.246409           14.862376       0.023355

2455608.308532           14.860725       0.023354

2455608.370655           14.859092       0.023355

2455608.432778           14.857478       0.023356

2455608.494902           14.855882       0.023358

2455608.557025           14.854305       0.023361

2455608.619148           14.852748       0.023364

2455608.681271           14.851209       0.023367

2455608.743394           14.849690       0.023371

2455608.805517           14.848191       0.023375

2455608.867640           14.846711       0.023378

2455608.929763           14.845252       0.023382

2455608.991886           14.843813       0.023385

2455609.054010           14.842394       0.023388

2455609.116133           14.840996       0.023391

2455609.178256           14.839619       0.023394

2455609.240379           14.838263       0.023396

2455609.302502           14.836928       0.023397

2455609.364625           14.835615       0.023399

2455609.426748           14.834323       0.023399

2455609.488871           14.833053       0.023399

2455609.550995           14.831805       0.023399

2455609.613118           14.830579       0.023397

2455609.675241           14.829375       0.023396

2455609.737364           14.828194       0.023393

2455609.799487           14.827036       0.023390

2455609.861610           14.825900       0.023387

2455609.923733           14.824788       0.023382

2455609.985856           14.823698       0.023377

2455610.047980           14.822632       0.023372

2455610.110103           14.821590       0.023366

2455610.172226           14.820571       0.023359

2455610.234349           14.819576       0.023352

2455610.296472           14.818604       0.023344

2455610.358595           14.817657       0.023335

2455610.420718           14.816734       0.023327

2455610.482841           14.815836       0.023317

2455610.544965           14.814962       0.023307

2455610.607088           14.814113       0.023297

2455610.669211           14.813288       0.023287

2455610.731334           14.812489       0.023276

2455610.793457           14.811715       0.023265

2455610.855580           14.810965       0.023253

2455610.917703           14.810241       0.023241

2455610.979826           14.809543       0.023229

2455611.041950           14.808870       0.023217

2455611.104073           14.808223       0.023205

2455611.166196           14.807602       0.023193

2455611.228319           14.807006       0.023180

2455611.290442           14.806437       0.023168

2455611.352565           14.805893       0.023155

2455611.414688           14.805376       0.023143

2455611.476811           14.804885       0.023131

2455611.538935           14.804421       0.023119

2455611.601058           14.803983       0.023107

2455611.663181           14.803571       0.023095

2455611.725304           14.803186       0.023084

2455611.787427           14.802828       0.023072

2455611.849550           14.802497       0.023062

2455611.911673           14.802192       0.023051

2455611.973796           14.801915       0.023041

2455612.035920           14.801664       0.023031

2455612.098043           14.801441       0.023022

2455612.160166           14.801244       0.023014

2455612.222289           14.801075       0.023005

2455612.284412           14.800933       0.022998

2455612.346535           14.800818       0.022991

2455612.408658           14.800730       0.022985

2455612.470781           14.800670       0.022979

2455612.532905           14.800636       0.022974

2455612.595028           14.800631       0.022970

2455612.657151           14.800652       0.022967

2455612.719274           14.800701       0.022964

2455612.781397           14.800778       0.022963

2455612.843520           14.800882       0.022962

2455612.905643           14.801013       0.022962

2455612.967766           14.801172       0.022963

2455613.029889           14.801358       0.022966

2455613.092013           14.801572       0.022969

2455613.154136           14.801813       0.022973

2455613.216259           14.802082       0.022978

2455613.278382           14.802378       0.022985

2455613.340505           14.802701       0.022992

2455613.402628           14.803052       0.023001

2455613.464751           14.803431       0.023011

2455613.526874           14.803837       0.023022

2455613.588998           14.804270       0.023035

2455613.651121           14.804731       0.023049

2455613.713244           14.805219       0.023064

2455613.775367           14.805735       0.023080

2455613.837490           14.806278       0.023098

2455613.899613           14.806848       0.023118

2455613.961736           14.807446       0.023139

2455614.023859           14.808071       0.023161

2455614.085983           14.808723       0.023185

2455614.148106           14.809403       0.023210

2455614.210229           14.810109       0.023237

2455614.272352           14.810843       0.023266

2455614.334475           14.811604       0.023296

2455614.396598           14.812392       0.023327

2455614.458721           14.813208       0.023361

2455614.520844           14.814050       0.023396

2455614.582968           14.814919       0.023432

2455614.645091           14.815816       0.023471

2455614.707214           14.816739       0.023511

2455614.769337           14.817689       0.023552

2455614.831460           14.818666       0.023596

2455614.893583           14.819670       0.023641

2455614.955706           14.820700       0.023688

2455615.017829           14.821757       0.023737

2455615.079953           14.822841       0.023787

2455615.142076           14.823952       0.023839

2455615.204199           14.825089       0.023893

2455615.266322           14.826252       0.023949

2455615.328445           14.827443       0.024007

2455615.390568           14.828659       0.024066

2455615.452691           14.829902       0.024127

2455615.514814           14.831171       0.024190

2455615.576938           14.832467       0.024255

2455615.639061           14.833788       0.024321

2455615.701184           14.835136       0.024390

2455615.763307           14.836510       0.024460

2455615.825430           14.837910       0.024532

2455615.887553           14.839336       0.024605

2455615.949676           14.840788       0.024681

2455616.011799           14.842266       0.024758

2455616.073923           14.843769       0.024837

2455616.136046           14.845298       0.024918

2455616.198169           14.846853       0.025000

2455616.260292           14.848433       0.025085

2455616.322415           14.850039       0.025171

2455616.384538           14.851670       0.025258

2455616.446661           14.853327       0.025348

2455616.508784           14.855009       0.025439

2455616.570908           14.856716       0.025532

2455616.633031           14.858449       0.025627

2455616.695154           14.860207       0.025723

2455616.757277           14.861989       0.025821

2455616.819400           14.863797       0.025921

2455616.881523           14.865629       0.026022

2455616.943646           14.867487       0.026126

2455617.005769           14.869369       0.026231

2455617.067892           14.871275       0.026337

2455617.130016           14.873207       0.026445

2455617.192139           14.875163       0.026555

2455617.254262           14.877143       0.026667

2455617.316385           14.879148       0.026780

2455617.378508           14.881178       0.026895

2455617.440631           14.883231       0.027012

2455617.502754           14.885309       0.027130

2455617.564877           14.887411       0.027250

2455617.627001           14.889537       0.027372

2455617.689124           14.891687       0.027495

2455617.751247           14.893862       0.027620

2455617.813370           14.896060       0.027747

2455617.875493           14.898281       0.027875

2455617.937616           14.900527       0.028005

2455617.999739           14.902797       0.028137

2455618.061862           14.905090       0.028270

2455618.123986           14.907406       0.028405

2455618.186109           14.909747       0.028542

2455618.248232           14.912110       0.028681

2455618.310355           14.914497       0.028821

2455618.372478           14.916908       0.028963

2455618.434601           14.919342       0.029106

2455618.496724           14.921799       0.029251

2455618.558847           14.924280       0.029398

2455618.620971           14.926783       0.029547

2455618.683094           14.929310       0.029697

2455618.745217           14.931860       0.029849

2455618.807340           14.934433       0.030003

2455618.869463           14.937028       0.030158

2455618.931586           14.939647       0.030315

2455618.993709           14.942289       0.030474

2455619.055832           14.944953       0.030635

2455619.117956           14.947640       0.030797

2455619.180079           14.950350       0.030961

2455619.242202           14.953083       0.031127

2455619.304325           14.955839       0.031294

2455619.366448           14.958617       0.031463

2455619.428571           14.961417       0.031634

2455619.490694           14.964240       0.031807

2455619.552817           14.967086       0.031981

2455619.614941           14.969954       0.032157

2455619.677064           14.972844       0.032335

2455619.739187           14.975757       0.032515

2455619.801310           14.978691       0.032696

2455619.863433           14.981649       0.032879

2455619.925556           14.984628       0.033064

2455619.987679           14.987630       0.033251

2455620.049802           14.990653       0.033439

2455620.111926           14.993699       0.033629

2455620.174049           14.996767       0.033821

2455620.236172           14.999856       0.034015

2455620.298295           15.002968       0.034210

2455620.360418           15.006101       0.034407

2455620.422541           15.009257       0.034606

2455620.484664           15.012434       0.034807

2455620.546787           15.015632       0.035009

2455620.608911           15.018853       0.035214

2455620.671034           15.022095       0.035420

2455620.733157           15.025358       0.035627

2455620.795280           15.028643       0.035837

2455620.857403           15.031950       0.036048

2455620.919526           15.035278       0.036261

2455620.981649           15.038627       0.036475

2455621.043772           15.041998       0.036692

2455621.105895           15.045390       0.036909

2455621.168019           15.048803       0.037129

2455621.230142           15.052237       0.037350

2455621.292265           15.055692       0.037573

2455621.354388           15.059168       0.037797

2455621.416511           15.062665       0.038023

2455621.478634           15.066183       0.038250

2455621.540757           15.069721       0.038479

2455621.602880           15.073281       0.038710

2455621.665004           15.076861       0.038941

2455621.727127           15.080461       0.039175

2455621.789250           15.084082       0.039409

2455621.851373           15.087724       0.039645

2455621.913496           15.091386       0.039882

2455621.975619           15.095068       0.040120

2455622.037742           15.098770       0.040359

2455622.099865           15.102492       0.040600

2455622.161989           15.106235       0.040842

2455622.224112           15.109997       0.041084

2455622.286235           15.113779       0.041328

2455622.348358           15.117581       0.041572

2455622.410481           15.121403       0.041817

2455622.472604           15.125244       0.042063

2455622.534727           15.129105       0.042309

2455622.596850           15.132985       0.042556

2455622.658974           15.136885       0.042804

2455622.721097           15.140803       0.043052

2455622.783220           15.144741       0.043300

2455622.845343           15.148698       0.043549

2455622.907466           15.152673       0.043798

2455622.969589           15.156667       0.044047

2455623.031712           15.160681       0.044296

2455623.093835           15.164712       0.044544

2455623.155959           15.168762       0.044793

2455623.218082           15.172831       0.045042

2455623.280205           15.176917       0.045290

2455623.342328           15.181022       0.045537

2455623.404451           15.185145       0.045784

2455623.466574           15.189285       0.046031

2455623.528697           15.193443       0.046277

2455623.590820           15.197619       0.046522

2455623.652944           15.201813       0.046766

2455623.715067           15.206024       0.047009

2455623.777190           15.210252       0.047251

2455623.839313           15.214497       0.047492

2455623.901436           15.218759       0.047731

2455623.963559           15.223039       0.047969

2455624.025682           15.227334       0.048206

2455624.087805           15.231647       0.048441

2455624.149929           15.235976       0.048675

2455624.212052           15.240321       0.048906

2455624.274175           15.244683       0.049136

2455624.336298           15.249060       0.049364

2455624.398421           15.253454       0.049590

2455624.460544           15.257863       0.049814

2455624.522667           15.262288       0.050035

2455624.584790           15.266729       0.050254

2455624.646914           15.271185       0.050471

2455624.709037           15.275656       0.050685

2455624.771160           15.280142       0.050897

2455624.833283           15.284643       0.051106

2455624.895406           15.289159       0.051312

2455624.957529           15.293690       0.051516

2455625.019652           15.298235       0.051716

2455625.081775           15.302794       0.051914

2455625.143898           15.307368       0.052108

2455625.206022           15.311956       0.052299

2455625.268145           15.316557       0.052487

2455625.330268           15.321172       0.052672

2455625.392391           15.325801       0.052853

2455625.454514           15.330443       0.053031

2455625.516637           15.335099       0.053205

2455625.578760           15.339767       0.053375

2455625.640883           15.344449       0.053542

2455625.703007           15.349143       0.053705

2455625.765130           15.353850       0.053864

2455625.827253           15.358570       0.054019

2455625.889376           15.363301       0.054170

2455625.951499           15.368045       0.054318

2455626.013622           15.372801       0.054461

2455626.075745           15.377568       0.054599

2455626.137868           15.382348       0.054734

2455626.199992           15.387138       0.054864

2455626.262115           15.391940       0.054990

2455626.324238           15.396753       0.055112

2455626.386361           15.401578       0.055229

2455626.448484           15.406412       0.055341

2455626.510607           15.411258       0.055449

2455626.572730           15.416114       0.055553

2455626.634853           15.420980       0.055652

2455626.696977           15.425857       0.055746

2455626.759100           15.430743       0.055835

2455626.821223           15.435639       0.055919

2455626.883346           15.440545       0.055999

2455626.945469           15.445460       0.056074

2455627.007592           15.450384       0.056144

2455627.069715           15.455318       0.056209

2455627.131838           15.460260       0.056269

2455627.193962           15.465211       0.056324

2455627.256085           15.470170       0.056374

2455627.318208           15.475138       0.056420

2455627.380331           15.480114       0.056460

2455627.442454           15.485099       0.056495

2455627.504577           15.490090       0.056524

2455627.566700           15.495090       0.056549

2455627.628823           15.500097       0.056569

2455627.690947           15.505111       0.056583

2455627.753070           15.510133       0.056593

2455627.815193           15.515161       0.056597

2455627.877316           15.520196       0.056596

2455627.939439           15.525238       0.056590

2455628.001562           15.530286       0.056579

2455628.063685           15.535340       0.056562

2455628.125808           15.540400       0.056541

2455628.187932           15.545466       0.056514

2455628.250055           15.550537       0.056482

2455628.312178           15.555614       0.056445

2455628.374301           15.560697       0.056403

2455628.436424           15.565784       0.056356

2455628.498547           15.570876       0.056304

2455628.560670           15.575973       0.056246

2455628.622793           15.581075       0.056184

2455628.684917           15.586181       0.056116

2455628.747040           15.591291       0.056044

2455628.809163           15.596404       0.055966

2455628.871286           15.601522       0.055883

2455628.933409           15.606643       0.055796

2455628.995532           15.611768       0.055704

2455629.057655           15.616896       0.055606

2455629.119778           15.622027       0.055504

2455629.181902           15.627161       0.055397

2455629.244025           15.632297       0.055286

2455629.306148           15.637436       0.055169

2455629.368271           15.642577       0.055048

2455629.430394           15.647720       0.054923

2455629.492517           15.652865       0.054792

2455629.554640           15.658012       0.054657

2455629.616763           15.663161       0.054518

2455629.678886           15.668310       0.054374

2455629.741010           15.673461       0.054226

2455629.803133           15.678613       0.054074

2455629.865256           15.683765       0.053917

2455629.927379           15.688918       0.053757

2455629.989502           15.694072       0.053592

2455630.051625           15.699226       0.053423

2455630.113748           15.704379       0.053250

2455630.175871           15.709533       0.053073

2455630.237995           15.714686       0.052892

2455630.300118           15.719838       0.052708

2455630.362241           15.724990       0.052520

2455630.424364           15.730141       0.052328

2455630.486487           15.735291       0.052133

2455630.548610           15.740439       0.051934

2455630.610733           15.745586       0.051732

2455630.672856           15.750732       0.051527

2455630.734980           15.755875       0.051318

2455630.797103           15.761017       0.051107

2455630.859226           15.766156       0.050892

2455630.921349           15.771292       0.050675

2455630.983472           15.776427       0.050455

2455631.045595           15.781558       0.050232

2455631.107718           15.786686       0.050006

2455631.169841           15.791811       0.049778

2455631.231965           15.796933       0.049548

2455631.294088           15.802051       0.049315

2455631.356211           15.807166       0.049081

2455631.418334           15.812276       0.048844

2455631.480457           15.817383       0.048605

2455631.542580           15.822485       0.048364

2455631.604703           15.827583       0.048122

2455631.666826           15.832676       0.047878

2455631.728950           15.837764       0.047632

2455631.791073           15.842847       0.047386

2455631.853196           15.847925       0.047138

2455631.915319           15.852998       0.046889

2455631.977442           15.858065       0.046638

2455632.039565           15.863126       0.046387

2455632.101688           15.868182       0.046136

2455632.163811           15.873231       0.045883

2455632.225935           15.878274       0.045631

2455632.288058           15.883310       0.045377

2455632.350181           15.888340       0.045124

2455632.412304           15.893364       0.044871

2455632.474427           15.898380       0.044617

2455632.536550           15.903389       0.044364

2455632.598673           15.908390       0.044111

2455632.660796           15.913384       0.043859

2455632.722920           15.918371       0.043607

2455632.785043           15.923349       0.043356

2455632.847166           15.928320       0.043105

2455632.909289           15.933282       0.042856

2455632.971412           15.938236       0.042608

2455633.033535           15.943181       0.042361

2455633.095658           15.948118       0.042116

2455633.157781           15.953045       0.041872

2455633.219905           15.957964       0.041630

2455633.282028           15.962873       0.041390

2455633.344151           15.967773       0.041151

2455633.406274           15.972663       0.040915

2455633.468397           15.977544       0.040681

2455633.530520           15.982415       0.040450

2455633.592643           15.987275       0.040221

2455633.654766           15.992126       0.039994

2455633.716889           15.996966       0.039771

2455633.779013           16.001795       0.039550

2455633.841136           16.006614       0.039333

2455633.903259           16.011421       0.039118

2455633.965382           16.016218       0.038907

2455634.027505           16.021004       0.038699

2455634.089628           16.025778       0.038495

2455634.151751           16.030540       0.038294

2455634.213874           16.035291       0.038097

2455634.275998           16.040030       0.037905

2455634.338121           16.044758       0.037716

2455634.400244           16.049473       0.037531

2455634.462367           16.054175       0.037350

2455634.524490           16.058865       0.037174

2455634.586613           16.063543       0.037003

2455634.648736           16.068208       0.036835

2455634.710859           16.072860       0.036673

2455634.772983           16.077499       0.036515

2455634.835106           16.082125       0.036362

2455634.897229           16.086738       0.036214

2455634.959352           16.091337       0.036072

2455635.021475           16.095922       0.035934

2455635.083598           16.100494       0.035801

2455635.145721           16.105052       0.035674

2455635.207844           16.109596       0.035552

2455635.269968           16.114126       0.035435

2455635.332091           16.118642       0.035324

2455635.394214           16.123143       0.035219

2455635.456337           16.127630       0.035119

2455635.518460           16.132102       0.035025

2455635.580583           16.136560       0.034936

2455635.642706           16.141003       0.034854

2455635.704829           16.145430       0.034777

2455635.766953           16.149843       0.034706

2455635.829076           16.154240       0.034640

2455635.891199           16.158622       0.034581

2455635.953322           16.162989       0.034528

2455636.015445           16.167340       0.034480

2455636.077568           16.171676       0.034439

2455636.139691           16.175996       0.034403

2455636.201814           16.180300       0.034373

2455636.263938           16.184588       0.034349

2455636.326061           16.188860       0.034331

2455636.388184           16.193116       0.034319

2455636.450307           16.197355       0.034313

2455636.512430           16.201579       0.034313

2455636.574553           16.205786       0.034319

2455636.636676           16.209976       0.034330

2455636.698799           16.214150       0.034347

2455636.760923           16.218308       0.034370

2455636.823046           16.222448       0.034399

2455636.885169           16.226572       0.034433

2455636.947292           16.230679       0.034473

2455637.009415           16.234769       0.034519

2455637.071538           16.238842       0.034570

2455637.133661           16.242898       0.034626

2455637.195784           16.246937       0.034688

2455637.257908           16.250959       0.034755

2455637.320031           16.254963       0.034828

2455637.382154           16.258951       0.034905

2455637.444277           16.262920       0.034988

2455637.506400           16.266873       0.035076

2455637.568523           16.270808       0.035169

2455637.630646           16.274725       0.035266

2455637.692769           16.278625       0.035368

2455637.754892           16.282508       0.035476

2455637.817016           16.286373       0.035587

2455637.879139           16.290220       0.035703

2455637.941262           16.294049       0.035824

2455638.003385           16.297861       0.035949

2455638.065508           16.301655       0.036079

2455638.127631           16.305431       0.036212

2455638.189754           16.309190       0.036350

2455638.251877           16.312931       0.036491

2455638.314001           16.316654       0.036637

2455638.376124           16.320359       0.036786

2455638.438247           16.324046       0.036939

2455638.500370           16.327715       0.037095

2455638.562493           16.331367       0.037255

2455638.624616           16.335001       0.037419

2455638.686739           16.338617       0.037586

2455638.748862           16.342215       0.037756

2455638.810986           16.345795       0.037929

2455638.873109           16.349358       0.038105

2455638.935232           16.352903       0.038284

2455638.997355           16.356429       0.038466

2455639.059478           16.359939       0.038651

2455639.121601           16.363430       0.038838

2455639.183724           16.366903       0.039028

2455639.245847           16.370359       0.039220

2455639.307971           16.373798       0.039415

2455639.370094           16.377218       0.039612

2455639.432217           16.380621       0.039811

2455639.494340           16.384006       0.040012

2455639.556463           16.387374       0.040216

2455639.618586           16.390724       0.040421

2455639.680709           16.394056       0.040628

2455639.742832           16.397371       0.040837

2455639.804956           16.400669       0.041047

2455639.867079           16.403949       0.041259

2455639.929202           16.407212       0.041473

2455639.991325           16.410457       0.041688

2455640.053448           16.413685       0.041904

2455640.115571           16.416896       0.042121

2455640.177694           16.420090       0.042340

2455640.239817           16.423267       0.042560

2455640.301941           16.426427       0.042780

2455640.364064           16.429569       0.043002

2455640.426187           16.432695       0.043225

2455640.488310           16.435804       0.043448

2455640.550433           16.438896       0.043672

2455640.612556           16.441971       0.043896

2455640.674679           16.445029       0.044121

2455640.736802           16.448071       0.044346

2455640.798926           16.451096       0.044572

2455640.861049           16.454105       0.044798

2455640.923172           16.457097       0.045024

2455640.985295           16.460073       0.045250

2455641.047418           16.463033       0.045477

2455641.109541           16.465976       0.045703

2455641.171664           16.468904       0.045929

2455641.233787           16.471815       0.046155

2455641.295911           16.474710       0.046380

2455641.358034           16.477589       0.046606

2455641.420157           16.480453       0.046831

2455641.482280           16.483301       0.047055

2455641.544403           16.486133       0.047279

2455641.606526           16.488950       0.047502

2455641.668649           16.491751       0.047724

2455641.730772           16.494536       0.047946

2455641.792895           16.497307       0.048166

2455641.855019           16.500062       0.048386

2455641.917142           16.502802       0.048605

2455641.979265           16.505527       0.048822

2455642.041388           16.508237       0.049039

2455642.103511           16.510933       0.049254

2455642.165634           16.513613       0.049468

2455642.227757           16.516279       0.049681

2455642.289880           16.518930       0.049892

2455642.352004           16.521567       0.050102

2455642.414127           16.524190       0.050310

2455642.476250           16.526798       0.050517

2455642.538373           16.529392       0.050722

2455642.600496           16.531972       0.050925

2455642.662619           16.534538       0.051126

2455642.724742           16.537091       0.051326

2455642.786865           16.539629       0.051524

2455642.848989           16.542154       0.051720

2455642.911112           16.544665       0.051914

2455642.973235           16.547163       0.052106

2455643.035358           16.549648       0.052296

2455643.097481           16.552119       0.052484

2455643.159604           16.554577       0.052669

2455643.221727           16.557022       0.052853

2455643.283850           16.559455       0.053034

2455643.345974           16.561874       0.053213

2455643.408097           16.564281       0.053390

2455643.470220           16.566675       0.053564

2455643.532343           16.569057       0.053736

2455643.594466           16.571426       0.053906

2455643.656589           16.573783       0.054073

2455643.718712           16.576128       0.054238

2455643.780835           16.578461       0.054400

2455643.842959           16.580782       0.054560

2455643.905082           16.583091       0.054717

2455643.967205           16.585389       0.054872

2455644.029328           16.587675       0.055024

2455644.091451           16.589949       0.055174

2455644.153574           16.592212       0.055321

2455644.215697           16.594464       0.055465

2455644.277820           16.596705       0.055607

2455644.339944           16.598934       0.055746

2455644.402067           16.601153       0.055882

2455644.464190           16.603361       0.056016

2455644.526313           16.605558       0.056148

2455644.588436           16.607745       0.056276

2455644.650559           16.609921       0.056402

2455644.712682           16.612086       0.056526

2455644.774805           16.614242       0.056646

2455644.836929           16.616387       0.056764

2455644.899052           16.618522       0.056880

2455644.961175           16.620648       0.056993

2455645.023298           16.622763       0.057103

2455645.085421           16.624869       0.057211

2455645.147544           16.626965       0.057316

2455645.209667           16.629052       0.057419

2455645.271790           16.631129       0.057519

2455645.333914           16.633197       0.057616

2455645.396037           16.635256       0.057711

2455645.458160           16.637306       0.057804

2455645.520283           16.639347       0.057894

2455645.582406           16.641379       0.057982

2455645.644529           16.643402       0.058067

2455645.706652           16.645417       0.058150

2455645.768775           16.647423       0.058231

2455645.830898           16.649421       0.058309

2455645.893022           16.651410       0.058385

2455645.955145           16.653391       0.058459

2455646.017268           16.655364       0.058531

2455646.079391           16.657329       0.058601

2455646.141514           16.659286       0.058668

2455646.203637           16.661235       0.058734

2455646.265760           16.663177       0.058797

2455646.327883           16.665110       0.058859

2455646.390007           16.667037       0.058918

2455646.452130           16.668956       0.058976

2455646.514253           16.670867       0.059032

2455646.576376           16.672771       0.059086

2455646.638499           16.674669       0.059138

2455646.700622           16.676559       0.059189

2455646.762745           16.678442       0.059238

2455646.824868           16.680318       0.059285

2455646.886992           16.682187       0.059331

2455646.949115           16.684050       0.059376

2455647.011238           16.685906       0.059419

2455647.073361           16.687756       0.059460

2455647.135484           16.689599       0.059501

2455647.197607           16.691436       0.059540

2455647.259730           16.693266       0.059578

2455647.321853           16.695090       0.059614

2455647.383977           16.696908       0.059650

2455647.446100           16.698721       0.059684

2455647.508223           16.700527       0.059718

2455647.570346           16.702327       0.059751

2455647.632469           16.704121       0.059782

2455647.694592           16.705910       0.059813

2455647.756715           16.707693       0.059843

2455647.818838           16.709471       0.059873

2455647.880962           16.711243       0.059902

2455647.943085           16.713009       0.059930

2455648.005208           16.714770       0.059957

2455648.067331           16.716526       0.059985

2455648.129454           16.718276       0.060011

2455648.191577           16.720022       0.060037

2455648.253700           16.721762       0.060063

2455648.315823           16.723497       0.060089

2455648.377947           16.725227       0.060114

2455648.440070           16.726952       0.060139

2455648.502193           16.728672       0.060164

2455648.564316           16.730387       0.060189

2455648.626439           16.732098       0.060214

2455648.688562           16.733803       0.060238

2455648.750685           16.735504       0.060263

2455648.812808           16.737200       0.060287

2455648.874932           16.738892       0.060312

2455648.937055           16.740579       0.060337

2455648.999178           16.742261       0.060362

2455649.061301           16.743939       0.060387

2455649.123424           16.745612       0.060412

2455649.185547           16.747281       0.060437

2455649.247670           16.748946       0.060463

2455649.309793           16.750606       0.060489

2455649.371917           16.752261       0.060515

2455649.434040           16.753913       0.060541

2455649.496163           16.755560       0.060568

2455649.558286           16.757202       0.060594

2455649.620409           16.758840       0.060622

2455649.682532           16.760474       0.060649

2455649.744655           16.762104       0.060677

2455649.806778           16.763729       0.060705

2455649.868902           16.765351       0.060733

2455649.931025           16.766967       0.060762

2455649.993148           16.768580       0.060791

2455650.055271           16.770188       0.060820

2455650.117394           16.771793       0.060850

2455650.179517           16.773392       0.060879

2455650.241640           16.774988       0.060909

2455650.303763           16.776579       0.060940

2455650.365886           16.778166       0.060970

2455650.428010           16.779749       0.061001

2455650.490133           16.781327       0.061031

2455650.552256           16.782901       0.061062

2455650.614379           16.784471       0.061093

2455650.676502           16.786036       0.061124

2455650.738625           16.787597       0.061155

2455650.800748           16.789154       0.061187

2455650.862871           16.790706       0.061218

2455650.924995           16.792253       0.061249

2455650.987118           16.793797       0.061280

2455651.049241           16.795335       0.061311

2455651.111364           16.796869       0.061342

2455651.173487           16.798399       0.061373

2455651.235610           16.799923       0.061403

2455651.297733           16.801443       0.061434

2455651.359856           16.802959       0.061464

2455651.421980           16.804469       0.061494

2455651.484103           16.805975       0.061523

2455651.546226           16.807476       0.061553

2455651.608349           16.808973       0.061582

2455651.670472           16.810464       0.061610

2455651.732595           16.811950       0.061639

2455651.794718           16.813431       0.061666

2455651.856841           16.814907       0.061694

2455651.918965           16.816378       0.061721

2455651.981088           16.817844       0.061747

2455652.043211           16.819305       0.061773

2455652.105334           16.820760       0.061799

2455652.167457           16.822210       0.061824

2455652.229580           16.823655       0.061848

2455652.291703           16.825094       0.061872

2455652.353826           16.826527       0.061895

2455652.415950           16.827955       0.061918

2455652.478073           16.829378       0.061941

2455652.540196           16.830794       0.061962

2455652.602319           16.832205       0.061984

2455652.664442           16.833610       0.062004

2455652.726565           16.835009       0.062025

2455652.788688           16.836402       0.062044

2455652.850811           16.837789       0.062064

2455652.912935           16.839170       0.062083

2455652.975058           16.840545       0.062101

2455653.037181           16.841914       0.062119

2455653.099304           16.843276       0.062137

2455653.161427           16.844631       0.062154

2455653.223550           16.845981       0.062171

2455653.285673           16.847323       0.062188

2455653.347796           16.848659       0.062204

2455653.409920           16.849989       0.062221

2455653.472043           16.851311       0.062237

2455653.534166           16.852627       0.062254

2455653.596289           16.853936       0.062270

2455653.658412           16.855238       0.062287

2455653.720535           16.856532       0.062304

2455653.782658           16.857820       0.062321

2455653.844781           16.859100       0.062339

2455653.906905           16.860373       0.062357

2455653.969028           16.861638       0.062376

2455654.031151           16.862896       0.062395

2455654.093274           16.864146       0.062415

2455654.155397           16.865389       0.062436

2455654.217520           16.866624       0.062458

2455654.279643           16.867851       0.062482

2455654.341766           16.869070       0.062506

2455654.403889           16.870281       0.062532

2455654.466013           16.871484       0.062560

2455654.528136           16.872679       0.062590

2455654.590259           16.873866       0.062621

2455654.652382           16.875044       0.062654

2455654.714505           16.876214       0.062690

2455654.776628           16.877375       0.062728

2455654.838751           16.878528       0.062768

2455654.900874           16.879672       0.062811

2455654.962998           16.880807       0.062858

2455655.025121           16.881934       0.062907

2455655.087244           16.883051       0.062960

2455655.149367           16.884160       0.063016

2455655.211490           16.885259       0.063076

2455655.273613           16.886349       0.063139

2455655.335736           16.887430       0.063207

2455655.397859           16.888501       0.063280

2455655.459983           16.889563       0.063356

2455655.522106           16.890616       0.063438

2455655.584229           16.891659       0.063525

2455655.646352           16.892692       0.063617

2455655.708475           16.893715       0.063715

2455655.770598           16.894728       0.063818

2455655.832721           16.895732       0.063927

2455655.894844           16.896725       0.064043

2455655.956968           16.897709       0.064165

2455656.019091           16.898682       0.064294

2455656.081214           16.899644       0.064430

2455656.143337           16.900597       0.064573

2455656.205460           16.901539       0.064724

2455656.267583           16.902470       0.064882

2455656.329706           16.903391       0.065048

2455656.391829           16.904301       0.065223

2455656.453953           16.905201       0.065406

2455656.516076           16.906089       0.065598

2455656.578199           16.906967       0.065799

2455656.640322           16.907833       0.066009

2455656.702445           16.908689       0.066229

2455656.764568           16.909533       0.066459

2455656.826691           16.910366       0.066698

2455656.888814           16.911188       0.066948

2455656.950938           16.911998       0.067208

2455657.013061           16.912797       0.067478

2455657.075184           16.913584       0.067760

2455657.137307           16.914360       0.068053

2455657.199430           16.915124       0.068356

2455657.261553           16.915876       0.068672

2455657.323676           16.916617       0.068999

2455657.385799           16.917346       0.069338

2455657.447923           16.918062       0.069689

2455657.510046           16.918767       0.070053

2455657.572169           16.919460       0.070428

2455657.634292           16.920140       0.070817

2455657.696415           16.920809       0.071218

2455657.758538           16.921465       0.071631

2455657.820661           16.922109       0.072058

2455657.882784           16.922740       0.072498

2455657.944908           16.923359       0.072951

2455658.007031           16.923966       0.073418

2455658.069154           16.924560       0.073898

2455658.131277           16.925141       0.074391

2455658.193400           16.925710       0.074898

