This file contains the LC params of SN2011de in filter-B

#-----------------------------#

#-----------------------------#
Jd at maximum in B band is: 2455715.824497 +/- 0.448630
Magnitude at maximum in B band is: 15.938514 +/- 0.043055
#-----------------------------#
#-----------------------------#
JD after 15-days from B band maximum is: 2455730.824497
Magnitude after 15-days from B band maximum is: 16.617032 +/- 0.031762
Estimated value of dm15 is: 0.678518 +/- 0.053503
Secondary maximum is not applicable for this band
The magnitudes are not k-corrected
Interpolated Light Curve through GP

#-----------------------------#

  JD                 MAG           MERR

2455701.786300           16.278504       0.228642

2455701.861371           16.276435       0.226420

2455701.936441           16.274359       0.224201

2455702.011512           16.272276       0.221987

2455702.086582           16.270185       0.219776

2455702.161653           16.268088       0.217569

2455702.236723           16.265983       0.215367

2455702.311794           16.263872       0.213168

2455702.386865           16.261754       0.210974

2455702.461935           16.259629       0.208785

2455702.537006           16.257497       0.206600

2455702.612076           16.255359       0.204421

2455702.687147           16.253214       0.202246

2455702.762217           16.251063       0.200076

2455702.837288           16.248906       0.197911

2455702.912359           16.246742       0.195751

2455702.987429           16.244572       0.193597

2455703.062500           16.242396       0.191449

2455703.137570           16.240214       0.189306

2455703.212641           16.238026       0.187169

2455703.287711           16.235832       0.185038

2455703.362782           16.233632       0.182913

2455703.437853           16.231427       0.180794

2455703.512923           16.229216       0.178682

2455703.587994           16.227000       0.176576

2455703.663064           16.224779       0.174476

2455703.738135           16.222552       0.172384

2455703.813205           16.220320       0.170298

2455703.888276           16.218083       0.168220

2455703.963347           16.215841       0.166149

2455704.038417           16.213594       0.164085

2455704.113488           16.211342       0.162028

2455704.188558           16.209086       0.159980

2455704.263629           16.206825       0.157939

2455704.338699           16.204560       0.155906

2455704.413770           16.202291       0.153881

2455704.488841           16.200018       0.151865

2455704.563911           16.197740       0.149857

2455704.638982           16.195459       0.147858

2455704.714052           16.193174       0.145868

2455704.789123           16.190885       0.143886

2455704.864193           16.188593       0.141914

2455704.939264           16.186297       0.139952

2455705.014335           16.183998       0.137998

2455705.089405           16.181696       0.136055

2455705.164476           16.179391       0.134121

2455705.239546           16.177083       0.132198

2455705.314617           16.174773       0.130284

2455705.389687           16.172460       0.128382

2455705.464758           16.170144       0.126490

2455705.539829           16.167827       0.124609

2455705.614899           16.165507       0.122739

2455705.689970           16.163185       0.120880

2455705.765040           16.160862       0.119033

2455705.840111           16.158537       0.117197

2455705.915181           16.156210       0.115374

2455705.990252           16.153882       0.113562

2455706.065323           16.151553       0.111763

2455706.140393           16.149223       0.109977

2455706.215464           16.146893       0.108204

2455706.290534           16.144561       0.106444

2455706.365605           16.142230       0.104697

2455706.440675           16.139898       0.102964

2455706.515746           16.137566       0.101245

2455706.590817           16.135234       0.099540

2455706.665887           16.132902       0.097849

2455706.740958           16.130571       0.096173

2455706.816028           16.128241       0.094513

2455706.891099           16.125911       0.092867

2455706.966169           16.123583       0.091238

2455707.041240           16.121256       0.089624

2455707.116311           16.118930       0.088027

2455707.191381           16.116607       0.086446

2455707.266452           16.114285       0.084882

2455707.341522           16.111965       0.083336

2455707.416593           16.109647       0.081807

2455707.491663           16.107332       0.080297

2455707.566734           16.105020       0.078804

2455707.641805           16.102711       0.077331

2455707.716875           16.100406       0.075877

2455707.791946           16.098103       0.074442

2455707.867016           16.095805       0.073028

2455707.942087           16.093510       0.071634

2455708.017157           16.091220       0.070261

2455708.092228           16.088934       0.068910

2455708.167298           16.086652       0.067580

2455708.242369           16.084376       0.066273

2455708.317440           16.082105       0.064989

2455708.392510           16.079839       0.063728

2455708.467581           16.077579       0.062491

2455708.542651           16.075325       0.061278

2455708.617722           16.073078       0.060090

2455708.692792           16.070836       0.058928

2455708.767863           16.068602       0.057792

2455708.842934           16.066375       0.056682

2455708.918004           16.064155       0.055600

2455708.993075           16.061943       0.054546

2455709.068145           16.059739       0.053519

2455709.143216           16.057543       0.052522

2455709.218286           16.055355       0.051554

2455709.293357           16.053177       0.050616

2455709.368428           16.051007       0.049708

2455709.443498           16.048847       0.048832

2455709.518569           16.046697       0.047987

2455709.593639           16.044557       0.047174

2455709.668710           16.042428       0.046393

2455709.743780           16.040309       0.045646

2455709.818851           16.038201       0.044931

2455709.893922           16.036105       0.044250

2455709.968992           16.034021       0.043602

2455710.044063           16.031948       0.042989

2455710.119133           16.029888       0.042410

2455710.194204           16.027841       0.041864

2455710.269274           16.025807       0.041353

2455710.344345           16.023787       0.040876

2455710.419416           16.021780       0.040433

2455710.494486           16.019788       0.040023

2455710.569557           16.017810       0.039647

2455710.644627           16.015847       0.039303

2455710.719698           16.013900       0.038992

2455710.794768           16.011969       0.038712

2455710.869839           16.010053       0.038464

2455710.944910           16.008154       0.038246

2455711.019980           16.006272       0.038057

2455711.095051           16.004407       0.037897

2455711.170121           16.002560       0.037765

2455711.245192           16.000731       0.037659

2455711.320262           15.998920       0.037578

2455711.395333           15.997128       0.037522

2455711.470404           15.995355       0.037489

2455711.545474           15.993602       0.037478

2455711.620545           15.991869       0.037488

2455711.695615           15.990156       0.037517

2455711.770686           15.988464       0.037564

2455711.845756           15.986793       0.037629

2455711.920827           15.985144       0.037709

2455711.995898           15.983516       0.037804

2455712.070968           15.981911       0.037912

2455712.146039           15.980329       0.038033

2455712.221109           15.978770       0.038164

2455712.296180           15.977234       0.038305

2455712.371250           15.975722       0.038455

2455712.446321           15.974235       0.038612

2455712.521392           15.972772       0.038777

2455712.596462           15.971335       0.038946

2455712.671533           15.969922       0.039121

2455712.746603           15.968536       0.039299

2455712.821674           15.967176       0.039480

2455712.896744           15.965843       0.039663

2455712.971815           15.964536       0.039847

2455713.046886           15.963257       0.040031

2455713.121956           15.962006       0.040215

2455713.197027           15.960783       0.040398

2455713.272097           15.959589       0.040580

2455713.347168           15.958423       0.040759

2455713.422238           15.957287       0.040935

2455713.497309           15.956181       0.041108

2455713.572380           15.955104       0.041277

2455713.647450           15.954058       0.041442

2455713.722521           15.953043       0.041602

2455713.797591           15.952059       0.041756

2455713.872662           15.951107       0.041905

2455713.947732           15.950186       0.042048

2455714.022803           15.949298       0.042184

2455714.097874           15.948442       0.042314

2455714.172944           15.947619       0.042437

2455714.248015           15.946829       0.042552

2455714.323085           15.946073       0.042660

2455714.398156           15.945352       0.042761

2455714.473226           15.944664       0.042853

2455714.548297           15.944011       0.042938

2455714.623368           15.943393       0.043014

2455714.698438           15.942810       0.043082

2455714.773509           15.942263       0.043142

2455714.848579           15.941752       0.043193

2455714.923650           15.941277       0.043235

2455714.998720           15.940839       0.043268

2455715.073791           15.940437       0.043293

2455715.148862           15.940073       0.043309

2455715.223932           15.939746       0.043316

2455715.299003           15.939457       0.043314

2455715.374073           15.939206       0.043304

2455715.449144           15.938993       0.043284

2455715.524214           15.938819       0.043256

2455715.599285           15.938684       0.043219

2455715.674356           15.938588       0.043173

2455715.749426           15.938531       0.043118

2455715.824497           15.938514       0.043055

2455715.899567           15.938537       0.042983

2455715.974638           15.938600       0.042903

2455716.049708           15.938704       0.042815

2455716.124779           15.938848       0.042718

2455716.199850           15.939033       0.042614

2455716.274920           15.939259       0.042501

2455716.349991           15.939526       0.042381

2455716.425061           15.939834       0.042253

2455716.500132           15.940185       0.042117

2455716.575202           15.940577       0.041974

2455716.650273           15.941011       0.041824

2455716.725344           15.941488       0.041667

2455716.800414           15.942007       0.041503

2455716.875485           15.942568       0.041332

2455716.950555           15.943172       0.041155

2455717.025626           15.943819       0.040972

2455717.100696           15.944509       0.040783

2455717.175767           15.945242       0.040588

2455717.250838           15.946018       0.040388

2455717.325908           15.946838       0.040182

2455717.400979           15.947701       0.039972

2455717.476049           15.948608       0.039756

2455717.551120           15.949558       0.039536

2455717.626190           15.950552       0.039312

2455717.701261           15.951590       0.039084

2455717.776332           15.952672       0.038852

2455717.851402           15.953797       0.038616

2455717.926473           15.954967       0.038377

2455718.001543           15.956181       0.038135

2455718.076614           15.957438       0.037891

2455718.151684           15.958740       0.037644

2455718.226755           15.960085       0.037395

2455718.301826           15.961475       0.037144

2455718.376896           15.962909       0.036892

2455718.451967           15.964386       0.036638

2455718.527037           15.965908       0.036384

2455718.602108           15.967473       0.036128

2455718.677178           15.969083       0.035873

2455718.752249           15.970736       0.035617

2455718.827320           15.972432       0.035362

2455718.902390           15.974173       0.035106

2455718.977461           15.975956       0.034852

2455719.052531           15.977784       0.034599

2455719.127602           15.979654       0.034347

2455719.202672           15.981567       0.034097

2455719.277743           15.983524       0.033848

2455719.352814           15.985523       0.033602

2455719.427884           15.987565       0.033358

2455719.502955           15.989649       0.033116

2455719.578025           15.991775       0.032878

2455719.653096           15.993943       0.032642

2455719.728166           15.996153       0.032410

2455719.803237           15.998405       0.032181

2455719.878308           16.000698       0.031956

2455719.953378           16.003031       0.031735

2455720.028449           16.005406       0.031519

2455720.103519           16.007821       0.031306

2455720.178590           16.010276       0.031098

2455720.253660           16.012771       0.030895

2455720.328731           16.015306       0.030697

2455720.403802           16.017880       0.030504

2455720.478872           16.020494       0.030315

2455720.553943           16.023145       0.030132

2455720.629013           16.025836       0.029955

2455720.704084           16.028564       0.029783

2455720.779154           16.031330       0.029616

2455720.854225           16.034134       0.029456

2455720.929295           16.036974       0.029301

2455721.004366           16.039852       0.029151

2455721.079437           16.042766       0.029008

2455721.154507           16.045716       0.028870

2455721.229578           16.048701       0.028739

2455721.304648           16.051722       0.028613

2455721.379719           16.054779       0.028493

2455721.454789           16.057870       0.028379

2455721.529860           16.060995       0.028271

2455721.604931           16.064154       0.028169

2455721.680001           16.067348       0.028073

2455721.755072           16.070574       0.027982

2455721.830142           16.073834       0.027897

2455721.905213           16.077126       0.027817

2455721.980283           16.080451       0.027743

2455722.055354           16.083808       0.027674

2455722.130425           16.087196       0.027611

2455722.205495           16.090616       0.027552

2455722.280566           16.094067       0.027499

2455722.355636           16.097549       0.027451

2455722.430707           16.101061       0.027407

2455722.505777           16.104603       0.027368

2455722.580848           16.108174       0.027334

2455722.655919           16.111776       0.027303

2455722.730989           16.115406       0.027277

2455722.806060           16.119065       0.027255

2455722.881130           16.122752       0.027237

2455722.956201           16.126468       0.027223

2455723.031271           16.130211       0.027211

2455723.106342           16.133982       0.027204

2455723.181413           16.137780       0.027199

2455723.256483           16.141604       0.027198

2455723.331554           16.145456       0.027199

2455723.406624           16.149333       0.027203

2455723.481695           16.153237       0.027209

2455723.556765           16.157166       0.027217

2455723.631836           16.161121       0.027228

2455723.706907           16.165100       0.027241

2455723.781977           16.169105       0.027255

2455723.857048           16.173134       0.027271

2455723.932118           16.177187       0.027288

2455724.007189           16.181264       0.027307

2455724.082259           16.185365       0.027327

2455724.157330           16.189489       0.027347

2455724.232401           16.193636       0.027369

2455724.307471           16.197806       0.027391

2455724.382542           16.201998       0.027414

2455724.457612           16.206213       0.027437

2455724.532683           16.210449       0.027460

2455724.607753           16.214708       0.027484

2455724.682824           16.218987       0.027507

2455724.757895           16.223288       0.027531

2455724.832965           16.227610       0.027554

2455724.908036           16.231952       0.027577

2455724.983106           16.236315       0.027599

2455725.058177           16.240698       0.027621

2455725.133247           16.245100       0.027643

2455725.208318           16.249522       0.027663

2455725.283389           16.253964       0.027683

2455725.358459           16.258424       0.027702

2455725.433530           16.262903       0.027720

2455725.508600           16.267401       0.027738

2455725.583671           16.271917       0.027754

2455725.658741           16.276451       0.027769

2455725.733812           16.281003       0.027782

2455725.808883           16.285572       0.027795

2455725.883953           16.290159       0.027807

2455725.959024           16.294762       0.027817

2455726.034094           16.299382       0.027826

2455726.109165           16.304019       0.027834

2455726.184235           16.308671       0.027840

2455726.259306           16.313340       0.027845

2455726.334377           16.318024       0.027849

2455726.409447           16.322724       0.027852

2455726.484518           16.327439       0.027854

2455726.559588           16.332169       0.027854

2455726.634659           16.336914       0.027854

2455726.709729           16.341672       0.027853

2455726.784800           16.346445       0.027850

2455726.859871           16.351232       0.027847

2455726.934941           16.356033       0.027843

2455727.010012           16.360846       0.027838

2455727.085082           16.365673       0.027832

2455727.160153           16.370513       0.027827

2455727.235223           16.375365       0.027820

2455727.310294           16.380230       0.027814

2455727.385365           16.385106       0.027807

2455727.460435           16.389994       0.027801

2455727.535506           16.394894       0.027795

2455727.610576           16.399804       0.027789

2455727.685647           16.404726       0.027783

2455727.760717           16.409658       0.027779

2455727.835788           16.414601       0.027775

2455727.910859           16.419554       0.027773

2455727.985929           16.424516       0.027771

2455728.061000           16.429489       0.027772

2455728.136070           16.434470       0.027774

2455728.211141           16.439460       0.027779

2455728.286211           16.444459       0.027785

2455728.361282           16.449467       0.027795

2455728.436353           16.454483       0.027807

2455728.511423           16.459507       0.027823

2455728.586494           16.464539       0.027842

2455728.661564           16.469578       0.027865

2455728.736635           16.474624       0.027892

2455728.811705           16.479677       0.027923

2455728.886776           16.484737       0.027960

2455728.961847           16.489804       0.028001

2455729.036917           16.494877       0.028048

2455729.111988           16.499956       0.028102

2455729.187058           16.505040       0.028161

2455729.262129           16.510131       0.028227

2455729.337199           16.515226       0.028300

2455729.412270           16.520328       0.028381

2455729.487341           16.525434       0.028469

2455729.562411           16.530544       0.028566

2455729.637482           16.535660       0.028671

2455729.712552           16.540780       0.028785

2455729.787623           16.545904       0.028908

2455729.862693           16.551033       0.029042

2455729.937764           16.556165       0.029185

2455730.012835           16.561301       0.029339

2455730.087905           16.566441       0.029503

2455730.162976           16.571584       0.029679

2455730.238046           16.576730       0.029866

2455730.313117           16.581880       0.030066

2455730.388187           16.587032       0.030277

2455730.463258           16.592188       0.030501

2455730.538329           16.597346       0.030738

2455730.613399           16.602507       0.030987

2455730.688470           16.607670       0.031251

2455730.763540           16.612836       0.031527

2455730.838611           16.618004       0.031818

2455730.913681           16.623174       0.032122

2455730.988752           16.628346       0.032441

2455731.063823           16.633521       0.032774

2455731.138893           16.638697       0.033121

2455731.213964           16.643875       0.033483

2455731.289034           16.649054       0.033860

2455731.364105           16.654236       0.034251

2455731.439175           16.659419       0.034657

2455731.514246           16.664603       0.035079

2455731.589317           16.669789       0.035515

2455731.664387           16.674976       0.035966

2455731.739458           16.680165       0.036432

2455731.814528           16.685354       0.036913

2455731.889599           16.690545       0.037409

2455731.964669           16.695737       0.037919

2455732.039740           16.700930       0.038445

2455732.114811           16.706124       0.038985

2455732.189881           16.711319       0.039539

2455732.264952           16.716515       0.040108

2455732.340022           16.721712       0.040692

2455732.415093           16.726910       0.041289

2455732.490163           16.732109       0.041901

2455732.565234           16.737308       0.042526

2455732.640305           16.742508       0.043165

2455732.715375           16.747708       0.043818

2455732.790446           16.752910       0.044483

2455732.865516           16.758111       0.045162

2455732.940587           16.763314       0.045854

2455733.015657           16.768517       0.046559

2455733.090728           16.773720       0.047275

2455733.165798           16.778924       0.048004

2455733.240869           16.784128       0.048745

2455733.315940           16.789333       0.049498

2455733.391010           16.794538       0.050262

2455733.466081           16.799743       0.051038

2455733.541151           16.804949       0.051824

2455733.616222           16.810155       0.052621

2455733.691292           16.815361       0.053428

2455733.766363           16.820567       0.054245

2455733.841434           16.825774       0.055073

2455733.916504           16.830981       0.055909

2455733.991575           16.836187       0.056756

2455734.066645           16.841394       0.057611

2455734.141716           16.846601       0.058475

2455734.216786           16.851808       0.059347

2455734.291857           16.857015       0.060228

2455734.366928           16.862222       0.061117

2455734.441998           16.867428       0.062013

2455734.517069           16.872635       0.062917

2455734.592139           16.877842       0.063828

2455734.667210           16.883048       0.064746

2455734.742280           16.888255       0.065670

2455734.817351           16.893461       0.066601

2455734.892422           16.898667       0.067538

2455734.967492           16.903873       0.068480

2455735.042563           16.909079       0.069428

2455735.117633           16.914284       0.070382

2455735.192704           16.919489       0.071340

2455735.267774           16.924694       0.072303

2455735.342845           16.929898       0.073271

2455735.417916           16.935102       0.074243

2455735.492986           16.940306       0.075218

2455735.568057           16.945510       0.076198

2455735.643127           16.950713       0.077181

2455735.718198           16.955915       0.078167

2455735.793268           16.961117       0.079156

2455735.868339           16.966319       0.080148

2455735.943410           16.971520       0.081142

2455736.018480           16.976721       0.082139

2455736.093551           16.981922       0.083138

2455736.168621           16.987121       0.084138

2455736.243692           16.992321       0.085140

2455736.318762           16.997519       0.086143

2455736.393833           17.002718       0.087147

2455736.468904           17.007915       0.088152

2455736.543974           17.013112       0.089157

2455736.619045           17.018309       0.090163

2455736.694115           17.023505       0.091169

2455736.769186           17.028700       0.092175

2455736.844256           17.033894       0.093180

2455736.919327           17.039088       0.094185

2455736.994398           17.044282       0.095189

2455737.069468           17.049474       0.096192

2455737.144539           17.054666       0.097194

2455737.219609           17.059857       0.098194

2455737.294680           17.065048       0.099193

2455737.369750           17.070237       0.100190

2455737.444821           17.075426       0.101185

2455737.519892           17.080615       0.102178

2455737.594962           17.085802       0.103168

2455737.670033           17.090989       0.104156

2455737.745103           17.096175       0.105140

2455737.820174           17.101360       0.106122

2455737.895244           17.106544       0.107101

2455737.970315           17.111728       0.108075

2455738.045386           17.116911       0.109047

2455738.120456           17.122092       0.110014

2455738.195527           17.127273       0.110978

2455738.270597           17.132454       0.111937

2455738.345668           17.137633       0.112892

2455738.420738           17.142811       0.113842

2455738.495809           17.147989       0.114787

2455738.570880           17.153166       0.115728

2455738.645950           17.158341       0.116663

2455738.721021           17.163516       0.117593

2455738.796091           17.168690       0.118518

2455738.871162           17.173863       0.119437

2455738.946232           17.179035       0.120350

2455739.021303           17.184206       0.121257

2455739.096374           17.189376       0.122158

2455739.171444           17.194545       0.123053

2455739.246515           17.199713       0.123941

2455739.321585           17.204881       0.124823

2455739.396656           17.210047       0.125697

2455739.471726           17.215212       0.126565

2455739.546797           17.220376       0.127426

2455739.621868           17.225539       0.128279

2455739.696938           17.230701       0.129126

2455739.772009           17.235862       0.129964

2455739.847079           17.241022       0.130795

2455739.922150           17.246181       0.131618

2455739.997220           17.251339       0.132433

2455740.072291           17.256496       0.133240

2455740.147362           17.261652       0.134038

2455740.222432           17.266806       0.134829

2455740.297503           17.271960       0.135610

2455740.372573           17.277112       0.136383

2455740.447644           17.282263       0.137147

2455740.522714           17.287413       0.137903

2455740.597785           17.292562       0.138649

2455740.672856           17.297710       0.139386

2455740.747926           17.302857       0.140114

2455740.822997           17.308003       0.140832

2455740.898067           17.313147       0.141540

2455740.973138           17.318290       0.142240

2455741.048208           17.323432       0.142929

2455741.123279           17.328573       0.143608

2455741.198350           17.333712       0.144277

2455741.273420           17.338851       0.144937

2455741.348491           17.343988       0.145586

2455741.423561           17.349124       0.146224

2455741.498632           17.354258       0.146853

2455741.573702           17.359391       0.147470

2455741.648773           17.364523       0.148077

2455741.723844           17.369654       0.148674

2455741.798914           17.374784       0.149259

2455741.873985           17.379912       0.149834

2455741.949055           17.385039       0.150397

2455742.024126           17.390164       0.150950

2455742.099196           17.395288       0.151491

2455742.174267           17.400411       0.152021

2455742.249338           17.405532       0.152539

2455742.324408           17.410652       0.153047

2455742.399479           17.415771       0.153542

2455742.474549           17.420888       0.154026

2455742.549620           17.426004       0.154499

2455742.624690           17.431119       0.154959

2455742.699761           17.436232       0.155408

2455742.774832           17.441343       0.155845

2455742.849902           17.446453       0.156270

2455742.924973           17.451562       0.156683

2455743.000043           17.456669       0.157084

2455743.075114           17.461775       0.157472

2455743.150184           17.466879       0.157849

2455743.225255           17.471981       0.158213

2455743.300326           17.477082       0.158565

2455743.375396           17.482182       0.158904

2455743.450467           17.487280       0.159231

2455743.525537           17.492376       0.159546

2455743.600608           17.497471       0.159848

2455743.675678           17.502564       0.160137

2455743.750749           17.507655       0.160414

2455743.825820           17.512745       0.160679

2455743.900890           17.517833       0.160930

2455743.975961           17.522919       0.161169

2455744.051031           17.528004       0.161395

2455744.126102           17.533087       0.161608

2455744.201172           17.538168       0.161809

2455744.276243           17.543248       0.161996

2455744.351314           17.548325       0.162171

2455744.426384           17.553401       0.162333

2455744.501455           17.558476       0.162482

2455744.576525           17.563548       0.162618

2455744.651596           17.568618       0.162741

2455744.726666           17.573687       0.162851

2455744.801737           17.578754       0.162948

2455744.876808           17.583818       0.163032

2455744.951878           17.588881       0.163103

2455745.026949           17.593942       0.163160

2455745.102019           17.599001       0.163205

2455745.177090           17.604058       0.163237

2455745.252160           17.609113       0.163256

2455745.327231           17.614166       0.163262

2455745.402302           17.619217       0.163255

2455745.477372           17.624266       0.163235

2455745.552443           17.629313       0.163201

2455745.627513           17.634357       0.163155

2455745.702584           17.639400       0.163096

2455745.777654           17.644440       0.163024

2455745.852725           17.649478       0.162939

2455745.927795           17.654514       0.162840

2455746.002866           17.659548       0.162729

2455746.077937           17.664579       0.162605

2455746.153007           17.669608       0.162469

2455746.228078           17.674635       0.162319

2455746.303148           17.679660       0.162157

2455746.378219           17.684682       0.161981

2455746.453289           17.689701       0.161793

2455746.528360           17.694719       0.161593

2455746.603431           17.699733       0.161379

2455746.678501           17.704746       0.161153

2455746.753572           17.709755       0.160915

2455746.828642           17.714763       0.160663

2455746.903713           17.719767       0.160400

2455746.978783           17.724770       0.160124

2455747.053854           17.729769       0.159835

2455747.128925           17.734766       0.159534

2455747.203995           17.739760       0.159221

2455747.279066           17.744751       0.158896

2455747.354136           17.749740       0.158558

2455747.429207           17.754726       0.158209

2455747.504277           17.759709       0.157847

2455747.579348           17.764689       0.157473

2455747.654419           17.769666       0.157088

2455747.729489           17.774640       0.156691

2455747.804560           17.779612       0.156282

2455747.879630           17.784580       0.155861

2455747.954701           17.789546       0.155429

2455748.029771           17.794508       0.154985

2455748.104842           17.799467       0.154530

2455748.179913           17.804423       0.154063

2455748.254983           17.809376       0.153585

2455748.330054           17.814326       0.153097

2455748.405124           17.819272       0.152597

2455748.480195           17.824215       0.152086

2455748.555265           17.829155       0.151564

2455748.630336           17.834091       0.151032

2455748.705407           17.839024       0.150489

2455748.780477           17.843954       0.149935

2455748.855548           17.848880       0.149371

2455748.930618           17.853802       0.148797

2455749.005689           17.858721       0.148212

2455749.080759           17.863636       0.147618

2455749.155830           17.868548       0.147014

2455749.230901           17.873456       0.146399

2455749.305971           17.878360       0.145776

2455749.381042           17.883260       0.145142

2455749.456112           17.888157       0.144500

2455749.531183           17.893049       0.143847

2455749.606253           17.897938       0.143186

2455749.681324           17.902823       0.142516

2455749.756395           17.907703       0.141837

2455749.831465           17.912580       0.141150

2455749.906536           17.917452       0.140454

2455749.981606           17.922320       0.139749

2455750.056677           17.927184       0.139036

2455750.131747           17.932044       0.138316

2455750.206818           17.936900       0.137587

2455750.281889           17.941751       0.136851

2455750.356959           17.946597       0.136107

2455750.432030           17.951439       0.135356

2455750.507100           17.956277       0.134598

2455750.582171           17.961110       0.133833

2455750.657241           17.965938       0.133061

2455750.732312           17.970761       0.132282

2455750.807383           17.975580       0.131497

2455750.882453           17.980394       0.130706

2455750.957524           17.985203       0.129909

2455751.032594           17.990007       0.129106

2455751.107665           17.994807       0.128297

2455751.182735           17.999601       0.127484

2455751.257806           18.004390       0.126665

2455751.332877           18.009173       0.125841

2455751.407947           18.013952       0.125012

2455751.483018           18.018725       0.124179

2455751.558088           18.023493       0.123342

2455751.633159           18.028256       0.122501

2455751.708229           18.033013       0.121657

2455751.783300           18.037764       0.120809

2455751.858371           18.042510       0.119957

2455751.933441           18.047251       0.119103

2455752.008512           18.051985       0.118246

2455752.083582           18.056714       0.117387

2455752.158653           18.061436       0.116526

2455752.233723           18.066153       0.115663

2455752.308794           18.070864       0.114798

2455752.383865           18.075569       0.113932

2455752.458935           18.080268       0.113066

2455752.534006           18.084960       0.112198

2455752.609076           18.089646       0.111331

2455752.684147           18.094326       0.110463

2455752.759217           18.098999       0.109596

2455752.834288           18.103666       0.108730

2455752.909359           18.108326       0.107864

2455752.984429           18.112980       0.107000

2455753.059500           18.117627       0.106138

2455753.134570           18.122267       0.105278

2455753.209641           18.126900       0.104420

2455753.284711           18.131526       0.103565

2455753.359782           18.136146       0.102714

2455753.434853           18.140758       0.101866

2455753.509923           18.145363       0.101022

2455753.584994           18.149960       0.100182

2455753.660064           18.154551       0.099347

2455753.735135           18.159134       0.098518

2455753.810205           18.163709       0.097694

2455753.885276           18.168277       0.096876

2455753.960347           18.172837       0.096064

2455754.035417           18.177389       0.095260

2455754.110488           18.181934       0.094462

2455754.185558           18.186470       0.093673

2455754.260629           18.190999       0.092892

2455754.335699           18.195519       0.092120

2455754.410770           18.200032       0.091356

2455754.485841           18.204536       0.090603

2455754.560911           18.209031       0.089860

2455754.635982           18.213518       0.089127

2455754.711052           18.217997       0.088405

2455754.786123           18.222467       0.087695

2455754.861193           18.226928       0.086997

2455754.936264           18.231381       0.086311

2455755.011335           18.235824       0.085639

2455755.086405           18.240259       0.084980

2455755.161476           18.244684       0.084335

2455755.236546           18.249100       0.083705

2455755.311617           18.253507       0.083089

2455755.386687           18.257905       0.082489

2455755.461758           18.262293       0.081905

2455755.536829           18.266671       0.081337

2455755.611899           18.271040       0.080786

2455755.686970           18.275399       0.080253

2455755.762040           18.279748       0.079737

2455755.837111           18.284087       0.079239

2455755.912181           18.288416       0.078760

2455755.987252           18.292735       0.078300

2455756.062323           18.297043       0.077860

2455756.137393           18.301341       0.077439

2455756.212464           18.305629       0.077038

2455756.287534           18.309906       0.076658

2455756.362605           18.314172       0.076299

2455756.437675           18.318428       0.075960

2455756.512746           18.322672       0.075643

2455756.587817           18.326906       0.075348

2455756.662887           18.331128       0.075074

2455756.737958           18.335339       0.074823

2455756.813028           18.339538       0.074594

2455756.888099           18.343726       0.074387

2455756.963169           18.347903       0.074203

2455757.038240           18.352068       0.074041

2455757.113311           18.356221       0.073903

2455757.188381           18.360362       0.073786

2455757.263452           18.364491       0.073693

2455757.338522           18.368608       0.073623

2455757.413593           18.372712       0.073575

2455757.488663           18.376804       0.073550

2455757.563734           18.380884       0.073547

2455757.638805           18.384951       0.073567

2455757.713875           18.389005       0.073609

2455757.788946           18.393046       0.073674

2455757.864016           18.397075       0.073760

2455757.939087           18.401090       0.073868

2455758.014157           18.405092       0.073998

2455758.089228           18.409081       0.074148

2455758.164298           18.413057       0.074320

2455758.239369           18.417019       0.074513

2455758.314440           18.420967       0.074726

2455758.389510           18.424901       0.074958

2455758.464581           18.428822       0.075211

2455758.539651           18.432728       0.075483

2455758.614722           18.436621       0.075773

2455758.689792           18.440499       0.076082

2455758.764863           18.444363       0.076410

2455758.839934           18.448212       0.076754

2455758.915004           18.452047       0.077117

2455758.990075           18.455868       0.077496

2455759.065145           18.459673       0.077891

2455759.140216           18.463463       0.078302

2455759.215286           18.467239       0.078729

2455759.290357           18.470999       0.079171

2455759.365428           18.474744       0.079628

2455759.440498           18.478474       0.080098

2455759.515569           18.482188       0.080583

2455759.590639           18.485887       0.081080

2455759.665710           18.489570       0.081591

2455759.740780           18.493237       0.082113

2455759.815851           18.496889       0.082648

2455759.890922           18.500524       0.083194

2455759.965992           18.504143       0.083751

2455760.041063           18.507746       0.084319

2455760.116133           18.511333       0.084896

2455760.191204           18.514904       0.085484

2455760.266274           18.518457       0.086081

2455760.341345           18.521995       0.086686

2455760.416416           18.525515       0.087300

2455760.491486           18.529019       0.087922

2455760.566557           18.532506       0.088552

2455760.641627           18.535976       0.089189

2455760.716698           18.539428       0.089832

2455760.791768           18.542864       0.090482

2455760.866839           18.546282       0.091138

2455760.941910           18.549683       0.091800

2455761.016980           18.553066       0.092467

2455761.092051           18.556432       0.093139

2455761.167121           18.559781       0.093815

2455761.242192           18.563111       0.094496

2455761.317262           18.566424       0.095180

2455761.392333           18.569719       0.095868

2455761.467404           18.572995       0.096559

2455761.542474           18.576254       0.097252

2455761.617545           18.579495       0.097948

2455761.692615           18.582717       0.098646

2455761.767686           18.585921       0.099346

2455761.842756           18.589107       0.100047

2455761.917827           18.592274       0.100750

2455761.992898           18.595423       0.101453

2455762.067968           18.598553       0.102157

2455762.143039           18.601665       0.102861

2455762.218109           18.604757       0.103565

2455762.293180           18.607831       0.104268

2455762.368250           18.610886       0.104971

2455762.443321           18.613922       0.105673

2455762.518392           18.616940       0.106373

2455762.593462           18.619938       0.107072

2455762.668533           18.622916       0.107770

2455762.743603           18.625876       0.108465

2455762.818674           18.628816       0.109158

2455762.893744           18.631737       0.109848

2455762.968815           18.634639       0.110536

2455763.043886           18.637521       0.111220

2455763.118956           18.640384       0.111901

2455763.194027           18.643227       0.112579

2455763.269097           18.646050       0.113253

2455763.344168           18.648854       0.113922

2455763.419238           18.651638       0.114588

2455763.494309           18.654402       0.115249

2455763.569380           18.657146       0.115905

2455763.644450           18.659870       0.116556

2455763.719521           18.662574       0.117203

2455763.794591           18.665259       0.117843

2455763.869662           18.667923       0.118479

2455763.944732           18.670567       0.119108

2455764.019803           18.673191       0.119732

2455764.094874           18.675794       0.120349

2455764.169944           18.678377       0.120960

2455764.245015           18.680940       0.121565

2455764.320085           18.683483       0.122163

2455764.395156           18.686005       0.122754

2455764.470226           18.688506       0.123337

2455764.545297           18.690987       0.123914

2455764.620368           18.693448       0.124483

2455764.695438           18.695888       0.125044

2455764.770509           18.698307       0.125598

2455764.845579           18.700705       0.126144

2455764.920650           18.703083       0.126681

2455764.995720           18.705440       0.127211

2455765.070791           18.707776       0.127732

2455765.145862           18.710091       0.128244

2455765.220932           18.712385       0.128748

2455765.296003           18.714658       0.129243

2455765.371073           18.716910       0.129728

2455765.446144           18.719141       0.130205

2455765.521214           18.721351       0.130672

2455765.596285           18.723540       0.131130

2455765.671356           18.725708       0.131579

2455765.746426           18.727854       0.132018

2455765.821497           18.729979       0.132446

2455765.896567           18.732083       0.132866

2455765.971638           18.734166       0.133274

2455766.046708           18.736227       0.133673

2455766.121779           18.738267       0.134062

2455766.196850           18.740285       0.134440

2455766.271920           18.742282       0.134808

2455766.346991           18.744257       0.135165

2455766.422061           18.746211       0.135511

2455766.497132           18.748143       0.135847

2455766.572202           18.750054       0.136172

2455766.647273           18.751942       0.136486

2455766.722344           18.753810       0.136789

2455766.797414           18.755655       0.137080

2455766.872485           18.757479       0.137361

2455766.947555           18.759281       0.137630

2455767.022626           18.761061       0.137888

2455767.097696           18.762819       0.138135

2455767.172767           18.764556       0.138370

2455767.247838           18.766270       0.138593

2455767.322908           18.767963       0.138805

2455767.397979           18.769634       0.139005

2455767.473049           18.771282       0.139194

2455767.548120           18.772909       0.139370

2455767.623190           18.774513       0.139535

2455767.698261           18.776096       0.139688

2455767.773332           18.777656       0.139829

2455767.848402           18.779194       0.139959

2455767.923473           18.780710       0.140076

2455767.998543           18.782204       0.140181

2455768.073614           18.783676       0.140274

2455768.148684           18.785125       0.140356

2455768.223755           18.786552       0.140425

2455768.298826           18.787957       0.140482

2455768.373896           18.789340       0.140527

2455768.448967           18.790700       0.140561

2455768.524037           18.792038       0.140582

2455768.599108           18.793353       0.140591

2455768.674178           18.794646       0.140588

2455768.749249           18.795916       0.140573

2455768.824320           18.797164       0.140546

2455768.899390           18.798390       0.140507

2455768.974461           18.799593       0.140456

2455769.049531           18.800773       0.140393

2455769.124602           18.801931       0.140318

2455769.199672           18.803067       0.140232

2455769.274743           18.804179       0.140134

2455769.349814           18.805269       0.140024

2455769.424884           18.806337       0.139902

2455769.499955           18.807382       0.139769

2455769.575025           18.808404       0.139624

2455769.650096           18.809403       0.139468

2455769.725166           18.810380       0.139301

2455769.800237           18.811334       0.139122

2455769.875308           18.812265       0.138932

2455769.950378           18.813173       0.138731

2455770.025449           18.814059       0.138519

2455770.100519           18.814922       0.138297

2455770.175590           18.815761       0.138063

2455770.250660           18.816578       0.137819

2455770.325731           18.817373       0.137564

2455770.400802           18.818144       0.137299

2455770.475872           18.818892       0.137024

2455770.550943           18.819618       0.136739

2455770.626013           18.820320       0.136444

2455770.701084           18.821000       0.136140

2455770.776154           18.821657       0.135826

2455770.851225           18.822290       0.135502

2455770.926295           18.822901       0.135169

2455771.001366           18.823489       0.134828

2455771.076437           18.824053       0.134478

2455771.151507           18.824595       0.134119

2455771.226578           18.825113       0.133752

2455771.301648           18.825609       0.133377

2455771.376719           18.826081       0.132994

2455771.451789           18.826531       0.132604

2455771.526860           18.826957       0.132206

2455771.601931           18.827360       0.131802

2455771.677001           18.827740       0.131390

2455771.752072           18.828097       0.130973

2455771.827142           18.828431       0.130549

2455771.902213           18.828742       0.130120

2455771.977283           18.829029       0.129685

2455772.052354           18.829294       0.129245

2455772.127425           18.829535       0.128800

2455772.202495           18.829753       0.128351

2455772.277566           18.829948       0.127898

2455772.352636           18.830120       0.127442

2455772.427707           18.830269       0.126982

2455772.502777           18.830394       0.126520

2455772.577848           18.830496       0.126055

2455772.652919           18.830575       0.125588

2455772.727989           18.830631       0.125120

2455772.803060           18.830664       0.124651

2455772.878130           18.830673       0.124182

2455772.953201           18.830660       0.123712

2455773.028271           18.830623       0.123244

2455773.103342           18.830563       0.122776

2455773.178413           18.830479       0.122310

2455773.253483           18.830373       0.121846

2455773.328554           18.830243       0.121385

2455773.403624           18.830091       0.120927

2455773.478695           18.829915       0.120473

2455773.553765           18.829715       0.120024

2455773.628836           18.829493       0.119580

2455773.703907           18.829248       0.119141

2455773.778977           18.828979       0.118709

2455773.854048           18.828687       0.118285

2455773.929118           18.828372       0.117868

2455774.004189           18.828034       0.117460

2455774.079259           18.827673       0.117061

2455774.154330           18.827289       0.116672

2455774.229401           18.826881       0.116293

2455774.304471           18.826451       0.115926

2455774.379542           18.825997       0.115571

2455774.454612           18.825521       0.115229

2455774.529683           18.825021       0.114901

2455774.604753           18.824499       0.114587

2455774.679824           18.823953       0.114289

2455774.754895           18.823384       0.114006

2455774.829965           18.822793       0.113741

2455774.905036           18.822178       0.113492

2455774.980106           18.821540       0.113263

2455775.055177           18.820880       0.113052

2455775.130247           18.820197       0.112861

2455775.205318           18.819490       0.112691

2455775.280389           18.818761       0.112543

2455775.355459           18.818009       0.112416

2455775.430530           18.817235       0.112313

2455775.505600           18.816437       0.112233

2455775.580671           18.815617       0.112178

2455775.655741           18.814774       0.112148

2455775.730812           18.813908       0.112144

2455775.805883           18.813020       0.112166

2455775.880953           18.812109       0.112216

2455775.956024           18.811176       0.112293

2455776.031094           18.810220       0.112398

2455776.106165           18.809241       0.112533

2455776.181235           18.808240       0.112697

2455776.256306           18.807217       0.112891

2455776.331377           18.806171       0.113116

2455776.406447           18.805103       0.113371

2455776.481518           18.804012       0.113658

2455776.556588           18.802900       0.113977

2455776.631659           18.801765       0.114328

2455776.706729           18.800607       0.114711

2455776.781800           18.799428       0.115127

