This file contains the LC params of SN2012cg in filter-B

#-----------------------------#

#-----------------------------#
Jd at maximum in B band is: 2456081.268877 +/- 0.905443
Magnitude at maximum in B band is: 12.158802 +/- 0.019801
#-----------------------------#
#-----------------------------#
JD after 15-days from B band maximum is: 2456096.268877
Magnitude after 15-days from B band maximum is: 13.070210 +/- 0.030112
Estimated value of dm15 is: 0.911409 +/- 0.036039
Secondary maximum is not applicable for this band
The magnitudes are not k-corrected
Interpolated Light Curve through GP

#-----------------------------#

  JD                 MAG           MERR

2456058.218600           18.301438       0.214313

2456058.415611           18.246877       0.207858

2456058.612622           18.191335       0.201453

2456058.809633           18.134816       0.195099

2456059.006644           18.077323       0.188800

2456059.203655           18.018863       0.182558

2456059.400665           17.959439       0.176375

2456059.597676           17.899060       0.170255

2456059.794687           17.837732       0.164200

2456059.991698           17.775463       0.158213

2456060.188709           17.712261       0.152296

2456060.385720           17.648137       0.146452

2456060.582731           17.583099       0.140684

2456060.779742           17.517161       0.134996

2456060.976753           17.450332       0.129389

2456061.173764           17.382627       0.123867

2456061.370775           17.314059       0.118433

2456061.567785           17.244642       0.113090

2456061.764796           17.174394       0.107841

2456061.961807           17.103331       0.102688

2456062.158818           17.031470       0.097636

2456062.355829           16.958831       0.092686

2456062.552840           16.885434       0.087844

2456062.749851           16.811300       0.083111

2456062.946862           16.736453       0.078492

2456063.143873           16.660915       0.073989

2456063.340884           16.584712       0.069607

2456063.537895           16.507870       0.065350

2456063.734906           16.430417       0.061220

2456063.931916           16.352383       0.057223

2456064.128927           16.273798       0.053363

2456064.325938           16.194694       0.049644

2456064.522949           16.115105       0.046071

2456064.719960           16.035066       0.042651

2456064.916971           15.954614       0.039389

2456065.113982           15.873788       0.036292

2456065.310993           15.792628       0.033367

2456065.508004           15.711176       0.030622

2456065.705015           15.629476       0.028068

2456065.902026           15.547573       0.025714

2456066.099036           15.465516       0.023572

2456066.296047           15.383355       0.021652

2456066.493058           15.301140       0.019966

2456066.690069           15.218926       0.018522

2456066.887080           15.136768       0.017326

2456067.084091           15.054724       0.016376

2456067.281102           14.972854       0.015662

2456067.478113           14.891219       0.015168

2456067.675124           14.809883       0.014865

2456067.872135           14.728911       0.014722

2456068.069146           14.648372       0.014703

2456068.266156           14.568333       0.014771

2456068.463167           14.488866       0.014895

2456068.660178           14.410042       0.015046

2456068.857189           14.331933       0.015200

2456069.054200           14.254610       0.015339

2456069.251211           14.178147       0.015449

2456069.448222           14.102614       0.015521

2456069.645233           14.028082       0.015546

2456069.842244           13.954621       0.015523

2456070.039255           13.882297       0.015448

2456070.236266           13.811178       0.015324

2456070.433276           13.741325       0.015152

2456070.630287           13.672800       0.014938

2456070.827298           13.605659       0.014688

2456071.024309           13.539958       0.014408

2456071.221320           13.475745       0.014108

2456071.418331           13.413066       0.013798

2456071.615342           13.351963       0.013488

2456071.812353           13.292471       0.013190

2456072.009364           13.234621       0.012918

2456072.206375           13.178437       0.012682

2456072.403386           13.123940       0.012497

2456072.600396           13.071142       0.012372

2456072.797407           13.020052       0.012319

2456072.994418           12.970675       0.012344

2456073.191429           12.923012       0.012455

2456073.388440           12.877057       0.012653

2456073.585451           12.832806       0.012937

2456073.782462           12.790246       0.013305

2456073.979473           12.749366       0.013749

2456074.176484           12.710149       0.014261

2456074.373495           12.672580       0.014830

2456074.570506           12.636637       0.015447

2456074.767517           12.602300       0.016098

2456074.964527           12.569545       0.016774

2456075.161538           12.538346       0.017462

2456075.358549           12.508678       0.018153

2456075.555560           12.480511       0.018838

2456075.752571           12.453816       0.019506

2456075.949582           12.428561       0.020152

2456076.146593           12.404714       0.020767

2456076.343604           12.382242       0.021345

2456076.540615           12.361110       0.021881

2456076.737626           12.341282       0.022370

2456076.934637           12.322723       0.022808

2456077.131647           12.305396       0.023192

2456077.328658           12.289262       0.023520

2456077.525669           12.274284       0.023789

2456077.722680           12.260424       0.023998

2456077.919691           12.247644       0.024147

2456078.116702           12.235903       0.024235

2456078.313713           12.225164       0.024265

2456078.510724           12.215388       0.024236

2456078.707735           12.206535       0.024152

2456078.904746           12.198568       0.024015

2456079.101757           12.191449       0.023827

2456079.298767           12.185139       0.023593

2456079.495778           12.179602       0.023317

2456079.692789           12.174801       0.023003

2456079.889800           12.170700       0.022657

2456080.086811           12.167265       0.022284

2456080.283822           12.164461       0.021890

2456080.480833           12.162255       0.021480

2456080.677844           12.160616       0.021060

2456080.874855           12.159513       0.020637

2456081.071866           12.158918       0.020215

2456081.268877           12.158802       0.019801

2456081.465887           12.159139       0.019399

2456081.662898           12.159905       0.019012

2456081.859909           12.161077       0.018645

2456082.056920           12.162634       0.018301

2456082.253931           12.164557       0.017980

2456082.450942           12.166828       0.017686

2456082.647953           12.169433       0.017418

2456082.844964           12.172356       0.017176

2456083.041975           12.175588       0.016960

2456083.238986           12.179117       0.016769

2456083.435997           12.182936       0.016601

2456083.633008           12.187041       0.016454

2456083.830018           12.191425       0.016327

2456084.027029           12.196086       0.016218

2456084.224040           12.201024       0.016126

2456084.421051           12.206238       0.016049

2456084.618062           12.211729       0.015988

2456084.815073           12.217499       0.015942

2456085.012084           12.223551       0.015911

2456085.209095           12.229888       0.015898

2456085.406106           12.236514       0.015902

2456085.603117           12.243435       0.015927

2456085.800128           12.250654       0.015973

2456085.997138           12.258177       0.016044

2456086.194149           12.266009       0.016140

2456086.391160           12.274155       0.016265

2456086.588171           12.282619       0.016420

2456086.785182           12.291407       0.016607

2456086.982193           12.300523       0.016826

2456087.179204           12.309970       0.017079

2456087.376215           12.319751       0.017365

2456087.573226           12.329870       0.017682

2456087.770237           12.340327       0.018030

2456087.967248           12.351124       0.018404

2456088.164258           12.362262       0.018801

2456088.361269           12.373742       0.019218

2456088.558280           12.385562       0.019649

2456088.755291           12.397723       0.020090

2456088.952302           12.410223       0.020533

2456089.149313           12.423061       0.020974

2456089.346324           12.436233       0.021406

2456089.543335           12.449738       0.021822

2456089.740346           12.463573       0.022215

2456089.937357           12.477733       0.022578

2456090.134368           12.492216       0.022907

2456090.331378           12.507016       0.023194

2456090.528389           12.522130       0.023435

2456090.725400           12.537552       0.023625

2456090.922411           12.553278       0.023761

2456091.119422           12.569301       0.023838

2456091.316433           12.585615       0.023854

2456091.513444           12.602216       0.023809

2456091.710455           12.619095       0.023702

2456091.907466           12.636248       0.023535

2456092.104477           12.653666       0.023310

2456092.301488           12.671343       0.023031

2456092.498498           12.689272       0.022705

2456092.695509           12.707446       0.022340

2456092.892520           12.725856       0.021948

2456093.089531           12.744495       0.021541

2456093.286542           12.763355       0.021137

2456093.483553           12.782429       0.020756

2456093.680564           12.801708       0.020421

2456093.877575           12.821185       0.020158

2456094.074586           12.840850       0.019995

2456094.271597           12.860696       0.019961

2456094.468608           12.880715       0.020083

2456094.665619           12.900897       0.020384

2456094.862629           12.921236       0.020882

2456095.059640           12.941722       0.021587

2456095.256651           12.962347       0.022500

2456095.453662           12.983104       0.023617

2456095.650673           13.003983       0.024926

2456095.847684           13.024977       0.026413

2456096.044695           13.046078       0.028062

2456096.241706           13.067279       0.029854

2456096.438717           13.088571       0.031774

2456096.635728           13.109948       0.033803

2456096.832739           13.131401       0.035928

2456097.029749           13.152923       0.038133

2456097.226760           13.174507       0.040406

2456097.423771           13.196146       0.042734

2456097.620782           13.217833       0.045107

2456097.817793           13.239560       0.047514

2456098.014804           13.261321       0.049946

2456098.211815           13.283108       0.052394

2456098.408826           13.304916       0.054849

2456098.605837           13.326737       0.057305

2456098.802848           13.348565       0.059754

2456098.999859           13.370394       0.062189

2456099.196869           13.392216       0.064604

2456099.393880           13.414027       0.066992

2456099.590891           13.435818       0.069348

2456099.787902           13.457586       0.071667

2456099.984913           13.479322       0.073942

2456100.181924           13.501022       0.076170

2456100.378935           13.522680       0.078345

2456100.575946           13.544289       0.080464

2456100.772957           13.565845       0.082520

2456100.969968           13.587341       0.084512

2456101.166979           13.608772       0.086434

2456101.363989           13.630132       0.088283

2456101.561000           13.651417       0.090055

2456101.758011           13.672621       0.091749

2456101.955022           13.693739       0.093359

2456102.152033           13.714766       0.094884

2456102.349044           13.735696       0.096321

2456102.546055           13.756526       0.097667

2456102.743066           13.777249       0.098920

2456102.940077           13.797862       0.100078

2456103.137088           13.818360       0.101139

2456103.334099           13.838738       0.102102

2456103.531110           13.858992       0.102965

2456103.728120           13.879117       0.103726

2456103.925131           13.899110       0.104385

2456104.122142           13.918966       0.104940

2456104.319153           13.938681       0.105391

2456104.516164           13.958251       0.105738

2456104.713175           13.977672       0.105979

2456104.910186           13.996941       0.106115

2456105.107197           14.016054       0.106145

2456105.304208           14.035007       0.106070

2456105.501219           14.053797       0.105891

2456105.698230           14.072420       0.105607

2456105.895240           14.090874       0.105220

2456106.092251           14.109155       0.104730

2456106.289262           14.127260       0.104139

2456106.486273           14.145186       0.103448

2456106.683284           14.162931       0.102658

2456106.880295           14.180492       0.101771

2456107.077306           14.197866       0.100789

2456107.274317           14.215051       0.099713

2456107.471328           14.232045       0.098547

2456107.668339           14.248845       0.097292

2456107.865350           14.265449       0.095951

2456108.062360           14.281856       0.094527

2456108.259371           14.298063       0.093023

2456108.456382           14.314070       0.091442

2456108.653393           14.329874       0.089786

2456108.850404           14.345475       0.088060

2456109.047415           14.360870       0.086268

2456109.244426           14.376060       0.084412

2456109.441437           14.391043       0.082498

2456109.638448           14.405818       0.080528

2456109.835459           14.420385       0.078509

2456110.032470           14.434743       0.076443

2456110.229480           14.448893       0.074336

2456110.426491           14.462834       0.072193

2456110.623502           14.476566       0.070019

2456110.820513           14.490090       0.067819

2456111.017524           14.503406       0.065599

2456111.214535           14.516515       0.063363

2456111.411546           14.529417       0.061120

2456111.608557           14.542114       0.058873

2456111.805568           14.554608       0.056631

2456112.002579           14.566899       0.054398

2456112.199590           14.578989       0.052183

2456112.396601           14.590880       0.049993

2456112.593611           14.602575       0.047834

2456112.790622           14.614076       0.045714

2456112.987633           14.625386       0.043642

2456113.184644           14.636507       0.041626

2456113.381655           14.647443       0.039674

2456113.578666           14.658197       0.037796

2456113.775677           14.668772       0.035999

2456113.972688           14.679174       0.034295

2456114.169699           14.689406       0.032691

2456114.366710           14.699472       0.031197

2456114.563721           14.709378       0.029821

2456114.760731           14.719129       0.028572

2456114.957742           14.728730       0.027456

2456115.154753           14.738187       0.026479

2456115.351764           14.747505       0.025644

2456115.548775           14.756691       0.024952

2456115.745786           14.765751       0.024403

2456115.942797           14.774691       0.023994

2456116.139808           14.783517       0.023718

2456116.336819           14.792234       0.023569

2456116.533830           14.800849       0.023537

2456116.730841           14.809367       0.023614

2456116.927851           14.817795       0.023788

2456117.124862           14.826138       0.024049

2456117.321873           14.834402       0.024388

2456117.518884           14.842592       0.024795

2456117.715895           14.850713       0.025262

2456117.912906           14.858772       0.025780

2456118.109917           14.866773       0.026344

2456118.306928           14.874720       0.026946

2456118.503939           14.882619       0.027581

2456118.700950           14.890474       0.028243

2456118.897961           14.898289       0.028927

2456119.094971           14.906068       0.029627

2456119.291982           14.913815       0.030338

2456119.488993           14.921533       0.031054

2456119.686004           14.929225       0.031771

2456119.883015           14.936894       0.032483

2456120.080026           14.944543       0.033185

2456120.277037           14.952175       0.033871

2456120.474048           14.959791       0.034538

2456120.671059           14.967393       0.035180

2456120.868070           14.974984       0.035793

2456121.065081           14.982564       0.036373

2456121.262091           14.990136       0.036915

2456121.459102           14.997701       0.037417

2456121.656113           15.005258       0.037875

2456121.853124           15.012810       0.038286

2456122.050135           15.020357       0.038647

2456122.247146           15.027899       0.038957

2456122.444157           15.035437       0.039213

2456122.641168           15.042970       0.039415

2456122.838179           15.050500       0.039561

2456123.035190           15.058025       0.039651

2456123.232201           15.065545       0.039686

2456123.429212           15.073060       0.039665

2456123.626222           15.080569       0.039590

2456123.823233           15.088072       0.039462

2456124.020244           15.095568       0.039284

2456124.217255           15.103055       0.039058

2456124.414266           15.110532       0.038788

2456124.611277           15.117999       0.038478

2456124.808288           15.125454       0.038132

2456125.005299           15.132896       0.037755

2456125.202310           15.140322       0.037353

2456125.399321           15.147732       0.036933

2456125.596332           15.155124       0.036502

2456125.793342           15.162495       0.036069

2456125.990353           15.169844       0.035640

2456126.187364           15.177170       0.035228

2456126.384375           15.184469       0.034840

2456126.581386           15.191739       0.034488

2456126.778397           15.198979       0.034183

2456126.975408           15.206187       0.033936

2456127.172419           15.213359       0.033759

2456127.369430           15.220493       0.033664

2456127.566441           15.227588       0.033662

2456127.763452           15.234639       0.033764

2456127.960462           15.241646       0.033982

2456128.157473           15.248605       0.034324

2456128.354484           15.255513       0.034801

2456128.551495           15.262368       0.035422

2456128.748506           15.269167       0.036192

2456128.945517           15.275909       0.037118

2456129.142528           15.282589       0.038204

2456129.339539           15.289206       0.039455

2456129.536550           15.295756       0.040872

2456129.733561           15.302238       0.042457

2456129.930572           15.308650       0.044210

2456130.127582           15.314987       0.046132

2456130.324593           15.321249       0.048220

2456130.521604           15.327434       0.050475

2456130.718615           15.333538       0.052893

2456130.915626           15.339559       0.055473

2456131.112637           15.345497       0.058212

2456131.309648           15.351349       0.061107

2456131.506659           15.357113       0.064155

2456131.703670           15.362788       0.067352

2456131.900681           15.368373       0.070696

2456132.097692           15.373865       0.074183

2456132.294703           15.379264       0.077810

2456132.491713           15.384568       0.081572

2456132.688724           15.389777       0.085467

2456132.885735           15.394889       0.089490

2456133.082746           15.399904       0.093639

2456133.279757           15.404820       0.097911

2456133.476768           15.409637       0.102300

2456133.673779           15.414354       0.106806

2456133.870790           15.418971       0.111423

2456134.067801           15.423487       0.116149

2456134.264812           15.427902       0.120980

2456134.461823           15.432216       0.125914

2456134.658833           15.436427       0.130947

2456134.855844           15.440537       0.136076

2456135.052855           15.444544       0.141298

2456135.249866           15.448448       0.146609

2456135.446877           15.452251       0.152008

2456135.643888           15.455950       0.157491

2456135.840899           15.459548       0.163055

2456136.037910           15.463043       0.168697

2456136.234921           15.466436       0.174414

2456136.431932           15.469727       0.180204

2456136.628943           15.472917       0.186063

2456136.825953           15.476005       0.191989

2456137.022964           15.478993       0.197980

2456137.219975           15.481880       0.204031

2456137.416986           15.484666       0.210142

2456137.613997           15.487354       0.216309

2456137.811008           15.489941       0.222530

2456138.008019           15.492431       0.228802

2456138.205030           15.494822       0.235123

2456138.402041           15.497116       0.241490

2456138.599052           15.499313       0.247900

2456138.796063           15.501414       0.254352

2456138.993073           15.503419       0.260843

2456139.190084           15.505330       0.267371

2456139.387095           15.507147       0.273934

2456139.584106           15.508870       0.280528

2456139.781117           15.510501       0.287153

2456139.978128           15.512040       0.293806

2456140.175139           15.513489       0.300484

2456140.372150           15.514848       0.307186

2456140.569161           15.516117       0.313910

2456140.766172           15.517298       0.320653

2456140.963183           15.518392       0.327415

2456141.160193           15.519399       0.334192

2456141.357204           15.520321       0.340983

2456141.554215           15.521159       0.347785

2456141.751226           15.521913       0.354599

2456141.948237           15.522584       0.361420

2456142.145248           15.523173       0.368248

2456142.342259           15.523682       0.375082

2456142.539270           15.524111       0.381918

2456142.736281           15.524461       0.388757

2456142.933292           15.524734       0.395595

2456143.130303           15.524930       0.402432

2456143.327314           15.525050       0.409266

2456143.524324           15.525096       0.416096

2456143.721335           15.525068       0.422919

2456143.918346           15.524968       0.429736

2456144.115357           15.524796       0.436543

2456144.312368           15.524553       0.443341

2456144.509379           15.524242       0.450127

2456144.706390           15.523861       0.456901

2456144.903401           15.523414       0.463660

2456145.100412           15.522900       0.470405

2456145.297423           15.522321       0.477133

2456145.494434           15.521678       0.483844

2456145.691444           15.520971       0.490536

2456145.888455           15.520203       0.497209

2456146.085466           15.519373       0.503860

2456146.282477           15.518484       0.510490

2456146.479488           15.517535       0.517098

2456146.676499           15.516529       0.523681

2456146.873510           15.515466       0.530240

2456147.070521           15.514347       0.536774

2456147.267532           15.513173       0.543280

2456147.464543           15.511946       0.549760

2456147.661554           15.510665       0.556211

2456147.858564           15.509333       0.562634

2456148.055575           15.507951       0.569027

2456148.252586           15.506518       0.575389

2456148.449597           15.505037       0.581720

2456148.646608           15.503509       0.588019

2456148.843619           15.501934       0.594286

2456149.040630           15.500313       0.600520

2456149.237641           15.498647       0.606720

2456149.434652           15.496937       0.612885

2456149.631663           15.495185       0.619015

2456149.828674           15.493391       0.625110

2456150.025684           15.491557       0.631169

2456150.222695           15.489682       0.637191

2456150.419706           15.487769       0.643176

2456150.616717           15.485817       0.649124

2456150.813728           15.483829       0.655033

2456151.010739           15.481804       0.660905

2456151.207750           15.479745       0.666737

2456151.404761           15.477651       0.672530

2456151.601772           15.475523       0.678284

2456151.798783           15.473363       0.683998

2456151.995794           15.471172       0.689672

2456152.192805           15.468950       0.695305

2456152.389815           15.466697       0.700897

2456152.586826           15.464416       0.706448

2456152.783837           15.462107       0.711958

2456152.980848           15.459771       0.717427

2456153.177859           15.457408       0.722853

2456153.374870           15.455019       0.728238

2456153.571881           15.452606       0.733581

2456153.768892           15.450169       0.738881

2456153.965903           15.447708       0.744138

2456154.162914           15.445225       0.749353

2456154.359925           15.442721       0.754525

2456154.556935           15.440196       0.759654

2456154.753946           15.437650       0.764741

2456154.950957           15.435086       0.769784

2456155.147968           15.432503       0.774784

2456155.344979           15.429902       0.779740

2456155.541990           15.427284       0.784654

2456155.739001           15.424649       0.789524

2456155.936012           15.422000       0.794350

2456156.133023           15.419335       0.799134

2456156.330034           15.416656       0.803874

2456156.527045           15.413963       0.808570

2456156.724055           15.411258       0.813223

2456156.921066           15.408541       0.817833

2456157.118077           15.405812       0.822400

2456157.315088           15.403072       0.826923

2456157.512099           15.400322       0.831403

2456157.709110           15.397563       0.835840

2456157.906121           15.394795       0.840234

2456158.103132           15.392018       0.844585

2456158.300143           15.389234       0.848894

2456158.497154           15.386443       0.853159

2456158.694165           15.383646       0.857382

2456158.891175           15.380842       0.861562

2456159.088186           15.378034       0.865700

2456159.285197           15.375220       0.869795

2456159.482208           15.372403       0.873848

2456159.679219           15.369582       0.877860

2456159.876230           15.366758       0.881829

2456160.073241           15.363932       0.885757

2456160.270252           15.361104       0.889643

2456160.467263           15.358274       0.893488

2456160.664274           15.355444       0.897291

2456160.861285           15.352613       0.901054

2456161.058295           15.349782       0.904775

2456161.255306           15.346952       0.908456

2456161.452317           15.344124       0.912097

2456161.649328           15.341297       0.915697

2456161.846339           15.338472       0.919258

2456162.043350           15.335649       0.922778

2456162.240361           15.332830       0.926259

2456162.437372           15.330014       0.929701

2456162.634383           15.327202       0.933103

2456162.831394           15.324395       0.936466

2456163.028405           15.321593       0.939791

2456163.225416           15.318795       0.943077

2456163.422426           15.316004       0.946325

2456163.619437           15.313219       0.949535

2456163.816448           15.310440       0.952707

2456164.013459           15.307668       0.955842

2456164.210470           15.304903       0.958939

2456164.407481           15.302146       0.961999

2456164.604492           15.299398       0.965023

2456164.801503           15.296657       0.968010

2456164.998514           15.293926       0.970961

2456165.195525           15.291204       0.973875

2456165.392536           15.288491       0.976754

2456165.589546           15.285788       0.979598

2456165.786557           15.283096       0.982406

2456165.983568           15.280414       0.985179

2456166.180579           15.277743       0.987918

2456166.377590           15.275084       0.990622

2456166.574601           15.272436       0.993292

2456166.771612           15.269800       0.995928

2456166.968623           15.267176       0.998530

2456167.165634           15.264565       1.001099

2456167.362645           15.261967       1.003635

2456167.559656           15.259381       1.006138

2456167.756666           15.256810       1.008609

2456167.953677           15.254252       1.011047

2456168.150688           15.251708       1.013453

2456168.347699           15.249178       1.015828

2456168.544710           15.246663       1.018171

2456168.741721           15.244163       1.020483

2456168.938732           15.241678       1.022764

2456169.135743           15.239208       1.025015

2456169.332754           15.236754       1.027235

2456169.529765           15.234315       1.029425

2456169.726776           15.231893       1.031585

2456169.923786           15.229488       1.033716

2456170.120797           15.227098       1.035817

2456170.317808           15.224726       1.037889

2456170.514819           15.222371       1.039933

2456170.711830           15.220033       1.041948

2456170.908841           15.217712       1.043935

2456171.105852           15.215409       1.045894

2456171.302863           15.213125       1.047826

2456171.499874           15.210858       1.049730

2456171.696885           15.208610       1.051606

2456171.893896           15.206380       1.053456

2456172.090907           15.204169       1.055280

2456172.287917           15.201977       1.057077

2456172.484928           15.199804       1.058848

2456172.681939           15.197651       1.060593

2456172.878950           15.195517       1.062312

2456173.075961           15.193402       1.064007

2456173.272972           15.191308       1.065676

2456173.469983           15.189234       1.067320

2456173.666994           15.187180       1.068940

2456173.864005           15.185146       1.070535

2456174.061016           15.183133       1.072107

2456174.258027           15.181141       1.073654

2456174.455037           15.179169       1.075178

2456174.652048           15.177219       1.076679

2456174.849059           15.175290       1.078157

2456175.046070           15.173382       1.079612

2456175.243081           15.171496       1.081044

2456175.440092           15.169631       1.082453

2456175.637103           15.167789       1.083841

2456175.834114           15.165968       1.085207

2456176.031125           15.164169       1.086551

2456176.228136           15.162393       1.087873

2456176.425147           15.160639       1.089175

2456176.622157           15.158908       1.090455

2456176.819168           15.157199       1.091715

2456177.016179           15.155513       1.092954

2456177.213190           15.153850       1.094172

2456177.410201           15.152210       1.095371

2456177.607212           15.150593       1.096549

2456177.804223           15.149000       1.097708

2456178.001234           15.147430       1.098848

2456178.198245           15.145883       1.099968

2456178.395256           15.144360       1.101069

2456178.592267           15.142861       1.102151

2456178.789277           15.141386       1.103215

2456178.986288           15.139935       1.104260

2456179.183299           15.138508       1.105286

2456179.380310           15.137105       1.106295

2456179.577321           15.135727       1.107286

2456179.774332           15.134373       1.108259

2456179.971343           15.133043       1.109214

2456180.168354           15.131738       1.110152

2456180.365365           15.130458       1.111073

2456180.562376           15.129203       1.111977

2456180.759387           15.127973       1.112864

2456180.956397           15.126768       1.113735

2456181.153408           15.125588       1.114589

2456181.350419           15.124434       1.115427

2456181.547430           15.123305       1.116248

2456181.744441           15.122201       1.117054

2456181.941452           15.121123       1.117844

2456182.138463           15.120070       1.118618

2456182.335474           15.119044       1.119377

2456182.532485           15.118043       1.120120

2456182.729496           15.117068       1.120848

2456182.926507           15.116119       1.121562

2456183.123518           15.115197       1.122260

2456183.320528           15.114300       1.122944

2456183.517539           15.113430       1.123613

2456183.714550           15.112587       1.124267

2456183.911561           15.111770       1.124907

2456184.108572           15.110979       1.125534

2456184.305583           15.110216       1.126146

2456184.502594           15.109479       1.126744

2456184.699605           15.108769       1.127328

2456184.896616           15.108086       1.127899

2456185.093627           15.107430       1.128456

2456185.290638           15.106801       1.129000

2456185.487648           15.106199       1.129530

2456185.684659           15.105625       1.130047

2456185.881670           15.105078       1.130552

2456186.078681           15.104558       1.131043

2456186.275692           15.104067       1.131521

2456186.472703           15.103603       1.131987

2456186.669714           15.103166       1.132440

2456186.866725           15.102758       1.132880

2456187.063736           15.102377       1.133308

2456187.260747           15.102025       1.133724

2456187.457758           15.101700       1.134128

2456187.654768           15.101404       1.134519

2456187.851779           15.101137       1.134898

2456188.048790           15.100897       1.135265

2456188.245801           15.100686       1.135620

2456188.442812           15.100504       1.135964

2456188.639823           15.100350       1.136296

2456188.836834           15.100225       1.136616

2456189.033845           15.100129       1.136924

2456189.230856           15.100062       1.137221

2456189.427867           15.100024       1.137506

2456189.624878           15.100015       1.137780

2456189.821888           15.100035       1.138043

2456190.018899           15.100085       1.138294

2456190.215910           15.100164       1.138534

2456190.412921           15.100272       1.138763

2456190.609932           15.100410       1.138981

2456190.806943           15.100578       1.139188

2456191.003954           15.100775       1.139384

2456191.200965           15.101003       1.139569

2456191.397976           15.101260       1.139743

2456191.594987           15.101547       1.139906

2456191.791998           15.101865       1.140058

2456191.989009           15.102213       1.140199

2456192.186019           15.102591       1.140330

2456192.383030           15.103000       1.140450

2456192.580041           15.103439       1.140559

2456192.777052           15.103909       1.140657

2456192.974063           15.104409       1.140745

2456193.171074           15.104941       1.140822

2456193.368085           15.105504       1.140889

2456193.565096           15.106097       1.140945

2456193.762107           15.106722       1.140990

2456193.959118           15.107378       1.141025

2456194.156129           15.108065       1.141049

2456194.353139           15.108784       1.141062

2456194.550150           15.109535       1.141065

2456194.747161           15.110317       1.141057

2456194.944172           15.111131       1.141039

2456195.141183           15.111977       1.141010

2456195.338194           15.112855       1.140971

2456195.535205           15.113765       1.140921

2456195.732216           15.114708       1.140860

2456195.929227           15.115683       1.140789

2456196.126238           15.116690       1.140707

2456196.323249           15.117730       1.140615

2456196.520259           15.118803       1.140511

2456196.717270           15.119908       1.140397

2456196.914281           15.121047       1.140273

2456197.111292           15.122218       1.140137

2456197.308303           15.123423       1.139991

2456197.505314           15.124661       1.139834

2456197.702325           15.125933       1.139666

2456197.899336           15.127238       1.139487

2456198.096347           15.128577       1.139297

2456198.293358           15.129949       1.139096

2456198.490369           15.131356       1.138884

2456198.687379           15.132796       1.138661

2456198.884390           15.134271       1.138427

2456199.081401           15.135780       1.138181

2456199.278412           15.137324       1.137925

2456199.475423           15.138902       1.137657

2456199.672434           15.140515       1.137377

2456199.869445           15.142163       1.137087

2456200.066456           15.143845       1.136784

2456200.263467           15.145563       1.136471

2456200.460478           15.147316       1.136145

2456200.657489           15.149104       1.135808

2456200.854499           15.150928       1.135459

2456201.051510           15.152788       1.135098

2456201.248521           15.154683       1.134725

2456201.445532           15.156614       1.134340

2456201.642543           15.158581       1.133942

2456201.839554           15.160585       1.133533

2456202.036565           15.162625       1.133111

2456202.233576           15.164701       1.132677

2456202.430587           15.166814       1.132231

2456202.627598           15.168964       1.131771

2456202.824609           15.171150       1.131299

2456203.021620           15.173374       1.130814

2456203.218630           15.175635       1.130317

2456203.415641           15.177933       1.129806

2456203.612652           15.180269       1.129282

2456203.809663           15.182642       1.128745

2456204.006674           15.185053       1.128194

2456204.203685           15.187503       1.127630

2456204.400696           15.189990       1.127052

2456204.597707           15.192515       1.126460

2456204.794718           15.195079       1.125855

2456204.991729           15.197682       1.125235

2456205.188740           15.200323       1.124602

2456205.385750           15.203003       1.123954

2456205.582761           15.205722       1.123291

2456205.779772           15.208480       1.122614

2456205.976783           15.211277       1.121923

2456206.173794           15.214114       1.121216

2456206.370805           15.216991       1.120494

2456206.567816           15.219907       1.119758

2456206.764827           15.222864       1.119006

2456206.961838           15.225860       1.118238

2456207.158849           15.228897       1.117455

2456207.355860           15.231974       1.116656

2456207.552870           15.235092       1.115841

2456207.749881           15.238250       1.115010

2456207.946892           15.241450       1.114163

2456208.143903           15.244690       1.113299

2456208.340914           15.247972       1.112419

2456208.537925           15.251295       1.111521

2456208.734936           15.254659       1.110607

2456208.931947           15.258066       1.109676

2456209.128958           15.261514       1.108727

2456209.325969           15.265004       1.107761

2456209.522980           15.268536       1.106777

2456209.719990           15.272111       1.105775

2456209.917001           15.275728       1.104754

2456210.114012           15.279388       1.103716

2456210.311023           15.283091       1.102659

2456210.508034           15.286837       1.101583

2456210.705045           15.290625       1.100489

2456210.902056           15.294458       1.099375

2456211.099067           15.298333       1.098242

2456211.296078           15.302253       1.097089

2456211.493089           15.306216       1.095917

2456211.690100           15.310223       1.094725

2456211.887111           15.314274       1.093512

2456212.084121           15.318369       1.092279

2456212.281132           15.322509       1.091026

2456212.478143           15.326693       1.089751

2456212.675154           15.330922       1.088456

2456212.872165           15.335196       1.087139

2456213.069176           15.339515       1.085800

2456213.266187           15.343880       1.084440

2456213.463198           15.348289       1.083058

2456213.660209           15.352744       1.081653

2456213.857220           15.357245       1.080226

2456214.054231           15.361791       1.078777

2456214.251241           15.366384       1.077304

2456214.448252           15.371022       1.075808

2456214.645263           15.375707       1.074289

2456214.842274           15.380438       1.072746

2456215.039285           15.385216       1.071178

2456215.236296           15.390041       1.069587

2456215.433307           15.394912       1.067971

2456215.630318           15.399830       1.066331

2456215.827329           15.404795       1.064665

2456216.024340           15.409808       1.062974

2456216.221351           15.414868       1.061258

2456216.418361           15.419975       1.059515

2456216.615372           15.425130       1.057747

2456216.812383           15.430333       1.055952

2456217.009394           15.435583       1.054131

2456217.206405           15.440882       1.052283

2456217.403416           15.446229       1.050407

2456217.600427           15.451624       1.048504

2456217.797438           15.457067       1.046574

2456217.994449           15.462559       1.044615

2456218.191460           15.468099       1.042629

2456218.388471           15.473688       1.040613

2456218.585481           15.479326       1.038569

2456218.782492           15.485013       1.036496

2456218.979503           15.490749       1.034393

2456219.176514           15.496534       1.032260

2456219.373525           15.502369       1.030098

2456219.570536           15.508252       1.027905

2456219.767547           15.514185       1.025682

2456219.964558           15.520167       1.023428

2456220.161569           15.526199       1.021142

2456220.358580           15.532281       1.018826

2456220.555591           15.538412       1.016477

2456220.752602           15.544593       1.014096

2456220.949612           15.550824       1.011684

2456221.146623           15.557105       1.009238

2456221.343634           15.563436       1.006760

2456221.540645           15.569817       1.004248

2456221.737656           15.576248       1.001703

2456221.934667           15.582729       0.999124

2456222.131678           15.589260       0.996511

2456222.328689           15.595842       0.993863

2456222.525700           15.602473       0.991181

2456222.722711           15.609155       0.988464

2456222.919722           15.615888       0.985711

2456223.116732           15.622670       0.982923

2456223.313743           15.629503       0.980099

2456223.510754           15.636386       0.977239

2456223.707765           15.643320       0.974342

2456223.904776           15.650303       0.971409

2456224.101787           15.657337       0.968438

2456224.298798           15.664422       0.965430

2456224.495809           15.671556       0.962385

2456224.692820           15.678741       0.959301

2456224.889831           15.685976       0.956179

2456225.086842           15.693262       0.953019

2456225.283852           15.700597       0.949820

2456225.480863           15.707982       0.946581

2456225.677874           15.715417       0.943304

2456225.874885           15.722903       0.939986

2456226.071896           15.730438       0.936629

2456226.268907           15.738022       0.933231

2456226.465918           15.745657       0.929793

2456226.662929           15.753341       0.926314

2456226.859940           15.761074       0.922794

2456227.056951           15.768857       0.919233

2456227.253962           15.776689       0.915630

2456227.450972           15.784569       0.911985

2456227.647983           15.792499       0.908298

2456227.844994           15.800478       0.904569

2456228.042005           15.808505       0.900797

2456228.239016           15.816581       0.896982

2456228.436027           15.824704       0.893123

2456228.633038           15.832876       0.889222

2456228.830049           15.841096       0.885276

2456229.027060           15.849363       0.881287

2456229.224071           15.857678       0.877254

2456229.421082           15.866040       0.873176

2456229.618092           15.874449       0.869054

2456229.815103           15.882905       0.864887

2456230.012114           15.891407       0.860675

2456230.209125           15.899955       0.856417

2456230.406136           15.908549       0.852114

2456230.603147           15.917189       0.847766

2456230.800158           15.925873       0.843372

2456230.997169           15.934603       0.838931

2456231.194180           15.943378       0.834444

2456231.391191           15.952196       0.829911

2456231.588202           15.961059       0.825332

2456231.785213           15.969965       0.820705

2456231.982223           15.978914       0.816032

2456232.179234           15.987906       0.811311

2456232.376245           15.996940       0.806544

2456232.573256           16.006016       0.801729

2456232.770267           16.015134       0.796866

2456232.967278           16.024293       0.791956

2456233.164289           16.033492       0.786998

2456233.361300           16.042731       0.781992

2456233.558311           16.052009       0.776938

2456233.755322           16.061327       0.771837

2456233.952333           16.070683       0.766687

2456234.149343           16.080077       0.761489

2456234.346354           16.089509       0.756242

2456234.543365           16.098977       0.750948

2456234.740376           16.108481       0.745605

2456234.937387           16.118021       0.740213

2456235.134398           16.127596       0.734773

2456235.331409           16.137205       0.729285

2456235.528420           16.146848       0.723748

2456235.725431           16.156524       0.718163

2456235.922442           16.166232       0.712530

2456236.119453           16.175971       0.706848

2456236.316463           16.185741       0.701117

2456236.513474           16.195541       0.695339

2456236.710485           16.205371       0.689512

2456236.907496           16.215228       0.683637

2456237.104507           16.225114       0.677714

2456237.301518           16.235026       0.671743

2456237.498529           16.244963       0.665724

2456237.695540           16.254926       0.659657

2456237.892551           16.264913       0.653543

2456238.089562           16.274923       0.647382

2456238.286573           16.284955       0.641173

2456238.483583           16.295009       0.634918

2456238.680594           16.305082       0.628615

2456238.877605           16.315175       0.622266

2456239.074616           16.325286       0.615871

2456239.271627           16.335414       0.609430

2456239.468638           16.345558       0.602943

2456239.665649           16.355717       0.596410

2456239.862660           16.365889       0.589832

2456240.059671           16.376074       0.583210

2456240.256682           16.386271       0.576543

2456240.453693           16.396477       0.569832

2456240.650704           16.406693       0.563077

2456240.847714           16.416916       0.556279

2456241.044725           16.427145       0.549438

2456241.241736           16.437380       0.542555

2456241.438747           16.447618       0.535630

2456241.635758           16.457858       0.528664

2456241.832769           16.468099       0.521657

2456242.029780           16.478339       0.514610

2456242.226791           16.488578       0.507523

2456242.423802           16.498812       0.500397

2456242.620813           16.509042       0.493232

2456242.817824           16.519265       0.486030

2456243.014834           16.529480       0.478792

2456243.211845           16.539685       0.471516

2456243.408856           16.549878       0.464206

2456243.605867           16.560058       0.456861

2456243.802878           16.570223       0.449482

2456243.999889           16.580372       0.442071

2456244.196900           16.590502       0.434628

2456244.393911           16.600611       0.427154

2456244.590922           16.610699       0.419650

2456244.787933           16.620763       0.412118

2456244.984944           16.630800       0.404558

2456245.181954           16.640810       0.396972

2456245.378965           16.650790       0.389361

2456245.575976           16.660738       0.381726

2456245.772987           16.670652       0.374070

2456245.969998           16.680530       0.366392

2456246.167009           16.690369       0.358696

2456246.364020           16.700169       0.350983

2456246.561031           16.709926       0.343254

2456246.758042           16.719638       0.335512

2456246.955053           16.729302       0.327759

2456247.152064           16.738918       0.319997

2456247.349074           16.748481       0.312228

2456247.546085           16.757991       0.304455

2456247.743096           16.767444       0.296681

2456247.940107           16.776837       0.288909

2456248.137118           16.786169       0.281143

2456248.334129           16.795437       0.273385

2456248.531140           16.804638       0.265640

2456248.728151           16.813770       0.257912

2456248.925162           16.822829       0.250206

2456249.122173           16.831814       0.242528

2456249.319184           16.840720       0.234883

2456249.516194           16.849547       0.227277

2456249.713205           16.858290       0.219719

2456249.910216           16.866947       0.212216

2456250.107227           16.875514       0.204777

2456250.304238           16.883990       0.197414

2456250.501249           16.892370       0.190137

2456250.698260           16.900651       0.182961

2456250.895271           16.908832       0.175900

2456251.092282           16.916908       0.168973

2456251.289293           16.924875       0.162198

2456251.486304           16.932732       0.155600

2456251.683315           16.940474       0.149204

2456251.880325           16.948099       0.143040

2456252.077336           16.955602       0.137142

2456252.274347           16.962981       0.131548

2456252.471358           16.970231       0.126302

2456252.668369           16.977350       0.121449

2456252.865380           16.984333       0.117043

2456253.062391           16.991178       0.113135

2456253.259402           16.997879       0.109782

2456253.456413           17.004435       0.107036

2456253.653424           17.010840       0.104948

2456253.850435           17.017091       0.103556

2456254.047445           17.023185       0.102892

2456254.244456           17.029118       0.102968

2456254.441467           17.034886       0.103783

2456254.638478           17.040486       0.105322

2456254.835489           17.045914       0.107551

2456255.032500           17.051169       0.110430

