FILTER Phase FILTER FMAG FERR
1 -11.91 B 15.600 0.022
6 -11.89 B 15.579 0.029
11 -10.92 B 15.151 0.022
16 -10.79 B 15.096 0.022
20 -10.51 B 15.054 0.041
25 -9.89 B 14.774 0.022
30 -9.79 B 14.765 0.022
34 -9.53 B 14.751 0.022
38 -9.03 B 14.587 0.022
42 -8.98 B 14.543 0.022
46 -8.87 B 14.512 0.022
51 -8.81 B 14.494 0.022
55 -8.24 B 14.343 0.024
60 -7.97 B 14.304 0.022
64 -7.9 B 14.293 0.022
68 -7.79 B 14.274 0.022
72 -6.98 B 14.127 0.022
77 -6.91 B 14.101 0.022
79 -6.22 B 14.007 0.022
83 -6.02 B 14.014 0.022
88 -5.97 B 13.979 0.022
93 -5.81 B 13.950 0.022
97 -5.23 B 13.863 0.022
101 -4.91 B 13.861 0.022
106 -4.82 B 13.843 0.022
110 -4.23 B 13.755 0.025
115 -3.95 B 13.768 0.022
119 -3.24 B 13.716 0.022
123 -3.07 B 13.741 0.022
128 -2.98 B 13.718 0.022
133 -1.99 B 13.677 0.022
137 -1.87 B 13.666 0.022
142 -1.83 B 13.664 0.022
146 -1.24 B 13.654 0.022
151 -0.79 B 13.643 0.022
155 -0.24 B 13.621 0.021
159 0.0 B 13.650 0.022
163 0.06 B 13.623 0.022
168 0.18 B 13.619 0.022
173 1.07 B 13.637 0.022
178 1.18 B 13.622 0.022
182 1.77 B 13.649 0.022
186 2.06 B 13.641 0.022
191 2.08 B 13.654 0.022
196 2.17 B 13.631 0.022
199 2.78 B 13.719 0.021
204 3.04 B 13.702 0.022
209 3.17 B 13.681 0.022
213 3.81 B 13.717 0.022
220 5.02 B 13.815 0.022
224 8.95 B 14.093 0.045
229 9.06 B 14.090 0.022
233 9.1 B 14.040 0.035
241 10.02 B 14.171 0.022
246 10.16 B 14.182 0.022
250 11.11 B 14.217 0.021
255 11.14 B 14.278 0.023
260 12.16 B 14.377 0.022
265 13.09 B 14.465 0.026
269 14.01 B 14.553 0.022
274 14.16 B 14.570 0.022
279 15.0 B 14.647 0.022
284 15.13 B 14.670 0.037
289 16.05 B 14.778 0.022
293 16.08 B 14.755 0.022
298 16.13 B 14.781 0.022
303 17.0 B 14.879 0.022
307 17.01 B 14.911 0.022
312 17.13 B 14.879 0.021
316 17.83 B 14.913 0.032
321 18.07 B 14.984 0.025
325 18.41 B 15.045 0.032
329 19.78 B 15.229 0.031
334 20.07 B 15.193 0.021
338 20.17 B 15.224 0.022
342 20.79 B 15.298 0.021
346 21.0 B 15.308 0.022
351 22.11 B 15.439 0.025
356 24.02 B 15.604 0.022
361 24.07 B 15.621 0.026
365 25.82 B 15.791 0.022
369 25.93 B 15.801 0.022
373 25.95 B 15.811 0.022
378 26.04 B 15.778 0.022
382 26.07 B 15.765 0.021
386 26.1 B 15.799 0.022
391 28.07 B 15.925 0.022
395 28.76 B 16.010 0.022
399 28.97 B 16.071 0.022
404 29.06 B 16.057 0.022
407 29.37 B 16.101 0.025
411 29.76 B 16.081 0.023
415 30.04 B 16.101 0.025
420 30.07 B 16.127 0.024
424 31.73 B 16.256 0.022
429 32.05 B 16.244 0.025
433 35.74 B 16.479 0.031
437 35.88 B 16.483 0.022
442 37.04 B 16.501 0.033
446 37.14 B 16.508 0.054
451 39.04 B 16.632 0.037
455 39.94 B 16.638 0.026
460 41.04 B 16.674 0.023
464 41.1 B 16.690 0.036
468 42.74 B 16.710 0.022
471 42.95 B 16.744 0.022
476 43.07 B 16.735 0.025
481 45.03 B 16.723 0.022
485 45.89 B 16.805 0.022
490 47.03 B 16.789 0.026
494 47.34 B 16.828 0.055
499 49.03 B 16.839 0.025
504 51.03 B 16.841 0.028
509 53.03 B 16.885 0.033
514 55.03 B 16.906 0.026
518 55.05 B 16.905 0.033
523 57.03 B 16.957 0.027
528 59.03 B 17.013 0.031
532 63.02 B 17.070 0.055
535 66.02 B 17.121 0.059
542 69.01 B 17.115 0.051
546 70.35 B 17.225 0.038
550 71.35 B 17.263 0.078
552 72.01 B 17.270 0.051
556 75.01 B 17.261 0.051
560 78.01 B 17.175 0.051
564 81.0 B 17.309 0.051
568 84.0 B 17.325 0.051
572 84.99 B 17.453 0.051
576 88.0 B 17.545 0.051
580 90.99 B 17.422 0.064
4 -11.91 I 15.360 0.041
9 -11.89 I 15.312 0.041
14 -10.92 I 15.062 0.041
19 -10.79 I 14.953 0.041
23 -10.51 I 14.896 0.041
28 -9.89 I 14.701 0.041
33 -9.79 I 14.651 0.041
37 -9.53 I 14.573 0.041
41 -9.03 I 14.464 0.041
45 -8.98 I 14.487 0.041
49 -8.87 I 14.409 0.041
54 -8.81 I 14.407 0.041
58 -8.24 I 14.269 0.041
63 -7.97 I 14.259 0.041
67 -7.9 I 14.199 0.041
71 -7.79 I 14.217 0.041
75 -6.98 I 14.108 0.041
82 -6.22 I 13.948 0.041
86 -6.02 I 13.948 0.041
91 -5.97 I 13.970 0.041
96 -5.81 I 13.915 0.041
100 -5.23 I 13.845 0.041
104 -4.91 I 13.863 0.041
109 -4.82 I 13.828 0.041
113 -4.23 I 13.765 0.041
118 -3.95 I 13.778 0.041
122 -3.24 I 13.774 0.041
126 -3.07 I 13.755 0.041
131 -2.98 I 13.786 0.041
136 -1.99 I 13.783 0.041
140 -1.87 I 13.767 0.041
145 -1.83 I 13.767 0.041
149 -1.24 I 13.745 0.041
154 -0.79 I 13.766 0.041
158 -0.24 I 13.772 0.041
162 0.0 I 13.748 0.041
166 0.06 I 13.785 0.041
171 0.18 I 13.761 0.041
176 1.07 I 13.821 0.041
181 1.18 I 13.773 0.041
185 1.77 I 13.787 0.041
189 2.06 I 13.812 0.041
194 2.08 I 13.858 0.041
202 2.78 I 13.800 0.041
207 3.04 I 13.884 0.041
212 3.17 I 13.840 0.041
216 3.81 I 13.833 0.041
219 4.16 I 13.814 0.041
223 5.02 I 13.884 0.041
227 8.95 I 14.059 0.041
232 9.06 I 14.117 0.041
236 9.1 I 14.093 0.041
239 9.4 I 14.143 0.053
244 10.02 I 14.171 0.041
249 10.16 I 14.168 0.041
253 11.11 I 14.197 0.041
258 11.14 I 14.248 0.041
263 12.16 I 14.297 0.041
268 13.09 I 14.328 0.041
272 14.01 I 14.336 0.041
277 14.16 I 14.343 0.041
282 15.0 I 14.400 0.041
287 15.13 I 14.347 0.041
292 16.05 I 14.402 0.041
296 16.08 I 14.309 0.041
301 16.13 I 14.349 0.041
306 17.0 I 14.371 0.041
310 17.01 I 14.340 0.041
315 17.13 I 14.332 0.041
319 17.83 I 14.317 0.041
324 18.07 I 14.314 0.041
328 18.41 I 14.316 0.041
332 19.78 I 14.290 0.041
337 20.07 I 14.270 0.041
341 20.17 I 14.279 0.041
345 20.79 I 14.280 0.041
349 21.0 I 14.263 0.041
354 22.11 I 14.294 0.041
359 24.02 I 14.260 0.041
364 24.07 I 14.217 0.041
368 25.82 I 14.230 0.041
372 25.93 I 14.223 0.041
376 25.95 I 14.201 0.041
381 26.04 I 14.197 0.041
385 26.07 I 14.192 0.041
389 26.1 I 14.304 0.041
394 28.07 I 14.186 0.041
398 28.76 I 14.220 0.041
402 28.97 I 14.203 0.041
410 29.37 I 14.196 0.041
414 29.76 I 14.245 0.041
418 30.04 I 14.232 0.041
423 30.07 I 14.214 0.041
427 31.73 I 14.311 0.041
432 32.05 I 14.263 0.041
436 35.74 I 14.587 0.041
440 35.88 I 14.536 0.041
445 37.04 I 14.624 0.041
449 37.14 I 14.583 0.041
454 39.04 I 14.665 0.041
458 39.94 I 14.829 0.041
463 41.04 I 14.878 0.041
467 41.1 I 14.865 0.041
470 42.74 I 15.061 0.041
474 42.95 I 15.002 0.041
479 43.07 I 14.997 0.041
484 45.03 I 15.096 0.041
488 45.89 I 15.140 0.041
493 47.03 I 15.169 0.041
497 47.34 I 15.236 0.065
502 49.03 I 15.270 0.041
507 51.03 I 15.373 0.041
512 53.03 I 15.419 0.041
517 55.03 I 15.589 0.041
521 55.05 I 15.606 0.042
526 57.03 I 15.605 0.041
531 59.03 I 15.727 0.041
538 66.02 I 16.002 0.041
541 67.35 I 16.074 0.041
545 69.01 I 16.201 0.041
549 70.35 I 16.297 0.041
555 72.01 I 16.295 0.041
559 75.01 I 16.443 0.041
563 78.01 I 16.487 0.041
567 81.0 I 16.575 0.041
571 84.0 I 16.744 0.041
575 84.99 I 16.836 0.041
579 88.0 I 17.061 0.054
583 90.99 I 17.054 0.047
3 -11.91 R 15.189 0.032
8 -11.89 R 15.206 0.041
13 -10.92 R 14.838 0.032
18 -10.79 R 14.846 0.032
22 -10.51 R 14.793 0.032
27 -9.89 R 14.474 0.032
32 -9.79 R 14.536 0.032
36 -9.53 R 14.488 0.032
40 -9.03 R 14.411 0.032
44 -8.98 R 14.291 0.032
48 -8.87 R 14.326 0.032
53 -8.81 R 14.298 0.032
57 -8.24 R 14.190 0.032
62 -7.97 R 14.079 0.032
66 -7.9 R 14.128 0.032
70 -7.79 R 14.095 0.032
74 -6.98 R 13.916 0.032
81 -6.22 R 13.875 0.032
85 -6.02 R 13.884 0.032
90 -5.97 R 13.785 0.032
95 -5.81 R 13.796 0.032
99 -5.23 R 13.781 0.032
103 -4.91 R 13.708 0.032
108 -4.82 R 13.697 0.032
112 -4.23 R 13.704 0.032
117 -3.95 R 13.683 0.032
121 -3.24 R 13.629 0.032
125 -3.07 R 13.644 0.032
130 -2.98 R 13.558 0.032
135 -1.99 R 13.523 0.032
139 -1.87 R 13.551 0.032
144 -1.83 R 13.577 0.032
148 -1.24 R 13.550 0.032
153 -0.79 R 13.548 0.032
157 -0.24 R 13.559 0.032
161 0.0 R 13.578 0.032
165 0.06 R 13.515 0.032
170 0.18 R 13.517 0.032
175 1.07 R 13.485 0.032
180 1.18 R 13.525 0.032
184 1.77 R 13.540 0.032
188 2.06 R 13.505 0.032
193 2.08 R 13.496 0.032
198 2.17 R 13.509 0.032
201 2.78 R 13.539 0.032
206 3.04 R 13.519 0.032
211 3.17 R 13.545 0.032
215 3.81 R 13.551 0.032
218 4.16 R 13.527 0.032
222 5.02 R 13.638 0.032
226 8.95 R 13.813 0.032
231 9.06 R 13.789 0.032
235 9.1 R 13.742 0.032
238 9.4 R 13.795 0.032
243 10.02 R 13.814 0.032
248 10.16 R 13.868 0.032
252 11.11 R 13.888 0.032
257 11.14 R 13.941 0.035
262 12.16 R 14.013 0.032
267 13.09 R 14.054 0.034
271 14.01 R 14.141 0.032
276 14.16 R 14.103 0.032
281 15.0 R 14.117 0.032
286 15.13 R 14.154 0.032
291 16.05 R 14.161 0.032
295 16.08 R 14.168 0.032
300 16.13 R 14.200 0.039
305 17.0 R 14.161 0.032
309 17.01 R 14.251 0.032
314 17.13 R 14.196 0.032
318 17.83 R 14.217 0.032
323 18.07 R 14.216 0.032
327 18.41 R 14.206 0.032
331 19.78 R 14.244 0.032
336 20.07 R 14.242 0.032
340 20.17 R 14.250 0.032
344 20.79 R 14.260 0.032
348 21.0 R 14.280 0.032
353 22.11 R 14.288 0.031
358 24.02 R 14.261 0.032
363 24.07 R 14.302 0.032
367 25.82 R 14.381 0.032
371 25.93 R 14.383 0.032
375 25.95 R 14.401 0.032
380 26.04 R 14.345 0.032
384 26.07 R 14.357 0.032
388 26.1 R 14.391 0.032
393 28.07 R 14.417 0.032
397 28.76 R 14.470 0.032
401 28.97 R 14.497 0.032
406 29.06 R 14.496 0.032
409 29.37 R 14.482 0.032
413 29.76 R 14.497 0.032
417 30.04 R 14.513 0.032
422 30.07 R 14.515 0.032
426 31.73 R 14.632 0.032
431 32.05 R 14.609 0.032
435 35.74 R 14.914 0.032
439 35.88 R 14.902 0.032
444 37.04 R 14.986 0.035
448 37.14 R 14.979 0.032
453 39.04 R 15.052 0.032
457 39.94 R 15.166 0.032
462 41.04 R 15.195 0.032
466 41.1 R 15.161 0.032
473 42.95 R 15.287 0.032
478 43.07 R 15.292 0.032
483 45.03 R 15.348 0.032
487 45.89 R 15.396 0.032
492 47.03 R 15.415 0.032
496 47.34 R 15.451 0.032
501 49.03 R 15.466 0.032
506 51.03 R 15.550 0.032
511 53.03 R 15.591 0.032
516 55.03 R 15.735 0.032
520 55.05 R 15.684 0.032
525 57.03 R 15.746 0.032
530 59.03 R 15.819 0.032
534 63.02 R 15.910 0.032
537 66.02 R 16.047 0.032
540 67.35 R 16.094 0.025
544 69.01 R 16.150 0.032
548 70.35 R 16.201 0.027
554 72.01 R 16.219 0.032
558 75.01 R 16.308 0.032
562 78.01 R 16.385 0.032
566 81.0 R 16.489 0.032
570 84.0 R 16.625 0.032
574 84.99 R 16.572 0.032
578 88.0 R 16.739 0.034
582 90.99 R 16.756 0.032
0 -11.91 U 15.862 0.038
5 -11.89 U 15.850 0.038
10 -10.92 U 15.360 0.035
15 -10.79 U 15.254 0.035
24 -9.89 U 14.851 0.035
29 -9.79 U 14.768 0.035
50 -8.81 U 14.380 0.035
59 -7.97 U 14.154 0.035
76 -6.91 U 13.883 0.035
87 -5.97 U 13.734 0.035
92 -5.81 U 13.655 0.035
105 -4.82 U 13.564 0.035
114 -3.95 U 13.527 0.035
127 -2.98 U 13.433 0.035
132 -1.99 U 13.395 0.035
141 -1.83 U 13.422 0.035
150 -0.79 U 13.403 0.035
167 0.18 U 13.393 0.035
172 1.07 U 13.444 0.035
177 1.18 U 13.412 0.035
190 2.08 U 13.489 0.035
195 2.17 U 13.487 0.035
203 3.04 U 13.564 0.035
208 3.17 U 13.563 0.035
228 9.06 U 14.117 0.054
240 10.02 U 14.216 0.035
245 10.16 U 14.219 0.035
254 11.14 U 14.299 0.035
259 12.16 U 14.429 0.035
264 13.09 U 14.539 0.035
273 14.16 U 14.682 0.035
278 15.0 U 14.841 0.037
283 15.13 U 14.828 0.036
288 16.05 U 14.99 0.035
297 16.13 U 14.983 0.035
302 17.0 U 15.141 0.035
311 17.13 U 15.082 0.035
320 18.07 U 15.251 0.035
333 20.07 U 15.513 0.039
350 22.11 U 15.761 0.038
355 24.02 U 15.977 0.035
360 24.07 U 16.008 0.034
377 26.04 U 16.149 0.044
390 28.07 U 16.280 0.035
403 29.06 U 16.373 0.035
419 30.07 U 16.433 0.045
428 32.05 U 16.544 0.071
441 37.04 U 16.926 0.141
450 39.04 U 16.818 0.138
459 41.04 U 16.845 0.059
475 43.07 U 16.945 0.088
480 45.03 U 16.873 0.086
489 47.03 U 17.141 0.123
498 49.03 U 17.011 0.095
503 51.03 U 17.014 0.088
508 53.03 U 17.056 0.084
513 55.03 U 17.248 0.132
522 57.03 U 17.323 0.094
527 59.03 U 17.291 0.142
2 -11.91 V 15.345999999999998 0.022000000000000002
7 -11.89 V 15.293 0.024
12 -10.92 V 15.0 0.022000000000000002
17 -10.79 V 14.955 0.022000000000000002
21 -10.51 V 14.954 0.032
26 -9.89 V 14.720999999999998 0.022000000000000002
31 -9.79 V 14.67 0.022000000000000002
35 -9.53 V 14.654000000000002 0.022000000000000002
39 -9.03 V 14.497 0.022000000000000002
43 -8.98 V 14.502 0.022000000000000002
47 -8.87 V 14.489 0.022000000000000002
52 -8.81 V 14.437999999999999 0.022000000000000002
56 -8.24 V 14.344000000000001 0.022000000000000002
61 -7.97 V 14.293 0.022000000000000002
65 -7.9 V 14.299000000000001 0.022000000000000002
69 -7.79 V 14.247 0.022000000000000002
73 -6.98 V 14.122 0.022000000000000002
78 -6.91 V 14.118 0.022000000000000002
80 -6.22 V 14.003 0.022000000000000002
84 -6.02 V 13.992 0.022000000000000002
89 -5.97 V 13.981 0.022000000000000002
94 -5.81 V 13.942 0.022000000000000002
98 -5.23 V 13.895999999999999 0.022000000000000002
102 -4.91 V 13.852 0.022000000000000002
107 -4.82 V 13.843 0.022000000000000002
111 -4.23 V 13.795 0.022000000000000002
116 -3.95 V 13.783 0.022000000000000002
120 -3.24 V 13.735999999999999 0.022000000000000002
124 -3.07 V 13.712 0.022000000000000002
129 -2.98 V 13.713 0.022000000000000002
134 -1.99 V 13.655 0.022000000000000002
138 -1.87 V 13.63 0.022000000000000002
143 -1.83 V 13.639000000000001 0.025
147 -1.24 V 13.638 0.022000000000000002
152 -0.79 V 13.6 0.022000000000000002
156 -0.24 V 13.595 0.022000000000000002
160 0.0 V 13.592 0.022000000000000002
164 0.06 V 13.57 0.022000000000000002
169 0.18 V 13.568 0.022000000000000002
174 1.07 V 13.574000000000002 0.022000000000000002
179 1.18 V 13.549000000000001 0.022000000000000002
183 1.77 V 13.581 0.022000000000000002
187 2.06 V 13.564 0.022000000000000002
192 2.08 V 13.574000000000002 0.022000000000000002
197 2.17 V 13.556 0.032
200 2.78 V 13.591 0.022000000000000002
205 3.04 V 13.581 0.022000000000000002
210 3.17 V 13.558 0.022000000000000002
214 3.81 V 13.616 0.022000000000000002
217 4.16 V 13.554 0.022000000000000002
221 5.02 V 13.624 0.022000000000000002
225 8.95 V 13.732999999999999 0.022000000000000002
230 9.06 V 13.74 0.022000000000000002
234 9.1 V 13.709000000000001 0.033
237 9.4 V 13.717 0.031
242 10.02 V 13.797 0.022000000000000002
247 10.16 V 13.808 0.022000000000000002
251 11.11 V 13.867 0.027000000000000003
256 11.14 V 13.866 0.032
261 12.16 V 13.894 0.028999999999999998
266 13.09 V 13.946 0.034
270 14.01 V 14.015 0.022000000000000002
275 14.16 V 14.002 0.022000000000000002
280 15.0 V 14.071 0.022000000000000002
285 15.13 V 14.052999999999999 0.027000000000000003
290 16.05 V 14.134 0.022000000000000002
294 16.08 V 14.118 0.023
299 16.13 V 14.119000000000002 0.028999999999999998
304 17.0 V 14.177999999999999 0.022000000000000002
308 17.01 V 14.195 0.022000000000000002
313 17.13 V 14.162 0.022000000000000002
317 17.83 V 14.222000000000001 0.022000000000000002
322 18.07 V 14.21 0.026000000000000002
326 18.41 V 14.279000000000002 0.022000000000000002
330 19.78 V 14.323 0.022000000000000002
335 20.07 V 14.308 0.022000000000000002
339 20.17 V 14.350999999999999 0.022000000000000002
343 20.79 V 14.405 0.022000000000000002
347 21.0 V 14.369000000000002 0.022000000000000002
352 22.11 V 14.43 0.026000000000000002
357 24.02 V 14.535 0.022000000000000002
362 24.07 V 14.505999999999998 0.024
366 25.82 V 14.636 0.022000000000000002
370 25.93 V 14.663 0.022000000000000002
374 25.95 V 14.645 0.022000000000000002
379 26.04 V 14.626 0.021
383 26.07 V 14.61 0.027000000000000003
387 26.1 V 14.662 0.022000000000000002
392 28.07 V 14.738 0.024
396 28.76 V 14.829 0.022000000000000002
400 28.97 V 14.812999999999999 0.022000000000000002
405 29.06 V 14.817 0.022000000000000002
408 29.37 V 14.811 0.026000000000000002
412 29.76 V 14.904000000000002 0.022000000000000002
416 30.04 V 14.859000000000002 0.022000000000000002
421 30.07 V 14.854000000000001 0.023
425 31.73 V 15.004000000000001 0.022000000000000002
430 32.05 V 14.943 0.022000000000000002
434 35.74 V 15.302 0.022000000000000002
438 35.88 V 15.244000000000002 0.022000000000000002
443 37.04 V 15.323 0.027000000000000003
447 37.14 V 15.285 0.027000000000000003
452 39.04 V 15.368 0.022000000000000002
456 39.94 V 15.472999999999999 0.022000000000000002
461 41.04 V 15.482000000000001 0.022000000000000002
465 41.1 V 15.48 0.024
469 42.74 V 15.58 0.022000000000000002
472 42.95 V 15.554 0.022000000000000002
477 43.07 V 15.574000000000002 0.022000000000000002
482 45.03 V 15.600999999999999 0.022000000000000002
486 45.89 V 15.661 0.022000000000000002
491 47.03 V 15.649000000000001 0.022000000000000002
495 47.34 V 15.690999999999999 0.022000000000000002
500 49.03 V 15.683 0.032
505 51.03 V 15.775 0.032
510 53.03 V 15.82 0.032
515 55.03 V 15.924000000000001 0.032
519 55.05 V 15.886 0.032
524 57.03 V 15.901 0.032
529 59.03 V 15.963 0.032
533 63.02 V 16.14 0.037000000000000005
536 66.02 V 16.164 0.032
539 67.35 V 16.24 0.032
543 69.01 V 16.259 0.032
547 70.35 V 16.309 0.032
551 71.35 V 16.35 0.064
553 72.01 V 16.31 0.032
557 75.01 V 16.421 0.032
561 78.01 V 16.429000000000002 0.032
565 81.0 V 16.573 0.032
569 84.0 V 16.663 0.034
573 84.99 V 16.646 0.032
577 88.0 V 16.706 0.031
581 90.99 V 16.844 0.039
