FILTER Phase FILTER FMAG FERR
0 -14.211000000000126 B 13.557 0.064
4 -13.228000000000065 B 13.253 0.067
11 -11.188999999999965 B 12.685 0.067
15 -10.206999999999994 B 12.462 0.069
19 -9.197000000000003 B 12.263 0.063
23 -8.215000000000032 B 12.095 0.065
29 -6.293000000000006 B 11.857 0.069
33 -5.187000000000012 B 11.766 0.079
37 -4.211000000000126 B 11.707 0.087
41 -3.22300000000007 B 11.640 0.088
43 -2.1680000000000064 B 11.616 0.088
49 -0.20199999999999818 B 11.575 0.085
53 0.8369999999999891 B 11.586 0.077
57 1.81899999999996 B 11.594 0.076
61 2.8210000000000264 B 11.614 0.082
65 3.7630000000000337 B 11.664 0.073
69 4.786000000000058 B 11.691 0.074
73 5.694999999999936 B 11.733 0.075
77 6.784999999999968 B 11.806 0.078
81 7.786999999999921 B 11.891 0.079
85 8.764999999999986 B 11.940 0.081
89 9.822999999999979 B 12.017 0.082
93 12.751999999999953 B 12.314 0.142
97 13.793999999999869 B 12.428 0.119
101 14.798999999999864 B 12.513 0.084
105 15.773999999999887 B 12.672 0.076
109 17.80600000000004 B 12.873 0.070
113 21.753000000000043 B 13.303 0.066
117 22.778999999999883 B 13.409 0.060
121 23.824999999999932 B 13.510 0.067
125 24.783999999999878 B 13.594 0.066
129 25.77800000000002 B 13.695 0.067
133 26.69399999999996 B 13.771 0.063
137 28.766000000000076 B 13.935 0.065
141 29.686999999999898 B 14.012 0.060
145 30.756000000000085 B 14.087 0.065
149 31.746999999999957 B 14.148 0.068
153 32.761999999999944 B 14.201 0.291
157 33.74599999999998 B 14.268 0.084
161 35.678 B 14.369 0.085
165 36.62099999999998 B 14.401 0.103
169 37.65999999999997 B 14.462 0.125
173 38.64199999999994 B 14.515 0.139
177 41.59299999999996 B 14.649 0.175
181 42.625999999999976 B 14.709 0.258
184 46.638999999999896 B 14.797 0.171
188 47.62300000000005 B 14.761 0.218
192 48.61500000000001 B 14.784 0.102
196 49.63199999999995 B 14.790 0.104
199 52.656999999999925 B 14.811 0.114
203 53.63300000000004 B 14.886 0.105
207 54.610000000000014 B 14.853 0.122
211 60.59299999999996 B 14.913 0.129
214 61.674999999999955 B 14.944 0.116
218 62.75 B 14.949 0.108
222 63.611999999999966 B 14.943 0.142
226 64.58600000000001 B 14.960 0.108
230 65.56899999999996 B 14.981 0.299
236 70.58100000000002 B 15.025 0.177
3 -14.211000000000126 I 13.255 0.054
7 -13.228000000000065 I 12.997 0.057
10 -12.188000000000102 I 12.725 0.057
14 -11.188999999999965 I 12.483 0.054
18 -10.206999999999994 I 12.266 0.054
22 -9.197000000000003 I 12.102 0.065
26 -8.215000000000032 I 11.961 0.063
32 -6.293000000000006 I 11.762 0.079
36 -5.187000000000012 I 11.695 0.079
40 -4.211000000000126 I 11.650 0.085
42 -3.22300000000007 I 11.636 0.086
46 -2.1680000000000064 I 11.635 0.074
52 -0.20199999999999818 I 11.698 0.060
56 0.8369999999999891 I 11.730 0.059
60 1.81899999999996 I 11.757 0.060
64 2.8210000000000264 I 11.791 0.059
68 3.7630000000000337 I 11.811 0.058
72 4.786000000000058 I 11.862 0.057
76 5.694999999999936 I 11.883 0.058
80 6.784999999999968 I 11.949 0.057
84 7.786999999999921 I 12.007 0.058
88 8.764999999999986 I 12.080 0.058
92 9.822999999999979 I 12.135 0.179
96 12.751999999999953 I 12.312 0.115
100 13.793999999999869 I 12.334 0.098
104 14.798999999999864 I 12.339 0.080
108 15.773999999999887 I 12.342 0.070
112 17.80600000000004 I 12.311 0.062
116 21.753000000000043 I 12.229 0.058
120 22.778999999999883 I 12.221 0.048
124 23.824999999999932 I 12.202 0.061
128 24.783999999999878 I 12.212 0.051
132 25.77800000000002 I 12.207 0.049
136 26.69399999999996 I 12.197 0.050
140 28.766000000000076 I 12.177 0.049
144 29.686999999999898 I 12.202 0.051
148 30.756000000000085 I 12.215 0.053
152 31.746999999999957 I 12.233 0.052
156 32.761999999999944 I 12.244 0.112
160 33.74599999999998 I 12.291 0.061
164 35.678 I 12.389 0.062
168 36.62099999999998 I 12.444 0.066
172 37.65999999999997 I 12.498 0.071
176 38.64199999999994 I 12.582 0.074
180 41.59299999999996 I 12.729 0.089
183 42.625999999999976 I 12.709 0.106
187 46.638999999999896 I 12.984 0.101
191 47.62300000000005 I 13.050 0.104
195 48.61500000000001 I 13.098 0.098
202 52.656999999999925 I 13.262 0.100
206 53.63300000000004 I 13.321 0.108
210 54.610000000000014 I 13.351 0.121
217 61.674999999999955 I 13.608 0.121
221 62.75 I 13.654 0.136
225 63.611999999999966 I 13.699 0.126
229 64.58600000000001 I 13.700 0.127
233 65.56899999999996 I 13.781 0.221
239 70.58100000000002 I 13.958 0.189
2 -14.211000000000126 R 13.352 0.033
6 -13.228000000000065 R 13.038 0.032
9 -12.188000000000102 R 12.776 0.035
13 -11.188999999999965 R 12.518 0.033
17 -10.206999999999994 R 12.311 0.034
21 -9.197000000000003 R 12.128 0.049
25 -8.215000000000032 R 11.985 0.038
28 -7.240000000000009 R 11.845 0.047
31 -6.293000000000006 R 11.758 0.051
35 -5.187000000000012 R 11.681 0.053
39 -4.211000000000126 R 11.616 0.053
45 -2.1680000000000064 R 11.539 0.048
48 -1.1980000000000928 R 11.530 0.039
51 -0.20199999999999818 R 11.516 0.039
55 0.8369999999999891 R 11.516 0.044
59 1.81899999999996 R 11.522 0.039
63 2.8210000000000264 R 11.512 0.038
67 3.7630000000000337 R 11.516 0.038
71 4.786000000000058 R 11.541 0.039
75 5.694999999999936 R 11.561 0.039
79 6.784999999999968 R 11.612 0.040
83 7.786999999999921 R 11.659 0.040
87 8.764999999999986 R 11.698 0.118
91 9.822999999999979 R 11.771 0.093
95 12.751999999999953 R 12.010 0.071
99 13.793999999999869 R 12.016 0.058
103 14.798999999999864 R 12.041 0.050
107 15.773999999999887 R 12.080 0.043
111 17.80600000000004 R 12.122 0.039
115 21.753000000000043 R 12.209 0.039
119 22.778999999999883 R 12.240 0.038
123 23.824999999999932 R 12.241 0.034
127 24.783999999999878 R 12.269 0.033
131 25.77800000000002 R 12.322 0.037
135 26.69399999999996 R 12.330 0.042
139 28.766000000000076 R 12.394 0.034
143 29.686999999999898 R 12.438 0.034
147 30.756000000000085 R 12.481 0.034
151 31.746999999999957 R 12.517 0.034
155 32.761999999999944 R 12.562 0.042
159 33.74599999999998 R 12.605 0.043
163 35.678 R 12.731 0.048
167 36.62099999999998 R 12.779 0.053
171 37.65999999999997 R 12.887 0.058
175 38.64199999999994 R 12.898 0.062
179 41.59299999999996 R 13.081 0.093
186 46.638999999999896 R 13.271 0.077
190 47.62300000000005 R 13.319 0.085
194 48.61500000000001 R 13.326 0.063
198 49.63199999999995 R 13.381 0.059
201 52.656999999999925 R 13.450 0.066
205 53.63300000000004 R 13.498 0.068
209 54.610000000000014 R 13.531 0.074
213 60.59299999999996 R 13.691 0.075
216 61.674999999999955 R 13.746 0.128
220 62.75 R 13.750 0.071
224 63.611999999999966 R 13.788 0.080
228 64.58600000000001 R 13.836 0.074
232 65.56899999999996 R 13.867 0.138
235 69.57199999999989 R 13.976 0.158
238 70.58100000000002 R 14.028 0.117
1 -14.211000000000126 V 13.398 0.041
5 -13.228000000000065 V 13.103 0.041
8 -12.188000000000102 V 12.844 0.042
12 -11.188999999999965 V 12.572 0.046
16 -10.206999999999994 V 12.366 0.044
20 -9.197000000000003 V 12.172 0.048
24 -8.215000000000032 V 12.035 0.045
27 -7.240000000000009 V 11.902 0.052
30 -6.293000000000006 V 11.824 0.056
34 -5.187000000000012 V 11.749 0.057
38 -4.211000000000126 V 11.658 0.058
44 -2.1680000000000064 V 11.563 0.054
47 -1.1980000000000928 V 11.512 0.047
50 -0.20199999999999818 V 11.509 0.047
54 0.8369999999999891 V 11.508 0.048
58 1.81899999999996 V 11.511 0.047
62 2.8210000000000264 V 11.505 0.047
66 3.7630000000000337 V 11.521 0.046
70 4.786000000000058 V 11.540 0.048
74 5.694999999999936 V 11.555 0.048
78 6.784999999999968 V 11.609 0.049
82 7.786999999999921 V 11.637 0.049
86 8.764999999999986 V 11.662 0.116
90 9.822999999999979 V 11.703 0.094
94 12.751999999999953 V 11.892 0.073
98 13.793999999999869 V 11.913 0.064
102 14.798999999999864 V 11.978 0.056
106 15.773999999999887 V 12.045 0.050
110 17.80600000000004 V 12.160 0.046
114 21.753000000000043 V 12.371 0.048
118 22.778999999999883 V 12.442 0.043
122 23.824999999999932 V 12.458 0.042
126 24.783999999999878 V 12.530 0.040
130 25.77800000000002 V 12.580 0.040
134 26.69399999999996 V 12.612 0.044
138 28.766000000000076 V 12.723 0.044
142 29.686999999999898 V 12.775 0.041
146 30.756000000000085 V 12.826 0.041
150 31.746999999999957 V 12.870 0.042
154 32.761999999999944 V 12.915 0.121
158 33.74599999999998 V 12.971 0.051
162 35.678 V 13.089 0.052
166 36.62099999999998 V 13.160 0.057
170 37.65999999999997 V 13.186 0.064
174 38.64199999999994 V 13.235 0.069
178 41.59299999999996 V 13.311 0.076
182 42.625999999999976 V 13.392 0.109
185 46.638999999999896 V 13.552 0.088
189 47.62300000000005 V 13.584 0.101
193 48.61500000000001 V 13.618 0.065
197 49.63199999999995 V 13.629 0.063
200 52.656999999999925 V 13.714 0.070
204 53.63300000000004 V 13.727 0.067
208 54.610000000000014 V 13.744 0.070
212 60.59299999999996 V 13.913 0.078
215 61.674999999999955 V 13.947 0.149
219 62.75 V 13.980 0.070
223 63.611999999999966 V 13.983 0.083
227 64.58600000000001 V 14.006 0.071
231 65.56899999999996 V 14.095 0.140
234 69.57199999999989 V 14.070 0.162
237 70.58100000000002 V 14.142 0.186
