FILTER Phase FILTER FMAG FERR
0 -8.6 B 14.982 0.025
2 -8.5 B 14.940 0.026
7 -7.9 B 14.818 0.031
9 -7.5 B 14.789 0.031
11 -7.5 B 14.762 0.012
16 -7.2 B 14.758 0.027
19 -7.1 B 14.723 0.016
22 -6.9 B 14.691 0.043
26 -6.9 B 14.703 0.072
30 -6.5 B 14.666 0.022
32 -6.5 B 14.681 0.034
34 -6.5 B 14.600 0.012
40 -6.2 B 14.618 0.015
42 -6.0 B 14.578 0.034
44 -5.5 B 14.469 0.011
47 -5.2 B 14.529 0.015
49 -5.0 B 14.514 0.030
51 -4.6 B 14.521 0.025
54 -4.5 B 14.509 0.015
56 -4.5 B 14.487 0.033
61 -4.0 B 14.411 0.030
63 -3.2 B 14.426 0.032
65 -3.0 B 14.375 0.031
68 -2.8 B 14.323 0.015
70 -2.5 B 14.383 0.022
72 -2.5 B 14.352 0.028
74 -2.0 B 14.331 0.031
76 -1.8 B 14.305 0.050
81 -1.6 B 14.389 0.022
83 -1.5 B 14.337 0.011
85 -1.3 B 14.333 0.022
87 -0.9 B 14.300 0.030
90 -0.5 B 14.353 0.015
92 -0.5 B 14.320 0.025
94 -0.4 B 14.287 0.011
96 -0.2 B 14.309 0.025
98 0.0 B 14.293 0.030
100 0.6 B 14.345 0.011
103 2.3 B 14.319 0.015
105 1.5 B 14.354 0.011
107 2.5 B 14.382 0.011
109 2.6 B 14.367 0.025
112 3.2 B 14.364 0.016
118 3.5 B 14.451 0.016
120 3.5 B 14.380 0.011
122 4.0 B 14.400 0.042
124 4.6 B 14.448 0.029
126 5.2 B 14.439 0.052
131 5.4 B 14.465 0.015
133 5.9 B 14.514 0.035
135 6.5 B 14.552 0.029
137 6.5 B 14.516 0.011
140 7.5 B 14.646 0.016
142 7.5 B 14.592 0.010
144 8.1 B 14.637 0.049
147 8.5 B 14.721 0.015
149 8.5 B 14.627 0.011
151 9.0 B 14.724 0.032
153 9.5 B 14.765 0.032
155 9.5 B 14.700 0.011
157 9.7 B 14.803 0.025
159 10.0 B 14.774 0.031
162 10.5 B 14.821 0.016
164 10.6 B 14.854 0.024
166 10.9 B 14.887 0.032
171 11.5 B 14.866 0.012
174 11.7 B 14.903 0.018
179 12.4 B 15.034 0.024
181 12.5 B 15.028 0.031
183 12.5 B 14.973 0.013
185 12.9 B 15.070 0.032
187 13.5 B 15.088 0.027
189 13.5 B 15.061 0.016
191 14.0 B 15.159 0.045
193 15.9 B 15.323 0.038
195 16.0 B 15.312 0.043
198 16.4 B 15.451 0.028
200 16.5 B 15.425 0.034
202 16.8 B 15.590 0.089
203 17.5 B 15.499 0.032
205 19.0 B 15.706 0.036
207 19.1 B 15.708 0.068
211 19.5 B 15.739 0.026
213 19.5 B 15.782 0.033
215 19.8 B 15.767 0.032
220 20.7 B 15.859 0.040
222 21.5 B 15.945 0.032
224 21.5 B 15.970 0.029
229 22.1 B 15.915 0.069
233 22.4 B 15.984 0.014
235 22.8 B 16.113 0.032
238 23.2 B 16.143 0.019
240 23.2 B 16.083 0.100
244 23.4 B 16.144 0.014
246 23.5 B 16.126 0.031
251 23.9 B 16.192 0.032
253 24.5 B 16.165 0.036
258 25.0 B 16.330 0.033
260 26.1 B 16.368 0.051
263 26.2 B 16.452 0.031
264 26.4 B 16.389 0.037
266 26.5 B 16.406 0.016
268 26.9 B 16.349 0.045
269 27.0 B 16.452 0.046
274 27.4 B 16.468 0.018
277 27.5 B 16.472 0.018
282 28.2 B 16.559 0.075
286 28.4 B 16.503 0.016
288 29.0 B 16.634 0.054
290 29.1 B 16.612 0.051
294 29.4 B 16.591 0.018
296 29.9 B 16.650 0.034
299 30.4 B 16.724 0.018
301 30.4 B 16.650 0.016
304 31.4 B 16.754 0.018
306 32.4 B 16.832 0.018
308 32.8 B 16.973 0.039
310 33.4 B 16.919 0.022
312 33.4 B 16.910 0.018
313 33.8 B 16.996 0.036
315 34.4 B 16.984 0.018
317 34.4 B 16.983 0.015
319 35.3 B 17.012 0.018
324 35.9 B 17.114 0.039
326 36.8 B 17.128 0.035
328 37.4 B 17.196 0.020
329 37.9 B 17.123 0.037
332 38.4 B 17.170 0.133
334 38.4 B 17.149 0.023
337 39.4 B 17.266 0.025
339 40.4 B 17.190 0.025
342 43.4 B 17.140 0.079
349 47.0 B 17.283 0.049
351 48.0 B 17.296 0.063
353 49.0 B 17.404 0.047
360 52.4 B 17.438 0.018
362 57.3 B 17.541 0.014
364 58.0 B 17.473 0.056
366 58.3 B 17.518 0.015
368 59.4 B 17.570 0.015
370 60.4 B 17.537 0.015
373 61.3 B 17.678 0.016
376 62.3 B 17.495 0.028
379 63.3 B 17.686 0.022
381 65.8 B 17.536 0.069
383 68.8 B 17.802 0.114
385 70.3 B 17.711 0.030
387 70.9 B 17.687 0.079
390 73.8 B 17.674 0.150
393 79.8 B 17.747 0.051
396 81.3 B 17.944 0.019
398 83.8 B 17.840 0.047
400 84.3 B 17.921 0.017
403 86.3 B 17.976 0.021
406 88.3 B 18.126 0.019
409 92.3 B 18.111 0.016
411 93.9 B 17.818 0.063
413 95.3 B 18.196 0.018
416 98.3 B 18.259 0.017
417 99.8 B 17.938 0.174
420 110.3 B 18.386 0.012
423 113.3 B 18.326 0.016
6 -8.5 I 14.879 0.007
15 -7.5 I 14.774 0.006
25 -6.9 I 14.662 0.029
29 -6.9 I 14.637 0.035
38 -6.5 I 14.650 0.006
60 -4.5 I 14.555 0.006
79 -1.8 I 14.453 0.030
116 3.2 I 14.608 0.054
129 5.2 I 14.708 0.030
170 11.2 I 15.102 0.039
178 12.1 I 15.171 0.035
210 19.1 I 15.180 0.031
219 20.5 I 15.226 0.013
228 21.5 I 15.253 0.008
232 22.1 I 15.106 0.059
243 23.2 I 15.070 0.041
250 23.5 I 15.206 0.009
257 24.5 I 15.206 0.023
273 27.1 I 15.117 0.072
281 27.6 I 15.075 0.009
285 28.2 I 14.995 0.036
293 29.1 I 14.998 0.041
323 35.6 I 15.267 0.013
336 38.6 I 15.414 0.306
346 43.6 I 15.721 0.022
359 50.6 I 16.021 0.018
5 -8.5 R 14.832 0.006
14 -7.5 R 14.709 0.006
24 -6.9 R 14.660 0.041
28 -6.9 R 14.609 0.032
37 -6.5 R 14.569 0.006
59 -4.5 R 14.397 0.005
78 -1.8 R 14.236 0.028
115 3.2 R 14.279 0.030
128 5.2 R 14.284 0.029
169 11.2 R 14.695 0.081
177 12.1 R 14.767 0.076
209 19.1 R 15.025 0.025
218 20.5 R 15.108 0.009
227 21.5 R 15.122 0.007
231 22.1 R 14.967 0.075
242 23.2 R 15.041 0.033
249 23.5 R 15.156 0.009
256 24.5 R 15.163 0.024
272 27.1 R 15.155 0.064
280 27.6 R 15.167 0.009
284 28.2 R 15.134 0.044
292 29.1 R 15.161 0.045
322 35.6 R 15.539 0.012
345 43.6 R 15.926 0.023
348 45.6 R 16.037 0.073
358 50.6 R 16.229 0.017
18 -7.1 U 14.285 0.027
21 -6.9 U 14.213 0.062
39 -6.2 U 14.173 0.026
46 -5.2 U 14.082 0.027
53 -4.5 U 14.030 0.027
67 -2.8 U 13.950 0.026
80 -1.6 U 13.967 0.028
89 -0.5 U 13.973 0.028
102 2.3 U 14.081 0.027
111 3.2 U 14.157 0.027
117 3.5 U 14.230 0.031
130 5.4 U 14.326 0.027
139 7.5 U 14.524 0.029
146 8.5 U 14.641 0.027
161 10.5 U 14.793 0.027
173 11.7 U 14.885 0.032
197 16.4 U 15.489 0.054
237 23.2 U 16.398 0.032
262 26.2 U 16.765 0.045
276 27.5 U 16.774 0.031
298 30.4 U 16.902 0.081
331 38.4 U 17.359 0.131
341 43.4 U 17.372 0.135
355 49.4 U 17.502 0.093
372 61.3 U 19.431 0.274
375 62.3 U 19.540 0.264
378 63.3 U 19.553 0.246
384 70.3 U 19.518 0.266
395 81.3 U 19.837 0.241
402 86.3 U 19.585 0.252
405 88.3 U 19.440 0.359
408 92.3 U 19.717 0.242
414 95.3 U 19.922 0.271
415 98.3 U 20.149 0.316
419 110.3 U 19.680 0.241
422 113.3 U 20.098 0.306
1 -8.6 V 15.085 0.025
3 -8.5 V 15.067 0.025
4 -8.5 V 14.915 0.005
8 -7.9 V 14.931 0.011
10 -7.5 V 14.879 0.013
12 -7.5 V 14.722 0.010
13 -7.5 V 14.771 0.005
17 -7.2 V 14.857 0.024
20 -7.1 V 14.799 0.014
23 -6.9 V 14.818 0.015
27 -6.9 V 14.724 0.027
31 -6.5 V 14.783 0.016
33 -6.5 V 14.797 0.014
35 -6.5 V 14.584 0.011
36 -6.5 V 14.668 0.006
41 -6.2 V 14.697 0.014
43 -6.0 V 14.701 0.020
45 -5.5 V 14.471 0.010
48 -5.2 V 14.608 0.014
50 -5.0 V 14.622 0.010
52 -4.6 V 14.584 0.022
55 -4.5 V 14.549 0.013
57 -4.5 V 14.591 0.012
58 -4.5 V 14.450 0.004
62 -4.0 V 14.505 0.010
64 -3.2 V 14.520 0.032
66 -3.0 V 14.483 0.010
69 -2.8 V 14.443 0.013
71 -2.5 V 14.476 0.022
73 -2.5 V 14.438 0.010
75 -2.0 V 14.435 0.010
77 -1.8 V 14.406 0.045
82 -1.6 V 14.391 0.014
84 -1.5 V 14.281 0.010
86 -1.3 V 14.430 0.023
88 -0.9 V 14.393 0.012
91 -0.5 V 14.338 0.014
93 -0.5 V 14.388 0.018
95 -0.4 V 14.255 0.010
97 -0.2 V 14.385 0.012
99 0.0 V 14.376 0.009
101 0.6 V 14.258 0.010
104 2.3 V 14.383 0.014
106 1.5 V 14.275 0.009
108 2.5 V 14.290 0.009
110 2.6 V 14.413 0.010
113 3.2 V 14.398 0.013
114 3.2 V 14.400 0.104
119 3.5 V 14.411 0.013
121 3.5 V 14.279 0.009
123 4.0 V 14.439 0.013
125 4.6 V 14.476 0.013
127 5.2 V 14.424 0.025
132 5.4 V 14.455 0.013
134 5.9 V 14.507 0.011
136 6.5 V 14.540 0.014
138 6.5 V 14.382 0.009
141 7.5 V 14.550 0.014
143 7.5 V 14.432 0.008
145 8.1 V 14.597 0.015
148 8.5 V 14.599 0.014
150 8.5 V 14.465 0.009
152 9.0 V 14.635 0.016
154 9.5 V 14.689 0.012
156 9.5 V 14.507 0.009
158 9.7 V 14.660 0.026
160 10.0 V 14.648 0.010
163 10.5 V 14.726 0.015
165 10.6 V 14.745 0.019
167 10.9 V 14.758 0.012
168 11.2 V 14.649 0.126
172 11.5 V 14.618 0.010
175 11.7 V 14.769 0.017
176 12.1 V 14.809 0.076
180 12.4 V 14.841 0.026
182 12.5 V 14.856 0.013
184 12.5 V 14.711 0.011
186 12.9 V 14.860 0.011
188 13.5 V 14.872 0.026
190 13.5 V 14.790 0.013
192 14.0 V 14.963 0.022
194 15.9 V 15.058 0.016
196 16.0 V 14.977 0.015
199 16.4 V 15.035 0.021
201 16.5 V 15.062 0.034
204 17.5 V 15.113 0.031
206 19.0 V 15.161 0.013
208 19.1 V 15.127 0.068
212 19.5 V 15.137 0.043
214 19.5 V 15.216 0.023
216 19.8 V 15.196 0.011
217 20.5 V 15.156 0.008
221 20.7 V 15.180 0.039
223 21.5 V 15.233 0.041
225 21.5 V 15.287 0.033
226 21.5 V 15.200 0.006
230 22.1 V 15.236 0.041
234 22.4 V 15.228 0.010
236 22.8 V 15.350 0.011
239 23.2 V 15.361 0.015
241 23.2 V 15.303 0.035
245 23.4 V 15.304 0.010
247 23.5 V 15.375 0.035
248 23.5 V 15.297 0.008
252 23.9 V 15.379 0.011
254 24.5 V 15.372 0.045
255 24.5 V 15.338 0.016
259 25.0 V 15.444 0.011
261 26.1 V 15.473 0.016
265 26.4 V 15.504 0.055
267 26.5 V 15.486 0.010
270 27.0 V 15.549 0.016
271 27.1 V 15.482 0.103
275 27.4 V 15.477 0.011
278 27.5 V 15.549 0.015
279 27.6 V 15.481 0.009
283 28.2 V 15.529 0.023
287 28.4 V 15.561 0.011
289 29.0 V 15.666 0.026
291 29.1 V 15.572 0.035
295 29.4 V 15.600 0.011
297 29.9 V 15.673 0.015
300 30.4 V 15.718 0.015
302 30.4 V 15.672 0.012
303 30.6 V 15.601 0.013
305 31.4 V 15.768 0.012
307 32.4 V 15.847 0.012
309 32.8 V 15.876 0.015
311 33.4 V 15.878 0.015
314 33.8 V 15.941 0.014
316 34.4 V 15.868 0.013
318 34.4 V 15.866 0.010
320 35.3 V 15.968 0.012
321 35.6 V 15.884 0.011
325 35.9 V 16.047 0.021
327 36.8 V 16.068 0.013
330 37.9 V 16.137 0.018
333 38.4 V 16.152 0.021
335 38.4 V 16.117 0.013
338 39.4 V 16.205 0.015
340 40.4 V 16.239 0.015
343 43.4 V 16.272 0.051
344 43.6 V 16.276 0.021
347 45.6 V 16.298 0.054
350 47.0 V 16.459 0.019
352 48.0 V 16.507 0.028
354 49.0 V 16.584 0.028
356 49.4 V 16.482 0.028
357 50.6 V 16.445 0.016
361 52.4 V 16.593 0.013
363 57.3 V 16.761 0.011
365 58.0 V 16.831 0.101
367 58.3 V 16.759 0.012
369 59.4 V 16.768 0.011
371 60.4 V 16.731 0.011
374 61.3 V 16.826 0.013
377 62.3 V 16.857 0.024
380 63.3 V 16.933 0.016
382 65.8 V 16.908 0.039
386 70.3 V 17.030 0.019
388 70.9 V 17.054 0.041
389 71.8 V 17.122 0.039
391 73.8 V 17.115 0.127
392 79.3 V 17.279 0.011
394 79.8 V 17.282 0.039
397 81.3 V 17.326 0.016
399 83.8 V 17.384 0.042
401 84.3 V 17.332 0.014
404 86.3 V 17.398 0.016
407 88.3 V 17.545 0.017
410 92.3 V 17.587 0.016
412 93.9 V 17.550 0.056
418 99.8 V 17.739 0.080
421 110.3 V 17.921 0.010
424 113.3 V 18.011 0.015
